28455 741
28456 11
28457 1359
28458 12
28459 52
28460 2667
28461 741
28462 741
28463 104
28464 1397
28465 1397
28466 104
28467 1278
28468 1397
28469 146
28470 104
28471 104
28472 146
28473 146
28474 741
28475 146
28476 146
28477 146
28478 146
28479 146
28480 741
28481 104
28482 741
28483 146
28484 146
28485 146
28486 146
28487 741
28488 104
28489 11
28490 146
28491 146
28492 112
28493 146
28494 146
28495 23
28496 163
28497 146
28498 146
28499 146
28500 204
28501 146
28502 146
28503 146
28504 146
28505 184
28506 52
28507 741
28508 104
28509 214
28510 146
28511 741
28512 146
28513 2233
28514 1138
28515 1397
28516 1278
28517 163
28518 741
28519 146
28520 52
28521 146
28522 146
28523 1295
28524 163
28525 163
28526 1278
28527 1397
28528 146
28529 741
28530 2220
28531 11
28532 52
28533 146
28534 27
28535 1266
28536 52
28537 146
28538 27
28539 741
28540 1160
28541 741
28542 1978
28543 101
28544 1397
28545 1397
28546 11
28547 741
28548 10
28549 741
28550 1861
28551 163
28552 104
28553 146
28554 1138
28555 146
28556 146
28557 741
28558 741
28559 295
28560 146
28561 741
28562 2646
28563 104
28564 2540
28565 146
28566 741
28567 146
28568 1968
28569 69
28570 146
28571 146
28572 146
28573 163
28574 104
28575 1387
28576 741
28577 163
28578 146
28579 2211
28580 146
28581 146
28582 741
28583 146
28584 146
28585 741
28586 146
28587 146
28588 146
28589 104
28590 53
28591 2250
28592 146
28593 104
28594 2426
28595 146
28596 1397
28597 741
28598 146
28599 1359
28600 741
28601 146
28602 104
28603 295
28604 146
28605 1160
28606 146
28607 741
28608 2233
28609 1160
28610 741
28611 1359
28612 2250
28613 741
28614 146
28615 146
28616 741
28617 11
28618 146
28619 11
28620 1359
28621 39
28622 2426
28623 52
28624 146
28625 146
28626 146
28627 146
28628 295
28629 1295
28630 146
28631 1278
28632 146
28633 146
28634 146
28635 146
28636 146
28637 146
28638 146
28639 146
28640 146
28641 146
28642 146
28643 1359
28644 146
28645 146
28646 146
28647 2439
28648 741
28649 146
28650 146
28651 146
28652 146
28653 3
28654 146
28655 146
28656 146
28657 146
28658 146
28659 52
28660 146
28661 741
28662 184
28663 1966
28664 146
28665 146
28666 146
28667 146
28668 146
28669 146
28670 1387
28671 104
28672 146
28673 146
28674 146
28675 104
28676 146
28677 104
28678 146
28679 163
28680 146
28681 1861
28682 2210
28683 146
28684 146
28685 146
28686 146
28687 146
28688 146
28689 295
28690 2244
28691 2426
28692 11
28693 104
28694 163
28695 1397
28696 146
28697 2426
28698 146
28699 104
28700 2244
28701 104
28702 1110
28703 2439
28704 146
28705 146
28706 146
28707 146
28708 1143
28709 1966
28710 146
28711 146
28712 295
28713 741
28714 146
28715 741
28716 146
28717 146
28718 741
28719 146
28720 1397
28721 2186
28722 1138
28723 1138
28724 146
28725 52
28726 2426
28727 146
28728 2426
28729 104
28730 1463
28731 1387
28732 104
28733 104
28734 2186
28735 2426
28736 295
28737 146
28738 146
28739 104
28740 104
28741 146
28742 146
28743 104
28744 146
28745 2426
28746 146
28747 11
28748 10
28749 146
28750 146
28751 146
28752 146
28753 1397
28754 146
28755 2426
28756 11
28757 146
28758 1929
28759 163
28760 104
28761 2426
28762 1397
28763 146
28764 104
28765 146
28766 146
28767 1359
28768 52
28769 2426
28770 741
28771 1138
28772 146
28773 1143
28774 104
28775 1387
28776 146
28777 184
28778 1359
28779 146
28780 146
28781 69
28782 163
28783 1938
28784 146
28785 1696
28786 272
28787 146
28788 2426
28789 146
28790 1138
28791 146
28792 146
28793 741
28794 146
28795 1953
28796 104
28797 146
28798 741
28799 146
28800 741
28801 10
28802 741
28803 104
28804 146
28805 146
28806 52
28807 163
28808 146
28809 2426
28810 146
28811 11
28812 295
28813 295
28814 10
28815 1359
28816 146
28817 146
28818 184
28819 741
28820 2250
28821 2250
28822 146
28823 1463
28824 146
28825 741
28826 2426
28827 11
28828 741
28829 69
28830 2236
28831 741
28832 146
28833 146
28834 1143
28835 146
28836 146
28837 146
28838 146
28839 146
28840 146
28841 146
28842 146
28843 146
28844 146
28845 146
28846 146
28847 146
28848 104
28849 146
28850 146
28851 146
28852 146
28853 146
28854 146
28855 69
28856 146
28857 146
28858 1138
28859 1397
28860 1397
28861 146
28862 146
28863 146
28864 1953
28865 2220
28866 52
28867 104
28868 146
28869 1397
28870 146
28871 146
28872 146
28873 1138
28874 146
28875 741
28876 1397
28877 146
28878 146
28879 146
28880 146
28881 146
28882 12
28883 146
28884 146
28885 146
28886 1359
28887 1359
28888 295
28889 146
28890 146
28891 146
28892 146
28893 295
28894 2426
28895 146
28896 146
28897 146
28898 1857
28899 146
28900 146
28901 146
28902 52
28903 1387
28904 146
28905 2426
28906 1387
28907 1387
28908 1387
28909 146
28910 1387
28911 12
28912 146
28913 2426
28914 295
28915 741
28916 1138
28917 2426
28918 2439
28919 1387
28920 2220
28921 2426
28922 1138
28923 146
28924 146
28925 146
28926 146
28927 134
28928 146
28929 2426
28930 52
28931 146
28932 104
28933 146
28934 104
28935 146
28936 146
28937 741
28938 11
28939 741
28940 146
28941 146
28942 146
28943 146
28944 146
28945 1397
28946 146
28947 146
28948 741
28949 146
28950 146
28951 146
28952 52
28953 1397
28954 2426
28955 146
28956 146
28957 1141
28958 2426
28959 146
28960 1978
28961 146
28962 146
28963 146
28964 146
28965 741
28966 146
28967 146
28968 741
28969 52
28970 146
28971 146
28972 1380
28973 146
28974 104
28975 146
28976 146
28977 146
28978 104
28979 82
28980 146
28981 56
28982 1397
28983 295
28984 146
28985 1138
28986 1122
28987 146
28988 163
28989 146
28990 146
28991 146
28992 1966
28993 146
28994 741
28995 146
28996 1359
28997 3
28998 146
28999 146
29000 5
29001 146
29002 2426
29003 2426
29004 146
29005 146
29006 2426
29007 146
29008 741
29009 146
29010 1122
29011 146
29012 146
29013 741
29014 146
29015 146
29016 146
29017 1966
29018 1966
29019 104
29020 2211
29021 52
29022 146
29023 146
29024 741
29025 146
29026 146
29027 146
29028 146
29029 1966
29030 146
29031 146
29032 104
29033 146
29034 1138
29035 1966
29036 146
29037 146
29038 146
29039 104
29040 2250
29041 146
29042 2595
29043 146
29044 1979
29045 1937
29046 146
29047 146
29048 146
29049 146
29050 146
29051 1068
29052 1138
29053 741
29054 146
29055 11
29056 146
29057 146
29058 52
29059 146
29060 146
29061 146
29062 1160
29063 146
29064 146
29065 31
29066 1359
29067 146
29068 146
29069 146
29070 146
29071 146
29072 11
29073 146
29074 146
29075 146
29076 1463
29077 146
29078 741
29079 1359
29080 146
29081 741
29082 146
29083 146
29084 146
29085 741
29086 104
29087 1463
29088 104
29089 146
29090 146
29091 146
29092 146
29093 146
29094 146
29095 146
29096 104
29097 146
29098 1138
29099 146
29100 146
29101 2426
29102 741
29103 1138
29104 146
29105 2566
29106 146
29107 146
29108 146
29109 146
29110 11
29111 146
29112 104
29113 146
29114 146
29115 741
29116 146
29117 3
29118 100
29119 146
29120 1138
29121 52
29122 741
29123 146
29124 146
29125 741
29126 1138
29127 146
29128 1138
29129 741
29130 146
29131 2220
29132 1387
29133 146
29134 1387
29135 1122
29136 1387
29137 1978
29138 741
29139 52
29140 146
29141 69
29142 104
29143 146
29144 2266
29145 146
29146 1266
29147 11
29148 1966
29149 1138
29150 146
29151 1266
29152 146
29153 272
29154 146
29155 146
29156 146
29157 146
29158 1359
29159 104
29160 146
29161 2567
29162 104
29163 11
29164 204
29165 53
29166 146
29167 52
29168 104
29169 104
29170 104
29171 104
29172 104
29173 104
29174 104
29175 104
29176 104
29177 104
29178 104
29179 104
29180 104
29181 146
29182 146
29183 104
29184 104
29185 104
29186 104
29187 104
29188 104
29189 104
29190 104
29191 104
29192 104
29193 104
29194 104
29195 1138
29196 104
29197 104
29198 104
29199 146
29200 2650
29201 104
29202 104
29203 146
29204 104
29205 104
29206 146
29207 104
29208 104
29209 741
29210 104
29211 104
29212 104
29213 104
29214 104
29215 104
29216 2426
29217 104
29218 104
29219 104
29220 104
29221 104
29222 146
29223 104
29224 104
29225 104
29226 104
29227 104
29228 104
29229 146
29230 104
29231 2426
29232 104
29233 104
29234 146
29235 104
29236 104
29237 104
29238 104
29239 104
29240 104
29241 104
29242 104
29243 2567
29244 146
29245 146
29246 146
29247 104
29248 146
29249 295
29250 146
29251 146
29252 146
29253 104
29254 104
29255 104
29256 146
29257 104
29258 104
29259 104
29260 1359
29261 146
29262 741
29263 1387
29264 104
29265 104
29266 104
29267 104
29268 104
29269 146
29270 104
29271 146
29272 104
29273 104
29274 104
29275 104
29276 104
29277 11
29278 146
29279 104
29280 104
29281 146
29282 146
29283 146
29284 104
29285 1397
29286 4
29287 2567
29288 27
29289 1138
29290 104
29291 146
29292 1359
29293 146
29294 2211
29295 104
29296 2676
29297 104
29298 146
29299 53
29300 11
29301 2676
29302 146
29303 146
29304 104
29305 104
29306 53
29307 104
29308 104
29309 146
29310 146
29311 2567
29312 146
29313 2403
29314 104
29315 146
29316 104
29317 146
29318 146
29319 104
29320 146
29321 146
29322 104
29323 104
29324 11
29325 104
29326 104
29327 146
29328 2250
29329 104
29330 104
29331 104
29332 1359
29333 104
29334 146
29335 104
29336 52
29337 146
29338 104
29339 1380
29340 146
29341 104
29342 1953
29343 146
29344 2211
29345 65
29346 146
29347 1978
29348 146
29349 146
29350 1953
29351 104
29352 146
29353 146
29354 104
29355 741
29356 146
29357 104
29358 146
29359 104
29360 104
29361 2567
29362 2567
29363 104
29364 104
29365 146
29366 3
29367 11
29368 104
29369 204
29370 1359
29371 1143
29372 146
29373 1143
29374 104
29375 104
29376 2567
29377 741
29378 2567
29379 146
29380 741
29381 146
29382 104
29383 741
29384 104
29385 2567
29386 11
29387 2479
29388 104
29389 295
29390 2439
29391 104
29392 741
29393 146
29394 104
29395 104
29396 146
29397 741
29398 104
29399 104
29400 104
29401 104
29402 741
29403 1359
29404 104
29405 1143
29406 104
29407 2266
29408 104
29409 104
29410 1160
29411 146
29412 104
29413 295
29414 741
29415 2567
29416 104
29417 146
29418 2651
29419 1380
29420 104
29421 146
29422 104
29423 104
29424 104
29425 104
29426 2567
29427 146
29428 295
29429 104
29430 146
29431 146
29432 104
29433 295
29434 104
29435 2426
29436 741
29437 104
29438 741
29439 146
29440 146
29441 2250
29442 52
29443 1113
29444 2439
29445 104
29446 146
29447 146
29448 295
29449 2567
29450 104
29451 104
29452 146
29453 146
29454 104
29455 146
29456 2567
29457 104
29458 1138
29459 11
29460 1979
29461 2220
29462 104
29463 146
29464 741
29465 146
29466 104
29467 146
29468 146
29469 104
29470 146
29471 104
29472 2426
29473 104
29474 146
29475 146
29476 741
29477 11
29478 295
29479 146
29480 741
29481 146
29482 146
29483 146
29484 2567
29485 295
29486 295
29487 741
29488 146
29489 2426
29490 295
29491 2426
29492 146
29493 146
29494 146
29495 1359
29496 146
29497 163
29498 1359
29499 146
29500 11
29501 104
29502 53
29503 741
29504 1359
29505 1968
29506 11
29507 104
29508 2567
29509 146
29510 146
29511 1359
29512 146
29513 11
29514 146
29515 146
29516 146
29517 11
29518 146
29519 1978
29520 104
29521 104
29522 146
29523 104
29524 104
29525 104
29526 146
29527 741
29528 295
29529 104
29530 2567
29531 11
29532 1387
29533 146
29534 146
29535 104
29536 295
29537 146
29538 104
29539 295
29540 295
29541 104
29542 146
29543 104
29544 104
29545 104
29546 1953
29547 104
29548 104
29549 295
29550 146
29551 146
29552 104
29553 146
29554 741
29555 741
29556 2439
29557 741
29558 1387
29559 146
29560 146
29561 11
29562 12
29563 295
29564 2233
29565 104
29566 146
29567 104
29568 741
29569 146
29570 1109
29571 11
29572 1359
29573 11
29574 295
29575 104
29576 2233
29577 146
29578 104
29579 2567
29580 104
29581 741
29582 104
29583 2439
29584 104
29585 146
29586 1160
29587 104
29588 146
29589 146
29590 741
29591 11
29592 104
29593 146
29594 146
29595 104
29596 146
29597 146
29598 104
29599 146
29600 146
29601 104
29602 146
29603 1487
29604 104
29605 30
29606 104
29607 146
29608 2210
29609 204
29610 146
29611 146
29612 146
29613 104
29614 146
29615 741
29616 1113
29617 146
29618 146
29619 146
29620 2439
29621 146
29622 146
29623 104
29624 146
29625 146
29626 146
29627 104
29628 146
29629 146
29630 146
29631 146
29632 104
29633 146
29634 146
29635 104
29636 146
29637 1408
29638 104
29639 104
29640 104
29641 11
29642 2439
29643 146
29644 146
29645 146
29646 146
29647 146
29648 104
29649 146
29650 146
29651 1387
29652 146
29653 27
29654 146
29655 146
29656 146
29657 11
29658 146
29659 146
29660 146
29661 146
29662 146
29663 53
29664 104
29665 146
29666 146
29667 11
29668 104
29669 146
29670 146
29671 146
29672 2439
29673 146
29674 104
29675 1143
29676 104
29677 146
29678 146
29679 146
29680 146
29681 2566
29682 146
29683 1359
29684 2439
29685 146
29686 163
29687 104
29688 741
29689 295
29690 146
29691 741
29692 146
29693 295
29694 267
29695 134
29696 1380
29697 2439
29698 146
29699 146
29700 146
29701 146
29702 104
29703 11
29704 2439
29705 1387
29706 146
29707 146
29708 146
29709 163
29710 2652
29711 11
29712 104
29713 146
29714 104
29715 295
29716 741
29717 104
29718 146
29719 146
29720 104
29721 104
29722 146
29723 146
29724 146
29725 2250
29726 104
29727 2567
29728 104
29729 146
29730 2439
29731 104
29732 741
29733 146
29734 295
29735 104
29736 11
29737 146
29738 146
29739 1143
29740 69
29741 26
29742 1387
29743 104
29744 741
29745 146
29746 104
29747 2426
29748 104
29749 146
29750 146
29751 146
29752 146
29753 104
29754 146
29755 104
29756 295
29757 146
29758 146
29759 146
29760 146
29761 146
29762 2439
29763 146
29764 146
29765 2439
29766 146
29767 1295
29768 741
29769 146
29770 146
29771 104
29772 741
29773 741
29774 2439
29775 741
29776 295
29777 104
29778 146
29779 188
29780 146
29781 2186
29782 104
29783 741
29784 146
29785 104
29786 146
29787 100
29788 146
29789 146
29790 146
29791 11
29792 1138
29793 104
29794 1295
29795 104
29796 104
29797 295
29798 146
29799 146
29800 104
29801 146
29802 146
29803 146
29804 741
29805 2653
29806 741
29807 146
29808 1953
29809 146
29810 741
29811 146
29812 146
29813 741
29814 104
29815 1109
29816 104
29817 146
29818 741
29819 146
29820 104
29821 146
29822 146
29823 146
29824 146
29825 1138
29826 104
29827 146
29828 146
29829 104
29830 146
29831 1359
29832 146
29833 146
29834 741
29835 146
29836 2567
29837 1113
29838 2567
29839 1295
29840 2567
29841 146
29842 146
29843 104
29844 104
29845 146
29846 741
29847 258
29848 2426
29849 146
29850 146
29851 146
29852 146
29853 146
29854 1138
29855 45
29856 1937
29857 295
29858 11
29859 146
29860 104
29861 146
29862 52
29863 146
29864 146
29865 11
29866 295
29867 2567
29868 104
29869 1138
29870 146
29871 146
29872 1138
29873 146
29874 146
29875 146
29876 146
29877 146
29878 146
29879 146
29880 146
29881 11
29882 2439
29883 146
29884 2250
29885 2413
29886 741
29887 295
29888 27
29889 104
29890 1143
29891 2567
29892 146
29893 104
29894 184
29895 2573
29896 27
29897 146
29898 146
29899 2573
29900 1953
29901 146
29902 146
29903 11
29904 2573
29905 146
29906 2573
29907 1359
29908 1138
29909 2573
29910 1387
29911 1138
29912 1359
29913 11
29914 2426
29915 741
29916 134
29917 2573
29918 104
29919 2573
29920 146
29921 2573
29922 146
29923 2573
29924 2573
29925 146
29926 295
29927 146
29928 52
29929 18
29930 1968
29931 1143
29932 1138
29933 1138
29934 146
29935 146
29936 146
29937 146
29938 2567
29939 146
29940 2439
29941 104
29942 741
29943 146
29944 146
29945 1380
29946 146
29947 52
29948 1138
29949 146
29950 163
29951 134
29952 104
29953 146
29954 2567
29955 146
29956 741
29957 2439
29958 131
29959 2667
29960 104
29961 295
29962 146
29963 146
29964 741
29965 146
29966 104
29967 1138
29968 104
29969 104
29970 52
29971 1143
29972 104
29973 104
29974 1138
29975 104
29976 104
29977 146
29978 146
29979 134
29980 146
29981 146
29982 295
29983 146
29984 741
29985 2263
29986 2654
29987 741
29988 104
29989 2426
29990 295
29991 741
29992 2426
29993 295
29994 104
29995 104
29996 741
29997 272
29998 1397
29999 104
30000 1138
30001 1380
30002 102
30003 2557
30004 104
30005 1138
30006 104
30007 146
30008 2426
30009 2426
30010 2250
30011 146
30012 163
30013 146
30014 104
30015 104
30016 146
30017 146
30018 741
30019 1359
30020 146
30021 295
30022 1397
30023 146
30024 146
30025 146
30026 272
30027 1359
30028 1387
30029 104
30030 2250
30031 241
30032 146
30033 741
30034 146
30035 1397
30036 104
30037 741
30038 146
30039 741
30040 104
30041 295
30042 1380
30043 11
30044 77
30045 104
30046 146
30047 104
30048 2439
30049 2439
30050 2439
30051 741
30052 2439
30053 60
30054 104
30055 146
30056 104
30057 104
30058 104
30059 11
30060 104
30061 1387
30062 1295
30063 11
30064 204
30065 163
30066 1397
30067 295
30068 1397
30069 1138
30070 104
30071 104
30072 2439
30073 2567
30074 1138
30075 146
30076 146
30077 11
30078 2430
30079 146
30080 2250
30081 741
30082 1359
30083 1143
30084 146
30085 2567
30086 2567
30087 295
30088 146
30089 146
30090 1397
30091 1295
30092 104
30093 2567
30094 146
30095 104
30096 146
30097 11
30098 104
30099 12
30100 104
30101 146
30102 104
30103 204
30104 104
30105 104
30106 146
30107 104
30108 104
30109 146
30110 104
30111 1387
30112 146
30113 104
30114 104
30115 741
30116 11
30117 146
30118 1160
30119 741
30120 2567
30121 146
30122 104
30123 2211
30124 146
30125 1359
30126 104
30127 2426
30128 104
30129 146
30130 131
30131 741
30132 2439
30133 1143
30134 146
30135 11
30136 146
30137 2655
30138 104
30139 146
30140 104
30141 146
30142 2656
30143 2439
30144 741
30145 104
30146 104
30147 146
30148 146
30149 295
30150 104
30151 104
30152 295
30153 295
30154 52
30155 146
30156 741
30157 146
30158 27
30159 741
30160 1857
30161 102
30162 1359
30163 1143
30164 146
30165 104
30166 2566
30167 741
30168 33
30169 204
30170 11
30171 1387
30172 1359
30173 741
30174 2567
30175 741
30176 163
30177 1359
30178 1979
30179 2439
30180 18
30181 146
30182 1359
30183 146
30184 1359
30185 146
30186 774
30187 741
30188 52
30189 1359
30190 104
30191 57
30192 2250
30193 1160
30194 1359
30195 2439
30196 104
30197 52
30198 104
30199 2567
30200 2595
30201 146
30202 2263
30203 1138
30204 163
30205 146
30206 104
30207 741
30208 146
30209 1154
30210 2658
30211 2659
30212 295
30213 741
30214 1359
30215 2211
30216 1143
30217 134
30218 741
30219 295
30220 104
30221 1359
30222 146
30223 146
30224 2660
30225 11
30226 1387
30227 104
30228 146
30229 146
30230 2211
30231 65
30232 741
30233 11
30234 146
30235 2263
30236 146
30237 1387
30238 11
30239 146
30240 52
30241 11
30242 2211
30243 741
30244 1266
30245 741
30246 163
30247 104
30248 11
30249 1359
30250 59
30251 104
30252 146
30253 1130
30254 741
30255 1359
30256 1387
30257 163
30258 163
30259 741
30260 741
30261 295
30262 2661
30263 1937
30264 104
30265 104
30266 104
30267 1387
30268 146
30269 741
30270 1288
30271 131
30272 104
30273 11
30274 1143
30275 163
30276 1380
30277 104
30278 2439
30279 1359
30280 163
30281 104
30282 12
30283 146
30284 1857
30285 2567
30286 1978
30287 295
30288 104
30289 104
30290 25
30291 1978
30292 1978
30293 741
30294 2426
30295 204
30296 146
30297 1387
30298 104
30299 741
30300 295
30301 741
30302 1978
30303 104
30304 2211
30305 104
30306 146
30307 146
30308 1387
30309 146
30310 2439
30311 104
30312 104
30313 11
30314 272
30315 1857
30316 1127
30317 1463
30318 52
30319 1397
30320 163
30321 146
30322 2567
