10882 740
9373 658
623 512
7656 529
8945 658
1636 658
4141 658
1886 742
3722 658
9111 529
11071 745
8551 744
1253 745
1344 745
7622 658
9261 9
10440 658
835 740
891 745
239 745
8369 529
10893 529
384 9
2559 745
9499 529
318 745
5552 529
9179 658
5007 745
7361 740
4307 740
1649 740
953 740
5226 658
11037 529
3242 745
11090 9
4471 658
9023 745
354 745
1159 745
1526 658
10587 740
6380 529
4036 745
9644 658
9035 740
1368 658
9238 529
6728 744
659 740
3803 518
4214 529
6341 658
10196 750
3892 745
6187 658
5564 658
168 529
2123 740
8943 744
6057 740
7146 740
9387 658
2307 750
2927 752
7186 658
6970 658
5660 516
4076 745
4182 745
1243 740
9538 658
10379 754
3008 658
6146 658
9770 740
5680 658
3693 745
5455 529
8525 740
4813 744
3338 658
10850 750
2396 745
10042 658
4524 658
10929 658
8907 658
7932 658
5710 520
4989 745
4712 818
10905 740
2148 745
1562 745
2700 529
9748 658
8898 9
9147 658
3855 658
7398 529
6555 745
3215 529
3158 745
7822 512
6182 744
6033 658
708 750
1443 740
4001 744
8281 529
7895 658
1395 529
1173 740
6676 658
5864 658
9827 740
9743 658
2057 12
7160 658
7620 740
8637 529
2457 658
1838 745
3195 658
2009 658
2222 658
3022 658
6000 658
5137 745
8129 516
8107 658
5215 529
5326 658
4680 658
1514 744
1705 740
4602 745
10728 658
1843 740
4504 658
3113 750
4313 745
10962 514
9152 658
4959 658
6304 529
8935 740
5640 529
9209 529
5486 658
6007 819
7468 744
9256 759
5247 744
6701 744
3362 658
6720 740
7445 740
9311 740
7907 740
5164 745
5227 658
9027 744
3611 740
6217 658
5625 740
3240 529
6395 658
392 760
3551 529
1628 512
5950 742
1422 745
8449 658
9816 658
8483 745
8938 740
959 744
6239 658
6207 740
4198 658
5832 658
2761 658
3987 744
1263 820
3201 740
3925 658
9732 821
4745 745
4719 744
9881 744
5260 658
2977 745
5148 658
2813 745
10714 750
8683 658
10526 658
3900 658
5886 658
8370 658
2070 745
10211 752
10671 658
10495 529
3021 745
4058 744
5162 740
8117 750
6070 658
10108 740
6618 658
8453 658
348 745
8468 658
8094 744
5599 512
1621 658
2815 658
6636 658
7659 16
5868 658
8736 512
3692 658
10555 529
9244 744
4298 658
10405 740
2736 745
6786 740
4621 740
7236 529
2257 658
960 744
2327 745
6474 658
690 529
8817 658
8517 740
4894 658
1511 658
6083 9
7977 658
7582 658
1276 658
4273 658
5102 658
7810 740
9044 658
4055 740
2111 745
5082 745
9926 658
8235 765
8973 658
9033 658
3297 529
1733 658
6175 9
5062 745
283 740
8201 658
3313 658
3102 529
3119 745
6824 745
1769 742
2839 745
729 740
8484 658
8508 658
8933 740
1759 822
4314 744
2367 658
2162 658
4960 745
4477 741
1587 658
5638 658
10256 658
7615 658
6619 740
6711 740
7479 658
10408 658
7320 658
2564 745
8242 512
6155 9
8406 658
5901 658
6856 745
3536 658
3958 745
4897 658
3836 745
9332 658
3589 658
2158 745
7190 658
1879 658
4277 529
5136 740
3685 823
2610 658
1903 658
9337 658
6289 744
8366 658
3167 658
175 750
1169 658
5240 644
10537 745
6539 740
8486 740
8982 658
5238 658
6835 658
7745 740
161 740
1585 744
10219 742
4747 658
1210 658
9980 658
4230 740
5235 745
1053 658
1933 529
5418 658
4138 658
9462 744
848 518
5188 745
7792 658
8412 529
3868 745
8638 658
6617 529
7189 740
6695 740
6232 658
4916 745
9930 9
8609 658
7161 745
5480 658
8862 658
265 765
10912 529
5560 658
5224 658
2994 658
2300 658
4033 658
8650 740
4396 745
10621 658
7886 658
1666 658
1681 740
9233 529
7467 750
6287 658
10508 740
5388 740
8264 744
2518 658
10805 750
4542 529
8720 658
5069 658
3459 745
2863 744
1698 658
2483 740
2124 512
1491 658
1868 12
4337 12
2424 658
922 745
5501 658
5769 740
983 529
10906 658
6909 529
11003 744
9003 658
2482 658
11072 658
9268 740
3266 750
1800 658
3602 658
4884 653
9353 658
7738 658
2399 740
2503 745
8669 658
5766 658
6153 740
4526 745
5362 658
10879 740
7542 658
7162 658
4753 658
4085 529
4344 658
3780 658
1605 745
7565 658
10185 658
4836 658
7171 740
3437 658
8565 658
9514 745
7858 658
9382 740
2536 658
6119 658
1976 824
7731 765
8097 658
1292 745
9375 745
2936 658
2494 765
3777 754
8958 9
8078 658
2647 658
3066 740
10316 529
7229 740
6858 744
3534 658
7846 738
5107 742
9508 529
1357 658
3301 658
10202 658
5077 742
2405 740
1822 658
1834 658
9746 658
9219 658
2821 658
3199 529
5453 658
2022 738
3758 745
294 745
7941 658
6997 744
6622 529
1452 529
6503 740
9270 658
6411 658
3566 744
7175 740
972 529
8346 744
10724 658
6584 658
9461 658
3531 658
1589 658
10592 658
9907 658
4647 658
5468 740
2504 658
9088 658
3456 744
9589 658
4483 658
2663 658
10979 658
6805 529
7757 658
3392 745
10611 658
6006 529
81 745
2359 529
9208 658
4209 759
3438 745
264 750
2590 658
3702 740
3961 745
1972 658
8719 744
441 744
5812 658
10871 740
10796 658
2517 653
3653 658
3204 740
7191 653
1396 740
2524 745
4187 658
5173 744
6660 658
10753 744
2168 658
7027 744
1279 760
6819 658
6147 740
9014 740
1995 745
3841 740
3839 745
3232 658
5087 759
7555 765
1859 658
910 745
4309 745
5024 529
8343 744
5591 658
8229 658
9496 745
4903 529
10707 658
5403 658
7425 740
7325 529
2687 529
9345 658
1638 745
3565 740
5318 658
6752 512
5076 658
6069 745
911 745
6809 518
6865 658
1110 658
7903 740
2937 658
5548 658
1313 740
3347 740
10136 740
83 740
661 745
8095 740
4588 744
1516 658
7327 740
3775 745
5759 12
6592 658
3064 658
4455 740
6263 740
826 745
3381 658
9194 738
5301 745
5568 512
8592 658
2827 744
3230 658
9757 658
8824 740
2028 658
1646 9
6836 512
8388 529
8429 744
2110 745
4734 658
3074 658
7938 658
2652 658
6914 738
10619 740
2502 745
6678 9
7200 658
8685 658
9630 658
1406 658
852 740
7877 658
26 745
4601 658
9069 825
1039 745
8447 658
9159 658
4116 759
2163 745
10179 658
1273 658
710 529
5231 658
9352 658
6521 529
3339 658
3505 740
7507 658
3698 740
9912 744
5971 658
4509 658
9835 740
2571 745
10002 658
2828 750
3317 658
5662 740
10633 529
7022 744
3713 658
6710 658
7475 658
3809 658
7802 826
7786 658
1309 12
7902 658
10533 9
6059 658
3608 529
1218 658
9377 750
5023 658
115 745
2254 745
3532 745
6107 647
9021 658
2086 529
143 9
9091 740
9046 658
6515 658
4287 745
3577 745
7716 745
5354 658
4208 529
9861 658
8263 740
5036 658
10636 740
1864 658
9558 827
7292 765
6116 529
1433 658
1975 658
1881 658
1749 750
9422 740
6983 658
2273 745
1573 658
1691 529
3351 658
3386 658
1120 658
10830 658
3835 658
6154 658
10792 658
2755 745
2902 745
589 745
6702 658
5665 658
6412 512
494 828
3146 9
5734 658
4926 516
