1 0
2 1
3 2
4 3
5 4
6 36
7 25
8 72
9 8
10 26
11 10
12 11
13 12
14 10
15 36
16 15
17 16
18 45
19 18
20 43
21 20
22 21
23 22
24 23
25 29
26 25
27 26
28 27
29 21
30 29
31 25
32 20
33 30
34 31
35 32
36 30
37 52
38 25
39 22
40 90
41 36
42 37
43 38
44 39
45 11
46 18
47 41
48 42
49 43
50 44
51 72
52 86
53 27
54 42
55 43
56 12
57 47
58 48
59 42
60 49
61 20
62 39
63 12
64 50
65 11
66 51
67 52
68 42
69 53
70 20
71 29
72 10
73 18
74 56
75 86
76 58
77 53
78 59
79 10
80 21
81 12
82 26
83 3
84 45
85 20
86 62
87 18
88 9
89 26
90 51
91 63
92 73
93 61
94 20
95 26
96 72
97 67
98 61
99 3
100 69
101 20
102 53
103 68
104 69
105 23
106 552
107 21
108 10
109 72
110 21
111 73
112 27
113 73
114 43
115 29
116 48
117 20
118 75
119 553
120 21
121 77
122 52
123 2
124 43
125 29
126 23
127 27
128 37
129 12
130 75
131 20
132 20
133 9
134 54
135 11
136 63
137 25
138 80
139 51
140 51
141 44
142 29
143 92
144 123
145 12
146 4
147 42
148 27
149 37
150 85
151 18
152 41
153 26
154 86
155 41
156 87
157 21
158 148
159 11
160 30
161 30
162 42
163 554
164 10
165 42
166 42
167 90
168 11
169 1
170 92
171 27
172 20
173 85
174 26
175 26
176 555
177 94
178 26
179 3
180 36
181 59
182 96
183 21
184 10
185 73
186 54
187 43
188 26
189 63
190 21
191 75
192 11
193 10
194 11
195 97
196 20
197 77
198 26
199 26
200 45
201 73
202 18
203 14
204 11
205 29
206 21
207 43
208 20
209 20
210 11
211 59
212 99
213 21
214 20
215 3
216 73
217 113
218 26
219 75
220 99
221 73
222 52
223 56
224 56
225 102
226 26
227 21
228 37
229 26
230 92
231 11
232 26
233 26
234 59
235 36
236 73
237 21
238 23
239 20
240 8
241 104
242 8
243 49
244 27
245 127
246 12
247 15
248 27
249 31
250 10
251 10
252 69
253 10
254 48
255 556
256 69
257 26
258 59
259 31
260 22
261 0
262 41
263 16
264 69
265 15
266 48
267 42
268 26
269 102
270 25
271 37
272 29
273 110
274 0
275 0
276 29
277 77
278 26
279 99
280 51
281 29
282 26
283 10
284 18
285 42
286 113
287 92
288 42
289 20
290 90
291 68
292 26
293 27
294 113
295 117
296 113
297 63
298 73
299 73
300 69
301 26
302 118
303 62
304 27
305 10
306 118
307 21
308 99
309 94
310 42
311 10
312 77
313 77
314 25
315 75
316 29
317 73
318 102
319 69
320 67
321 12
322 21
323 36
324 9
325 27
326 557
327 48
328 36
329 45
330 10
331 26
332 54
333 36
334 48
335 80
336 92
337 59
338 77
339 120
340 45
341 59
342 52
343 25
344 92
345 12
346 48
347 121
348 94
349 25
350 123
351 42
352 59
353 62
354 26
355 0
356 43
357 16
358 20
359 59
360 73
361 63
362 3
363 92
364 10
365 26
366 27
367 36
368 20
369 38
370 110
371 27
372 73
373 42
374 11
375 21
376 21
377 48
378 42
379 45
380 12
381 10
382 30
383 20
384 3
385 26
386 48
387 29
388 62
389 3
390 67
391 21
392 26
393 21
394 42
395 26
396 21
397 10
398 3
399 10
400 21
401 92
402 124
403 21
404 10
405 2
406 99
407 50
408 20
409 26
410 11
411 92
412 92
413 59
414 0
415 20
416 21
417 21
418 21
419 39
420 69
421 21
422 0
423 25
424 21
425 26
426 0
427 14
428 12
429 29
430 11
431 42
432 48
433 12
434 29
435 42
436 21
437 56
438 25
439 8
440 3
441 21
442 0
443 36
444 129
445 27
446 20
447 45
448 36
449 42
450 86
451 48
452 21
453 21
454 21
455 75
456 26
457 23
458 148
459 20
460 51
461 41
462 52
463 42
464 45
465 102
466 52
467 26
468 73
469 73
470 25
471 26
472 26
473 11
474 21
475 9
476 18
477 25
478 50
479 21
480 73
481 62
482 4
483 10
484 12
485 75
486 118
487 3
488 123
489 29
490 22
491 26
492 21
493 20
494 20
495 26
496 63
497 18
498 27
499 73
500 37
501 26
502 10
503 26
504 10
505 12
506 133
507 92
508 23
509 92
510 20
511 2
512 20
513 26
514 559
515 73
516 37
517 4
518 42
519 30
520 72
521 29
522 560
523 21
524 11
525 75
526 42
527 30
528 99
529 3
530 113
531 42
532 21
533 42
534 80
535 0
536 124
537 26
538 18
539 12
540 21
541 43
542 42
543 21
544 20
545 21
546 26
547 21
548 10
549 23
550 26
551 0
552 25
553 139
554 26
555 142
556 8
557 94
558 21
559 45
560 11
561 22
562 21
563 53
564 8
565 102
566 12
567 23
568 25
569 36
570 26
571 72
572 94
573 32
574 10
575 10
576 8
577 25
578 21
579 10
580 73
581 80
582 561
583 51
584 29
585 75
586 26
587 11
588 99
589 20
590 11
591 20
592 52
593 26
594 51
595 37
596 96
597 73
598 75
599 26
600 75
601 11
602 22
603 42
604 27
605 21
606 2
607 92
608 42
609 10
610 37
611 44
612 30
613 21
614 52
615 37
616 22
617 42
618 87
619 61
620 67
621 12
622 72
623 21
624 21
625 75
626 75
627 75
628 56
629 37
630 11
631 63
632 42
633 48
634 21
635 123
636 26
637 92
638 21
639 73
640 25
641 48
642 22
643 11
644 10
645 27
646 51
647 86
648 27
649 43
650 21
651 20
652 30
653 11
654 62
655 45
656 94
657 86
658 0
659 20
660 20
661 54
662 10
663 30
664 21
665 562
666 123
667 21
668 12
669 54
670 26
671 20
672 139
673 39
674 0
675 148
676 25
677 21
678 63
679 4
680 1
681 12
682 29
683 3
684 26
685 133
686 21
687 27
688 23
689 30
690 104
691 42
692 127
693 2
694 15
695 12
696 21
697 29
698 30
699 99
700 26
701 72
702 26
703 75
704 42
705 21
706 26
707 67
708 36
709 21
710 29
711 150
712 21
713 25
714 73
715 20
716 12
717 69
718 10
719 129
720 52
721 75
722 4
723 21
724 99
725 45
726 30
727 8
728 12
729 8
730 21
731 54
732 51
733 21
734 15
735 72
736 92
737 30
738 11
739 12
740 45
741 8
742 36
743 36
744 117
745 80
746 94
747 52
748 37
749 22
750 8
751 26
752 11
753 36
754 12
755 103
756 69
757 37
758 94
759 49
760 11
761 8
762 99
763 99
764 37
765 73
766 73
767 22
768 56
769 20
770 75
771 26
772 36
773 127
774 75
775 45
776 20
777 26
778 26
779 27
780 42
781 12
782 30
783 25
784 45
785 86
786 75
787 29
788 42
789 69
790 29
791 26
792 63
793 20
794 154
795 42
796 48
797 20
798 23
799 45
800 3
801 38
802 73
803 21
804 110
805 9
806 27
807 10
808 8
809 12
810 3
811 51
812 94
813 52
814 42
815 18
816 56
817 51
818 49
819 20
820 3
821 90
822 10
823 10
824 12
825 10
826 26
827 45
828 10
829 0
830 12
831 21
832 51
833 48
834 0
835 120
836 11
837 565
838 94
839 48
840 26
841 110
842 36
843 3
844 45
845 52
846 58
847 21
848 4
849 51
850 73
851 124
852 49
853 9
854 29
855 103
856 11
857 73
858 2
859 154
860 63
861 11
862 45
863 97
864 87
865 26
866 62
867 30
868 48
869 26
870 10
871 27
872 25
873 566
874 77
875 3
876 73
877 11
878 75
879 25
880 0
881 21
882 99
883 67
884 73
885 27
886 92
887 94
888 59
889 56
890 2
891 69
892 20
893 26
894 127
895 12
896 154
897 69
898 567
899 94
900 20
901 20
902 26
903 18
904 20
905 69
906 73
907 2
908 26
909 123
910 53
911 48
912 118
913 45
914 59
915 10
916 92
917 94
918 102
919 20
920 4
921 20
922 75
923 21
924 21
925 10
926 26
927 0
928 20
929 51
930 73
931 21
932 18
933 75
934 12
935 21
936 30
937 26
938 11
939 20
940 20
941 25
942 27
943 12
944 73
945 75
946 99
947 86
948 94
949 51
950 568
951 10
952 4
953 29
954 59
955 21
956 39
957 3
958 20
959 56
960 92
961 102
962 27
963 29
964 21
965 75
966 26
967 3
968 20
969 21
970 37
971 21
972 67
973 92
974 52
975 63
976 67
977 18
978 154
979 11
980 11
981 29
982 51
983 90
984 26
985 30
986 142
987 2
988 51
989 29
990 21
991 569
992 25
993 62
994 0
995 52
996 52
997 53
998 94
999 21
1000 20
1001 36
1002 20
1003 26
1004 26
1005 4
1006 20
1007 86
1008 29
1009 30
1010 26
1011 49
1012 103
1013 48
1014 30
1015 20
1016 9
1017 20
1018 11
1019 12
1020 21
1021 49
1022 12
1023 570
1024 11
1025 20
1026 36
1027 36
1028 10
1029 0
1030 92
1031 30
1032 26
1033 20
1034 10
1035 124
1036 59
1037 571
1038 29
1039 10
1040 572
1041 36
1042 573
1043 27
1044 21
1045 27
1046 11
1047 48
1048 11
1049 11
1050 26
1051 63
1052 21
1053 43
1054 80
1055 42
1056 54
1057 54
1058 21
1059 21
1060 27
1061 25
1062 36
1063 99
1064 9
1065 43
1066 69
1067 127
1068 25
1069 86
1070 3
1071 77
1072 26
1073 127
1074 21
1075 21
1076 42
1077 124
1078 69
1079 26
1080 86
1081 56
1082 148
1083 94
1084 37
1085 3
1086 12
1087 20
1088 12
1089 56
1090 21
1091 56
1092 36
1093 11
1094 123
1095 26
1096 26
1097 51
1098 20
1099 22
1100 36
1101 29
1102 10
1103 73
1104 36
1105 21
1106 10
1107 29
1108 62
1109 86
1110 18
1111 42
1112 20
1113 63
1114 11
1115 21
1116 52
1117 92
1118 43
1119 52
1120 25
1121 26
1122 99
1123 62
1124 59
1125 73
1126 118
1127 29
1128 73
1129 99
1130 45
1131 124
1132 45
1133 21
1134 10
1135 29
1136 48
1137 62
1138 69
1139 20
1140 51
1141 86
1142 27
1143 27
1144 11
1145 51
1146 20
1147 49
1148 45
1149 99
1150 29
1151 94
1152 51
1153 102
1154 45
1155 56
1156 12
1157 42
1158 42
1159 123
1160 26
1161 21
1162 43
1163 11
1164 133
1165 30
1166 48
1167 0
1168 21
1169 73
1170 61
1171 86
1172 26
1173 11
1174 139
1175 26
1176 25
1177 2
1178 45
1179 41
1180 51
1181 0
1182 29
1183 29
1184 124
1185 26
1186 11
1187 20
1188 102
1189 54
1190 27
1191 20
1192 3
1193 11
1194 37
1195 45
1196 27
1197 11
1198 11
1199 48
1200 45
1201 26
1202 36
1203 26
1204 21
1205 26
1206 53
1207 21
1208 30
1209 45
1210 21
1211 110
1212 59
1213 42
1214 52
1215 26
1216 21
1217 59
1218 30
1219 26
1220 21
1221 11
1222 25
1223 77
1224 56
1225 27
1226 26
1227 75
1228 48
1229 42
1230 21
1231 29
1232 69
1233 69
1234 10
1235 53
1236 103
1237 42
1238 20
1239 63
1240 75
1241 3
1242 21
1243 21
1244 27
1245 51
1246 92
1247 3
1248 30
1249 59
1250 26
1251 11
1252 90
1253 142
1254 0
1255 25
1256 87
1257 80
1258 26
1259 27
1260 73
1261 43
1262 73
1263 22
1264 59
1265 92
1266 4
1267 25
1268 18
1269 21
1270 73
1271 25
1272 73
1273 63
1274 37
1275 48
1276 127
1277 2
1278 92
1279 11
1280 29
1281 92
1282 20
1283 20
1284 26
1285 37
1286 92
1287 63
1288 25
1289 26
1290 27
1291 87
1292 94
1293 121
1294 75
1295 42
1296 45
1297 20
1298 0
1299 26
1300 52
1301 574
1302 10
1303 80
1304 27
1305 3
1306 73
1307 87
1308 51
1309 56
1310 75
1311 94
1312 96
1313 11
1314 26
1315 26
1316 21
1317 49
1318 102
1319 36
1320 59
1321 37
1322 53
1323 51
1324 99
1325 102
1326 36
1327 21
1328 73
1329 56
1330 21
1331 41
1332 26
1333 20
1334 26
1335 51
1336 102
1337 51
1338 26
1339 11
1340 48
1341 12
1342 20
1343 45
1344 11
1345 18
1346 3
1347 42
1348 3
1349 2
1350 77
1351 20
1352 86
1353 63
1354 20
1355 20
1356 56
1357 133
1358 29
1359 52
1360 67
1361 56
1362 21
1363 52
1364 21
1365 150
1366 42
1367 0
1368 102
1369 18
1370 18
1371 73
1372 21
1373 21
1374 41
1375 36
1376 27
1377 10
1378 26
1379 73
1380 102
1381 73
1382 3
1383 56
1384 121
1385 26
1386 29
1387 67
1388 75
1389 10
1390 2
1391 63
1392 45
1393 42
1394 72
1395 21
1396 23
1397 62
1398 49
1399 21
1400 121
1401 21
1402 37
1403 86
1404 21
1405 21
1406 11
1407 51
1408 18
1409 27
1410 20
1411 36
1412 23
1413 9
1414 73
1415 133
1416 56
1417 8
1418 75
1419 99
1420 10
1421 22
1422 92
1423 63
1424 11
1425 45
1426 52
1427 72
1428 92
1429 27
1430 51
1431 20
1432 26
1433 30
1434 37
1435 0
1436 575
1437 43
1438 27
1439 36
1440 21
1441 3
1442 29
1443 75
1444 21
1445 53
1446 25
1447 92
1448 21
1449 48
1450 10
1451 103
1452 20
1453 0
1454 21
1455 73
1456 148
1457 36
1458 118
1459 11
1460 73
1461 99
1462 27
1463 27
1464 73
1465 36
1466 11
1467 94
1468 10
1469 139
1470 10
1471 26
1472 12
1473 21
1474 4
1475 11
1476 8
1477 63
1478 10
1479 21
1480 62
1481 42
1482 29
1483 26
1484 62
1485 99
1486 8
1487 72
1488 62
1489 8
1490 26
1491 9
1492 20
1493 94
1494 42
1495 0
1496 21
1497 25
1498 67
1499 30
1500 56
1501 26
1502 26
1503 113
1504 25
1505 67
1506 26
1507 3
1508 48
1509 49
1510 39
1511 9
1512 36
1513 42
1514 20
1515 59
1516 52
1517 22
1518 11
1519 47
1520 10
1521 25
1522 26
1523 39
1524 123
1525 31
1526 94
1527 45
1528 11
1529 99
1530 42
1531 21
1532 20
1533 51
1534 36
1535 18
1536 26
1537 26
1538 20
1539 62
1540 26
1541 42
1542 45
1543 11
1544 45
1545 72
1546 20
1547 11
1548 42
1549 20
1550 45
1551 73
1552 20
1553 42
1554 10
1555 68
1556 42
1557 8
1558 3
1559 21
1560 73
1561 21
1562 90
1563 26
1564 20
1565 26
1566 42
1567 9
1568 21
1569 11
1570 25
1571 26
1572 103
1573 25
1574 87
1575 20
1576 26
1577 49
1578 92
1579 10
1580 123
1581 124
1582 80
1583 21
1584 56
1585 150
1586 21
1587 16
1588 20
1589 22
1590 62
1591 26
1592 8
1593 11
1594 30
1595 21
1596 27
1597 3
1598 18
1599 3
1600 29
1601 26
1602 4
1603 94
1604 30
1605 8
1606 26
1607 36
1608 18
1609 123
1610 18
1611 75
1612 44
1613 62
1614 2
1615 69
1616 120
1617 20
1618 26
1619 27
1620 21
1621 49
1622 69
1623 12
1624 10
1625 52
1626 20
1627 48
1628 21
1629 63
1630 86
1631 20
1632 20
1633 42
1634 10
1635 30
1636 20
1637 26
1638 59
1639 75
1640 43
1641 37
1642 124
1643 12
1644 26
1645 73
1646 75
1647 8
1648 10
1649 0
1650 23
1651 21
1652 20
1653 25
1654 67
1655 20
1656 21
1657 30
1658 2
1659 29
1660 51
1661 8
1662 29
1663 23
1664 20
1665 21
1666 133
1667 26
1668 3
1669 42
1670 11
1671 99
1672 11
1673 72
1674 26
1675 92
1676 48
1677 21
1678 25
1679 69
1680 15
1681 43
1682 49
1683 4
1684 21
1685 29
1686 102
1687 26
1688 11
1689 51
1690 102
1691 86
1692 26
1693 20
1694 37
1695 61
1696 42
1697 38
1698 10
1699 36
1700 10
1701 92
1702 73
1703 45
1704 50
1705 53
1706 25
1707 0
1708 11
1709 72
1710 41
1711 75
1712 27
1713 123
1714 92
1715 44
1716 25
1717 26
1718 87
1719 56
1720 8
1721 69
1722 94
1723 11
1724 26
1725 30
1726 94
1727 75
1728 51
1729 12
1730 45
1731 59
1732 45
1733 27
1734 45
1735 72
1736 51
1737 4
1738 10
1739 15
1740 3
1741 37
1742 3
1743 27
1744 45
1745 12
1746 75
1747 3
1748 123
1749 18
1750 75
1751 11
1752 10
1753 92
1754 67
1755 48
1756 80
1757 0
1758 29
1759 102
1760 43
1761 42
1762 20
1763 36
1764 56
1765 26
1766 21
1767 15
1768 20
1769 11
1770 59
1771 59
1772 27
1773 21
1774 123
1775 26
1776 42
1777 21
1778 56
1779 3
1780 21
1781 21
1782 20
1783 29
1784 29
1785 127
1786 26
1787 22
1788 11
1789 67
1790 10
1791 10
1792 21
1793 20
1794 41
1795 26
1796 127
1797 30
1798 49
1799 63
1800 102
1801 77
1802 92
1803 99
1804 26
1805 45
1806 75
1807 21
1808 12
1809 27
1810 10
1811 97
1812 20
1813 51
1814 10
1815 62
1816 20
1817 124
1818 22
1819 94
1820 48
1821 39
1822 92
1823 12
1824 20
1825 11
1826 92
1827 22
1828 62
1829 45
1830 3
1831 36
1832 21
1833 37
1834 27
1835 53
1836 20
1837 148
1838 42
1839 11
1840 43
1841 4
1842 45
1843 0
1844 25
1845 15
1846 27
1847 75
1848 62
1849 31
1850 51
1851 104
1852 10
1853 31
1854 99
1855 45
1856 62
1857 20
1858 92
1859 77
1860 56
1861 37
1862 121
1863 127
1864 148
1865 10
1866 48
1867 56
1868 1
1869 102
1870 103
1871 103
1872 21
1873 48
1874 92
1875 63
1876 43
1877 21
1878 10
1879 92
1880 11
1881 26
1882 26
1883 25
1884 10
1885 4
1886 129
1887 37
1888 30
1889 121
1890 45
1891 11
1892 578
1893 45
1894 48
1895 86
1896 118
