2856 1477
10389 1399
1942 1490
8049 1410
5150 1410
9052 1479
944 1410
6336 1490
10577 1490
5383 1477
7288 1410
1149 1410
5146 1412
5029 1491
5470 1410
3373 1490
9587 1490
2749 1490
10708 1490
3635 1479
6327 1410
6254 1491
1226 1412
7760 1410
3559 1412
2622 1490
2414 1412
4968 1490
5046 1490
8997 1479
10181 1399
8653 1410
9970 1412
7184 1490
282 1410
1738 1410
5349 1491
1420 1490
8654 1410
7246 1490
2034 1410
453 1412
882 1494
5462 1410
3465 1412
10114 1399
3487 1479
4575 1490
6537 1412
4088 1593
11015 1412
10718 1490
7784 1412
4631 1410
9228 1412
3412 1412
10013 1490
2379 1490
5869 1412
8838 1412
7801 1410
4892 1594
9385 1490
18 1490
410 1490
980 1410
6980 1479
4697 1412
4900 1410
7240 1412
9687 1491
712 1410
9169 1410
9218 1412
7017 1410
9154 1412
5654 1410
3911 1410
7349 1410
1782 1412
5631 1410
4074 1490
2490 1410
2320 1490
3583 1490
8224 1412
9269 1410
8993 1410
10921 1399
9506 1497
10314 1410
1934 1412
992 1410
1878 1490
1540 1410
10012 1412
6832 1399
7847 1490
9026 1479
6286 1412
1287 1479
6855 1490
6557 1412
2458 1410
3913 1477
3982 1412
10787 1399
9830 1412
10158 1410
7150 1412
382 1410
7574 1410
5775 1412
9197 1399
446 1490
3350 1479
6936 1410
4878 1490
8927 1412
3593 1410
1932 1410
6520 1412
8896 1412
5861 1412
2237 1410
321 1410
3730 1490
1041 1491
5322 1490
1163 1412
744 1412
10699 1479
1963 1410
7471 1412
3156 1410
9618 1410
5263 1490
4682 1490
4791 1490
2621 1410
5101 1477
6927 1479
8576 1491
5558 1490
7169 1410
7782 1410
3133 1412
8533 612
1251 1477
6759 1410
1639 1410
5679 1479
7266 1412
2608 1410
4927 1410
2465 1479
1736 1412
10069 1479
6427 1399
5345 1410
10016 1412
48 1490
9532 1410
10994 1399
3072 1410
8252 1477
9908 1479
3033 1479
7476 1410
10507 1490
8383 1412
4826 1490
6804 1410
10622 1412
4397 1410
2551 1412
9094 1412
4597 1412
4540 1412
3274 1479
7713 1479
5735 1412
9706 1479
1500 1410
3413 1410
9537 1490
2974 1410
6343 1479
2403 1412
124 1410
10698 1399
5416 1410
443 1410
566 1410
2470 1410
1517 1490
3690 1410
10780 1412
7937 1412
9100 1410
7241 1490
7155 1410
2129 1410
1664 1479
10963 1410
4520 1490
5538 1479
8590 1410
6541 1412
7765 1479
7741 1490
3485 1410
4732 1412
2912 1410
3206 1490
7202 1410
1643 1412
10135 1490
8887 1479
5317 1412
9931 1595
2628 1412
7547 1399
4242 1490
7487 1412
11001 1412
4990 1479
1633 1410
4359 1412
9682 1410
8678 1410
7183 1399
8812 1410
689 1490
6833 1410
4026 1410
2704 1410
3930 1410
548 1410
6074 1490
1894 1596
9178 1412
5703 1410
10597 1479
5998 1410
4422 1410
4338 1412
6825 1399
3140 1410
2017 1412
7781 1597
860 1410
6101 1412
5843 1412
9526 1479
1439 1410
3969 1490
10552 1479
3600 1479
6345 1490
1437 1410
3772 1410
1591 1410
1174 1412
9539 1490
9781 809
3 1477
5078 1410
2730 1490
625 1479
2717 1490
7736 1490
10241 1412
5818 1412
1453 1410
1857 1412
2322 1412
7662 1412
502 1412
9502 1412
9065 1399
8542 1399
10230 1410
8694 1410
3863 1412
9829 1479
6529 1410
1093 1410
3367 1410
6026 1410
1615 1410
1434 1490
868 1491
195 1410
8715 1410
600 1410
2147 1490
2807 1412
8851 1490
7931 1412
8333 1490
1203 1412
9843 1399
9534 1479
8034 1497
7374 1410
6113 1479
8184 1412
2144 1598
8913 1479
8646 1490
646 1410
2476 1410
8959 1479
665 1412
8629 1412
10392 1410
4901 1412
900 1490
642 1479
7238 1491
74 1412
5600 1410
10062 1399
6919 1410
703 1479
10323 1410
254 1479
4073 1477
10778 1490
3645 1410
1602 1479
4145 1479
3455 1410
6357 1491
9034 1410
10326 1412
9296 1490
517 1412
2292 1412
5132 1412
5612 1410
8599 1479
10417 1479
3319 1410
5994 1399
5081 1490
2252 1410
10544 1399
10160 1412
1265 1410
9968 1410
3304 1491
4372 1479
8595 1410
940 1410
4808 1490
8147 1479
3766 1412
2724 1410
2018 1410
9507 1412
2841 1412
6306 1479
8988 1491
8001 1490
3765 1410
5423 1410
3852 1410
2594 1410
4212 1410
2802 1490
1001 1410
8430 1399
6244 1490
5674 1412
5999 1410
9942 1412
9413 1410
5133 1412
369 1410
9820 1412
10748 1410
4123 1410
8566 1479
2251 1479
1305 1410
5446 1477
2777 1412
10456 1410
5834 1412
9983 1410
10073 1494
9428 1599
5543 1410
737 1491
2280 1412
11007 1490
637 1410
6285 1410
5605 1479
6359 1490
4258 1479
1962 1490
7208 1479
1183 1410
3202 1410
9790 1412
10918 1399
8058 1412
9818 1491
4149 1410
7300 1477
9528 1399
10367 1490
2103 1410
7408 1600
5017 1490
5071 1412
3556 1477
4383 1412
3753 1410
8955 1490
10876 1412
8219 1410
5808 1601
3707 1479
2877 1490
2967 1410
3967 1410
4982 1490
8243 1410
5789 1479
9554 1399
1753 1412
934 1410
2440 1410
7933 1410
6785 1477
1880 1410
8357 1412
1950 1479
5943 1497
3079 1412
9516 1410
10022 1479
6974 1412
397 1490
4322 1412
5891 1412
9811 1412
8130 1490
5295 1410
5542 1479
8789 1399
5847 1410
10349 1412
6902 1412
5074 1410
962 1412
9844 1410
3909 1410
4939 1410
3603 1410
6522 1412
3271 1412
2102 1412
8813 1399
2893 1479
7103 1490
10441 809
7580 1410
10799 1412
4452 1490
5770 1477
9405 1412
8819 1410
4874 1410
4171 1490
5668 1479
5532 1490
3236 1412
1134 1410
4711 1490
985 1410
3799 1410
438 1410
8039 1410
2332 1410
2803 1479
6003 1479
7025 1490
9832 1399
1252 1479
6951 1479
9438 1412
7642 1410
6821 1410
6996 1479
259 1479
8314 1412
7734 1399
827 1410
750 1412
705 1477
10807 1412
6195 1399
2850 1412
7985 1399
8561 1490
5369 1490
10025 1479
3769 1410
1696 1410
7198 1479
5912 1490
2537 1410
8636 1410
6881 1479
4139 1412
5441 1490
5130 1497
4835 1490
1299 1410
9083 1410
5953 1410
6475 1399
7882 1399
7287 1410
230 1412
6630 1410
9893 1412
10523 1410
9102 1490
3762 1412
4111 1412
5573 1490
10669 1399
3241 1410
6180 1410
8667 1479
8948 1410
5152 1412
1145 1410
4780 1410
7633 1477
3023 1477
9325 1410
7014 1490
10987 1412
8594 1410
11047 1479
9512 1410
7141 1490
7490 1410
4183 1410
6466 1412
9243 1479
4385 1479
2370 1410
8276 1399
5070 1412
2814 1412
8450 1399
5892 1490
9879 1412
8331 1410
3861 1410
10953 1410
9640 612
7116 1479
5725 1479
704 1410
9187 1412
6979 1410
6559 1490
7720 1479
1790 1412
1532 1410
213 1410
9788 1410
1158 1412
3651 1477
6225 1479
10739 1412
10445 1490
163 1410
2452 1412
766 1410
8911 1399
6151 1490
157 1479
2858 1412
5955 1399
9013 1410
4343 1490
1270 1490
3464 1410
319 1410
7124 1412
471 1497
11085 1410
1308 1479
10840 1410
11033 1412
10795 1410
3493 1412
5401 1410
4032 1412
9650 1479
1780 1410
1317 798
7506 1410
10312 1410
3620 1410
2436 1490
7515 1412
3193 1410
8190 1399
7333 1490
727 1410
1384 1490
1515 1410
8739 1399
381 1477
8322 1491
9873 1399
9639 1412
7140 1490
7951 1490
7312 1412
916 1412
9049 1399
3343 1479
5741 1490
3087 1477
6747 1410
8139 1479
5491 1412
3095 1490
8688 1399
4517 1410
8387 1412
2920 1410
442 1412
3162 1410
7102 1410
1711 1410
5931 1479
2713 1412
4582 1412
7394 1491
10548 1410
7835 1399
1063 1477
2540 1410
11106 1479
2945 1497
185 1412
3402 1410
6198 1490
1496 1412
7906 1490
2598 1410
10955 1399
9595 1412
1444 1410
10117 1410
8803 1490
3991 1490
7418 1479
8236 1412
8021 1412
10052 1410
8563 1479
5375 1410
9559 1410
9140 1412
2662 1490
7114 1490
5084 1410
4131 1410
1606 1410
8330 1505
2411 1410
626 794
324 1410
4485 794
8291 1410
6246 1602
6191 1410
7406 1505
4605 1410
5351 1603
539 1410
7080 1604
