10808 1503
2693 1605
7586 672
8118 1605
6939 1503
1707 1503
6610 1608
1939 1609
5522 1507
2471 1609
3615 1507
2600 1609
660 1503
2235 1503
3356 1630
1564 1605
6023 1503
9191 1505
1552 1503
134 1608
11010 1507
3457 1503
9880 1483
5557 1503
3145 1503
10540 1503
422 1604
290 1505
10842 1503
4535 1608
4022 1507
5479 1605
297 1605
4361 1609
6508 1505
10774 1505
3330 1507
4127 1608
5131 1609
6655 1507
10833 1483
740 1507
7092 1503
5371 1609
2433 1507
2961 1503
3163 1608
3781 1503
3876 1503
652 1608
1476 1507
5817 1605
10142 1605
5205 1608
10134 1507
9000 1503
4800 1605
4559 1503
4995 1605
5524 1604
3832 1608
1048 1507
1185 1605
8217 1503
4581 1505
2386 1503
10178 1483
2178 1608
4687 672
10357 1608
4515 1609
4448 1507
3939 1608
5059 1503
1113 1608
7599 1507
2328 1505
10104 1605
1598 1604
7698 1605
1925 1609
10306 1503
6313 1503
10646 1503
452 672
4512 1505
8425 1503
1480 1612
9472 1503
866 1604
337 1609
7854 1608
8134 1503
5440 1608
6166 1507
2931 1507
6463 1503
3235 1503
3085 1503
9479 1605
6967 1503
9795 1507
89 1605
4572 1609
7049 1505
4389 1503
7785 903
1222 1609
9813 1503
10264 1503
2671 1507
2958 1605
10818 1605
4616 1503
6394 1507
10887 1605
6816 696
12 1608
9815 1605
402 1609
2606 1609
3871 1503
6071 1503
1525 1507
5166 1503
9435 1503
9828 1483
196 1503
9996 1483
1139 1503
405 1503
4718 1605
5155 1505
7250 1507
8666 1507
9631 1605
1105 1060
1699 1608
1985 1503
245 1505
328 1609
4779 1505
3655 1503
3470 1609
5482 1507
5907 1608
8381 1605
7508 1505
191 1609
2864 1507
9660 1505
9871 1604
11051 1608
5810 1605
7982 1483
8942 1604
9543 1605
2059 1608
3764 1605
10090 1507
10401 1483
7405 1605
925 1503
3849 1503
5587 1608
4983 1507
9040 1507
11062 1605
2348 1608
949 1608
2726 1608
4907 1507
7399 1503
8922 1503
3564 1505
4955 1609
8608 1507
4733 1507
4757 1507
1913 1608
10890 1503
6650 1503
10023 1483
1661 1605
1227 1605
32 1503
8015 1605
1 1503
212 1507
3595 1505
4147 1503
10623 672
7883 1503
1826 1507
2269 1507
9632 1483
6405 1503
2263 1698
5228 1505
8604 1608
9274 1605
2331 1503
7788 1503
8534 1507
10460 1507
8060 1505
9150 1503
3537 1609
1275 1609
5744 1608
5264 1505
8045 1507
5595 1609
420 1507
4861 1699
5073 1609
9806 1483
3682 1503
9314 1503
333 1505
2501 1609
10058 1605
219 1503
3418 1609
5471 1700
9673 1505
3248 1507
4398 1503
5569 1503
3443 1503
6846 1503
5846 1503
6847 1507
7062 1605
8767 1503
4640 1503
1237 1507
7776 1503
5246 1507
9098 1507
3406 1503
3915 1507
6659 1505
6691 1503
10685 1608
8507 1608
5407 1503
8104 1503
8487 1503
3031 1505
5721 1507
10348 1505
1890 1701
3216 1608
607 1503
418 1503
2614 1609
3244 1507
793 1503
4263 1609
2185 1505
5764 1507
7919 1507
6547 1505
5699 1503
4866 1605
10282 1507
9637 1608
8309 1605
8944 1507
10694 1503
3806 1609
8310 1507
8090 1483
1024 1505
2317 1609
10128 1483
6626 1608
10167 1507
8470 1507
5139 1507
2315 1608
5384 1609
657 1507
5156 1394
6631 1702
1206 1507
400 1503
2319 1605
3122 1608
9523 1503
4573 1503
10442 1503
2375 1605
5493 1503
1481 1605
11058 1608
1865 1507
2667 1605
7368 1503
640 1503
377 1503
10265 1605
9569 1503
9416 1503
1720 1608
4513 1507
4726 1605
8965 1483
8984 1605
10254 1507
9089 1503
5880 1503
6564 1612
6596 1507
8549 1505
6652 1507
8169 1483
5179 1507
7480 1503
2648 1609
1824 1503
1509 1609
1998 1503
6853 1507
7281 1503
954 1608
5546 1507
4203 672
278 1609
2762 1503
4434 1503
8003 1503
8698 1507
2218 1604
8682 1604
5628 1503
2738 1505
9316 1608
8501 1608
7483 1507
10252 1505
2745 1507
10051 1505
5835 1608
3138 1507
8056 1507
10908 1503
3361 1507
4035 1507
3370 1507
2247 1505
6654 1507
5313 1503
3149 1503
9105 1507
8335 1605
6280 1605
10288 1608
5339 1503
24 1507
3058 1605
10989 1483
3545 1507
1703 1503
7404 1503
5481 1608
5784 1609
1675 1605
3588 672
7742 1507
256 1503
1634 1507
6696 1503
10589 1503
1274 1608
7492 1608
5819 1608
8906 1503
4475 1507
5030 1503
4603 1609
10166 1503
4918 1507
9136 1605
6087 1605
5690 1609
5763 1608
3749 1507
4369 1608
2290 1503
3153 1503
1923 1507
2887 1507
6043 1503
782 1609
10639 1503
2082 1609
3053 1507
8527 1605
581 1505
7923 1507
7577 1505
11050 1608
4332 1609
7546 1507
10414 1605
3468 1609
1777 1605
4958 1609
4876 1609
10604 1483
4652 1609
2314 1608
8296 1483
837 1503
177 1608
778 1605
4793 1503
4782 1505
4108 1503
1148 1503
9341 1483
156 1507
5417 1507
9386 1505
8026 1503
3007 1609
5503 1503
9864 1630
6266 1604
6017 1605
4860 1609
6722 1605
5039 1503
6362 1605
4624 1507
7751 1605
2130 1604
564 1507
5506 1605
10116 1503
10505 1503
3527 1503
10920 1503
3483 1503
9982 1608
9193 1605
2078 1608
6725 1608
3508 1605
10816 1507
6942 1503
10575 1505
2311 1503
9883 1608
11004 1605
5429 1503
9130 1605
8334 1507
3585 1604
6827 1604
2064 1608
4969 1605
8605 1483
403 1609
4666 1503
7095 1608
8986 1503
559 1503
9670 1503
8420 1503
3168 1505
614 1605
6163 1503
10836 1507
8560 1503
5758 1507
10053 1503
2264 1604
5239 1505
39 1507
722 1608
2911 1507
3337 1505
6015 1503
145 1507
5184 1503
9947 1608
277 1608
7099 1503
6240 1605
4201 1507
2894 1505
719 1507
4067 1605
7363 1605
609 1609
2459 1609
4216 1605
473 1505
10386 1483
9697 1612
5733 1503
1489 1503
7070 1483
2464 1605
9407 1503
8395 1604
10036 1507
108 1507
2562 1605
6964 1503
6098 1507
6664 1503
2020 1503
1919 1503
4872 1605
667 1507
10285 1503
1337 1608
604 1609
9032 1503
10628 1605
4317 1503
933 1608
11059 1483
1034 1507
9229 1505
2576 1507
4608 1609
9898 1507
7344 1505
3715 1503
8684 1503
9551 1605
6775 1503
3993 1507
746 1503
3128 1609
4053 1503
7970 1604
5620 1503
9805 1507
7727 1505
11029 1503
9981 1503
7087 1608
10538 1503
8313 1483
3342 1507
8156 1503
109 1507
6301 1503
2595 1503
7926 1483
9961 1605
3946 1507
4546 1507
5697 1507
8262 1503
1900 1608
1697 1608
6943 1503
807 1605
4829 1503
811 1503
1937 1605
4891 1507
5719 1609
8833 1503
4488 1503
5731 1609
2038 1503
6585 1503
11063 1503
3711 1507
2885 1605
5717 1609
7093 1605
5650 1507
10149 1507
10182 1503
1827 1507
8352 1483
1101 1505
5856 1503
3636 1609
3895 1503
6213 1605
10046 1503
9186 1507
1841 1608
6173 1503
4523 1605
5873 1507
3708 1608
8382 1505
5330 1608
5386 1503
920 1503
7264 1503
10682 1507
360 1605
8438 1507
1348 1505
10634 1483
2171 1503
9710 1608
5727 1507
5293 1503
7137 1608
9173 1503
8513 1503
1127 1503
687 1507
10088 1503
4328 1608
366 1503
2392 1503
450 1503
7905 1503
10976 1605
5116 1503
8390 1503
5425 1503
5088 1609
266 1507
4352 1503
8159 1503
5209 1608
4119 1503
10085 1503
5507 1503
754 1609
3178 1507
4115 1503
2799 1507
3552 1505
6241 1507
8153 1507
1125 1605
162 1605
72 1505
4200 1505
1508 1608
5450 1605
10772 1503
368 1608
5374 1608
8409 1483
8641 1505
7505 1483
6084 1505
9940 1507
9573 1507
5841 1507
6445 1503
1187 1503
7285 1503
3999 1507
946 1605
9319 1605
5555 1507
1399 1505
676 1605
1350 1503
10176 1605
9500 1507
9430 1483
917 1503
8569 1483
5773 1605
7609 1608
1613 1609
9073 1507
10859 1605
779 1507
204 1604
9555 1507
9043 1507
2710 1507
10786 1507
7353 1620
2723 1703
3360 1622
10693 1622
2769 1704
3838 1705
1182 1620
4853 672
9480 672
9778 1620
878 1620
8912 1609
5302 1622
