22764 52
22765 52
22766 581
22767 1410
22768 581
22769 590
22770 1063
22771 1566
22772 590
22773 1410
22774 69
22775 581
22776 1134
22777 52
22778 69
22779 1410
22780 896
22781 581
22782 52
22783 52
22784 581
22785 47
22786 1445
22787 51
22788 581
22789 1410
22790 1063
22791 1474
22792 69
22793 69
22794 1410
22795 590
22796 581
22797 1476
22798 590
22799 1474
22800 52
22801 1445
22802 581
22803 1410
22804 1477
22805 590
22806 69
22807 1474
22808 52
22809 590
22810 581
22811 581
22812 1092
22813 581
22814 581
22815 581
22816 124
22817 1410
22818 581
22819 590
22820 581
22821 581
22822 581
22823 581
22824 123
22825 1410
22826 1410
22827 1410
22828 606
22829 590
22830 622
22831 69
22832 581
22833 1445
22834 1410
22835 52
22836 581
22837 1445
22838 124
22839 1473
22840 581
22841 124
22842 581
22843 581
22844 581
22845 69
22846 581
22847 124
22848 52
22849 1410
22850 52
22851 1445
22852 1410
22853 1445
22854 124
22855 1134
22856 1479
22857 1063
22858 1410
22859 69
22860 581
22861 1445
22862 581
22863 1410
22864 1445
22865 581
22866 1479
22867 1410
22868 124
22869 69
22870 581
22871 1063
22872 124
22873 69
22874 1474
22875 52
22876 1410
22877 1445
22878 1063
22879 1410
22880 52
22881 52
22882 1445
22883 69
22884 1473
22885 1445
22886 581
22887 581
22888 581
22889 581
22890 581
22891 1476
22892 52
22893 581
22894 581
22895 1063
22896 69
22897 1473
22898 52
22899 1479
22900 581
22901 590
22902 581
22903 69
22904 600
22905 1474
22906 581
22907 1410
22908 1473
22909 1063
22910 124
22911 124
22912 1410
22913 581
22914 581
22915 1473
22916 581
22917 1410
22918 1473
22919 52
22920 1410
22921 51
22922 581
22923 1473
22924 1063
22925 1445
22926 1473
22927 52
22928 52
22929 69
22930 581
22931 1473
22932 581
22933 52
22934 590
22935 1476
22936 581
22937 606
22938 1445
22939 1473
22940 581
22941 581
22942 581
22943 124
22944 124
22945 1410
22946 1473
22947 124
22948 581
22949 124
22950 51
22951 1410
22952 69
22953 1474
22954 589
22955 1473
22956 581
22957 1473
22958 52
22959 1063
22960 1410
22961 124
22962 581
22963 581
22964 590
22965 581
22966 52
22967 123
22968 69
22969 590
22970 581
22971 1473
22972 581
22973 1410
22974 124
22975 69
22976 124
22977 69
22978 124
22979 1445
22980 581
22981 1410
22982 1410
22983 1445
22984 52
22985 1474
22986 581
22987 1410
22988 581
22989 1063
22990 606
22991 1410
22992 581
22993 69
22994 69
22995 581
22996 590
22997 1474
22998 606
22999 123
23000 69
23001 581
23002 581
23003 1410
23004 1063
23005 581
23006 581
23007 590
23008 1410
23009 124
23010 1445
23011 124
23012 590
23013 1445
23014 1063
23015 1445
23016 1410
23017 1410
23018 123
23019 581
23020 581
23021 1063
23022 124
23023 581
23024 589
23025 581
23026 52
23027 1445
23028 123
23029 1410
23030 124
23031 124
23032 590
23033 124
23034 1548
23035 1445
23036 581
23037 1445
23038 124
23039 606
23040 581
23041 52
23042 52
23043 1445
23044 581
23045 123
23046 581
23047 123
23048 1479
23049 906
23050 1410
23051 1473
23052 581
23053 581
23054 1134
23055 1410
23056 581
23057 1410
23058 123
23059 1410
23060 1410
23061 1445
23062 1445
23063 69
23064 581
23065 1410
23066 1477
23067 1410
23068 52
23069 1063
23070 590
23071 69
23072 606
23073 1445
23074 581
23075 581
23076 1410
23077 813
23078 1410
23079 1473
23080 590
23081 581
23082 581
23083 124
23084 581
23085 1420
23086 581
23087 123
23088 581
23089 581
23090 581
23091 1445
23092 1410
23093 52
23094 124
23095 581
23096 1445
23097 581
23098 1445
23099 1134
23100 1410
23101 581
23102 1445
23103 69
23104 1479
23105 124
23106 1410
23107 581
23108 581
23109 1445
23110 581
23111 1063
23112 1063
23113 1445
23114 124
23115 123
23116 581
23117 1134
23118 581
23119 590
23120 590
23121 1445
23122 69
23123 590
23124 1063
23125 1474
23126 581
23127 590
23128 1134
23129 1410
23130 52
23131 581
23132 581
23133 581
23134 1063
23135 1063
23136 52
23137 581
23138 590
23139 1410
23140 52
23141 1410
23142 1063
23143 1410
23144 69
23145 124
23146 581
23147 581
23148 581
23149 1445
23150 1474
23151 1479
23152 124
23153 124
23154 1063
23155 47
23156 1063
23157 581
23158 581
23159 590
23160 1410
23161 590
23162 1410
23163 581
23164 581
23165 69
23166 581
23167 1445
23168 124
23169 1063
23170 1445
23171 581
23172 581
23173 1479
23174 52
23175 123
23176 1473
23177 1410
23178 1479
23179 1410
23180 1063
23181 590
23182 103
23183 581
23184 581
23185 123
23186 124
23187 600
23188 1410
23189 1134
23190 581
23191 581
23192 1473
23193 1477
23194 69
23195 581
23196 581
23197 1473
23198 124
23199 52
23200 581
23201 581
23202 1479
23203 52
23204 52
23205 1063
23206 581
23207 52
23208 600
23209 1410
23210 1474
23211 581
23212 1445
23213 1445
23214 52
23215 1445
23216 581
23217 1063
23218 69
23219 581
23220 124
23221 1445
23222 581
23223 124
23224 1410
23225 581
23226 69
23227 1410
23228 1410
23229 1063
23230 1410
23231 1410
23232 1473
23233 581
23234 581
23235 581
23236 1410
23237 1410
23238 581
23239 69
23240 1410
23241 581
23242 581
23243 1445
23244 1473
23245 581
23246 581
23247 581
23248 1473
23249 1063
23250 581
23251 581
23252 52
23253 1479
23254 581
23255 581
23256 1445
23257 1479
23258 581
23259 123
23260 581
23261 69
23262 581
23263 124
23264 590
23265 1063
23266 1445
23267 1445
23268 581
23269 123
23270 581
23271 1479
23272 610
23273 581
23274 69
23275 581
23276 69
23277 581
23278 1410
23279 69
23280 1445
23281 1410
23282 581
23283 1420
23284 1473
23285 581
23286 581
23287 581
23288 2
23289 581
23290 581
23291 123
23292 590
23293 52
23294 581
23295 123
23296 1445
23297 1483
23298 1410
23299 1474
23300 1445
23301 581
23302 590
23303 1410
23304 581
23305 124
23306 581
23307 1063
23308 69
23309 75
23310 590
23311 52
23312 69
23313 581
23314 1476
23315 1063
23316 581
23317 52
23318 1410
23319 1445
23320 581
23321 581
23322 52
23323 1063
23324 124
23325 1410
23326 581
23327 581
23328 1410
23329 1549
23330 1063
23331 581
23332 581
23333 581
23334 1410
23335 1063
23336 1410
23337 1473
23338 1445
23339 124
23340 1063
23341 581
23342 124
23343 1483
23344 75
23345 1445
23346 1473
23347 590
23348 124
23349 1445
23350 75
23351 581
23352 581
23353 1410
23354 1474
23355 581
23356 581
23357 590
23358 52
23359 124
23360 1134
23361 610
23362 1473
23363 581
23364 1063
23365 1473
23366 52
23367 1483
23368 1479
23369 581
23370 124
23371 581
23372 581
23373 1063
23374 590
23375 581
23376 581
23377 1473
23378 573
23379 1063
23380 1479
23381 1445
23382 581
23383 69
23384 52
23385 1473
23386 581
23387 52
23388 52
23389 124
23390 581
23391 124
23392 581
23393 581
23394 1134
23395 1063
23396 581
23397 1063
23398 1473
23399 1063
23400 52
23401 581
23402 69
23403 1063
23404 124
23405 52
23406 1445
23407 581
23408 1473
23409 124
23410 1063
23411 124
23412 1410
23413 581
23414 1410
23415 1063
23416 1479
23417 1474
23418 52
23419 52
23420 581
23421 1445
23422 600
23423 52
23424 1410
23425 75
23426 123
23427 1063
23428 1473
23429 1479
23430 1063
23431 581
23432 52
23433 123
23434 1410
23435 1410
23436 590
23437 52
23438 1410
23439 606
23440 1410
23441 1410
23442 1410
23443 1063
23444 1476
23445 1410
23446 69
23447 1137
23448 1410
23449 1410
23450 124
23451 581
23452 581
23453 581
23454 1063
23455 123
23456 52
23457 590
23458 581
23459 1479
23460 590
23461 124
23462 581
23463 52
23464 581
23465 1488
23466 581
23467 581
23468 1410
23469 581
23470 1473
23471 581
23472 581
23473 1473
23474 1445
23475 581
23476 1410
23477 1063
23478 581
23479 1479
23480 590
23481 1474
23482 1473
23483 581
23484 1473
23485 52
23486 124
23487 1063
23488 52
23489 1410
23490 581
23491 124
23492 1445
23493 47
23494 581
23495 581
23496 1344
23497 124
23498 581
23499 581
23500 581
23501 600
23502 581
23503 1479
23504 1473
23505 581
23506 581
23507 1473
23508 1410
23509 600
23510 123
23511 1134
23512 581
23513 1473
23514 69
23515 1410
23516 581
23517 123
23518 581
23519 1445
23520 123
23521 1479
23522 52
23523 123
23524 581
23525 590
23526 581
23527 581
23528 52
23529 1445
23530 1489
23531 590
23532 600
23533 1063
23534 590
23535 581
23536 69
23537 1063
23538 1473
23539 75
23540 581
23541 1410
23542 581
23543 1063
23544 69
23545 1479
23546 124
23547 1473
23548 581
23549 1474
23550 1410
23551 590
23552 1063
23553 581
23554 1483
23555 581
23556 1473
23557 124
23558 1134
23559 69
23560 1445
23561 581
23562 124
23563 1410
23564 1479
23565 124
23566 69
23567 1473
23568 124
23569 1410
23570 75
23571 69
23572 1410
23573 581
23574 1084
23575 1474
23576 581
23577 124
23578 1473
23579 581
23580 581
23581 123
23582 581
23583 1445
23584 1445
23585 1445
23586 124
23587 124
23588 1410
23589 75
23590 52
23591 590
23592 124
23593 581
23594 1410
23595 590
23596 1473
23597 1063
23598 69
23599 590
23600 52
23601 600
23602 1063
23603 1479
23604 1473
23605 581
23606 123
23607 124
23608 581
23609 1445
23610 1445
23611 1489
23612 1445
23613 1063
23614 1488
23615 52
23616 1063
23617 1410
23618 1410
23619 581
23620 1473
23621 1063
23622 581
23623 124
23624 1410
23625 581
23626 1445
23627 52
23628 124
23629 581
23630 1479
23631 1134
23632 1445
23633 1410
23634 1473
23635 581
23636 1063
23637 1473
23638 52
23639 1476
23640 123
23641 1551
23642 1063
23643 52
23644 69
23645 600
23646 1074
23647 1445
23648 1410
23649 581
23650 1445
23651 581
23652 1473
23653 124
23654 906
23655 581
23656 581
23657 1410
23658 581
23659 1410
23660 1063
23661 581
23662 1445
23663 69
23664 581
23665 581
23666 52
23667 1410
23668 69
23669 1410
23670 124
23671 123
23672 581
23673 1134
23674 1445
23675 1410
23676 1445
23677 1473
23678 581
23679 123
23680 1063
23681 1445
23682 581
23683 1063
23684 581
23685 69
23686 69
23687 1063
23688 1063
23689 581
23690 41
23691 1473
23692 581
23693 581
23694 581
23695 124
23696 1063
23697 124
23698 1445
23699 52
23700 1474
23701 75
23702 581
23703 69
23704 581
23705 581
23706 1445
23707 1473
23708 1063
23709 1420
23710 69
23711 590
23712 590
23713 1445
23714 581
23715 1490
23716 581
23717 581
23718 1473
23719 581
23720 581
23721 581
23722 581
23723 1476
23724 581
23725 1063
23726 123
23727 1473
23728 1473
23729 1445
23730 600
23731 69
23732 1063
23733 123
23734 581
23735 124
23736 1063
23737 124
23738 581
23739 600
23740 124
23741 1420
23742 1473
23743 581
23744 581
23745 52
23746 52
23747 1473
23748 124
23749 1410
23750 1445
23751 1410
23752 581
23753 581
23754 1410
23755 1445
23756 600
23757 52
23758 581
23759 52
23760 1410
23761 581
23762 590
23763 75
23764 1445
23765 581
23766 581
23767 52
23768 52
23769 1410
23770 1445
23771 581
23772 1063
23773 1134
23774 124
23775 1134
23776 1410
23777 606
23778 1063
23779 123
23780 581
23781 1410
23782 1410
23783 581
23784 1134
23785 1063
23786 1445
23787 581
23788 69
23789 123
23790 581
23791 581
23792 1473
23793 69
23794 124
23795 590
23796 581
23797 581
23798 581
23799 581
23800 600
23801 1134
23802 600
23803 124
23804 1473
23805 1063
23806 581
23807 581
23808 1410
23809 124
23810 1445
23811 52
23812 123
23813 69
23814 1476
23815 123
23816 1423
23817 124
23818 69
23819 124
23820 1445
23821 581
23822 52
23823 1445
23824 1476
23825 121
23826 581
23827 581
23828 123
23829 1134
23830 1445
23831 581
23832 581
23833 1063
23834 124
23835 581
23836 581
23837 69
23838 124
23839 581
23840 1063
23841 1410
23842 1137
23843 123
23844 907
23845 581
23846 1445
23847 581
23848 52
23849 1479
23850 52
23851 581
23852 123
23853 1552
23854 123
23855 1410
23856 581
23857 581
23858 1410
23859 590
23860 1445
23861 1445
23862 1445
23863 1063
23864 1410
23865 1410
23866 590
23867 581
23868 1445
23869 600
23870 1473
23871 1473
23872 581
23873 1410
23874 581
23875 1063
23876 581
23877 1063
23878 581
23879 1473
23880 52
23881 581
23882 581
23883 124
23884 581
23885 69
23886 581
23887 1134
23888 581
23889 1445
23890 1410
23891 1063
23892 1063
23893 581
23894 581
23895 1474
23896 581
23897 590
23898 1410
23899 1474
23900 581
23901 124
23902 581
23903 581
23904 52
23905 600
23906 1553
23907 581
23908 123
23909 1410
23910 41
23911 581
23912 581
23913 581
23914 590
23915 581
23916 581
23917 1410
23918 581
23919 1445
23920 1445
23921 123
23922 581
23923 1410
23924 581
23925 52
23926 1445
23927 52
23928 1063
23929 1445
23930 581
23931 1473
23932 1473
23933 1479
23934 52
23935 1063
23936 1063
23937 1134
23938 52
23939 69
23940 581
23941 1473
23942 581
23943 590
23944 1410
23945 52
23946 600
23947 1473
23948 581
23949 581
23950 1084
23951 1063
23952 581
23953 41
23954 1410
23955 581
23956 1410
23957 1479
23958 69
23959 1473
23960 52
23961 590
23962 581
23963 124
23964 52
23965 581
23966 581
23967 1445
23968 581
23969 1410
23970 1410
23971 52
23972 52
23973 1445
23974 1473
23975 581
23976 69
23977 590
23978 581
23979 1410
23980 123
23981 1483
23982 69
23983 581
23984 1063
23985 581
23986 52
23987 1445
23988 124
23989 69
23990 581
23991 51
23992 1410
23993 1410
23994 1084
23995 69
23996 581
23997 597
23998 1063
23999 1063
24000 1473
24001 1473
24002 123
24003 124
24004 124
24005 1445
24006 1445
24007 1473
24008 52
24009 1410
24010 1473
24011 1445
24012 581
24013 1410
24014 1473
24015 581
24016 51
24017 1063
24018 1410
24019 1134
24020 69
24021 590
24022 123
24023 1445
24024 1445
24025 1445
24026 581
24027 581
24028 1473
24029 1410
24030 590
24031 1473
24032 581
24033 1473
24034 1063
24035 581
24036 581
24037 124
24038 123
24039 123
24040 1410
24041 52
24042 52
24043 1445
24044 123
24045 124
24046 581
24047 581
24048 124
24049 581
24050 1445
24051 69
24052 124
24053 123
24054 52
24055 1473
24056 590
24057 581
24058 1445
24059 1410
24060 600
24061 52
24062 1063
24063 581
24064 581
24065 69
24066 69
24067 581
24068 581
24069 1134
24070 123
24071 124
24072 581
24073 124
24074 69
24075 1410
24076 1445
24077 1410
24078 69
24079 124
24080 581
24081 581
24082 1445
24083 1410
24084 1410
24085 581
24086 1410
24087 1445
24088 1134
24089 1445
24090 590
24091 124
24092 124
24093 606
24094 124
24095 590
24096 581
24097 52
24098 1474
24099 69
24100 1445
24101 1410
24102 581
24103 1063
24104 1473
24105 1410
24106 1063
24107 1063
24108 581
24109 51
24110 1476
24111 1137
24112 1410
24113 1445
24114 1063
24115 124
24116 581
24117 123
24118 1410
24119 52
24120 1445
24121 123
24122 1445
24123 1445
24124 52
24125 590
24126 585
24127 581
24128 69
24129 1474
24130 52
24131 52
24132 1063
24133 123
24134 124
24135 1473
24136 123
24137 123
24138 1477
24139 123
24140 1410
24141 1063
24142 52
24143 581
24144 581
24145 123
24146 69
24147 1410
24148 41
24149 581
24150 1063
24151 1410
24152 581
24153 1410
24154 1410
24155 1063
24156 123
24157 581
24158 1137
24159 1063
24160 1445
24161 1410
24162 1410
24163 1473
24164 581
24165 69
24166 124
24167 123
24168 52
24169 52
24170 581
24171 124
24172 1554
24173 52
24174 1473
24175 99
24176 124
24177 1063
24178 1063
24179 1410
24180 123
24181 1483
24182 581
24183 123
24184 581
24185 1445
24186 581
24187 52
24188 1445
24189 590
24190 606
24191 1063
24192 606
24193 1063
24194 123
24195 1063
24196 1410
24197 1420
24198 581
24199 1477
24200 1410
24201 1410
24202 590
24203 581
24204 1137
24205 581
24206 1477
24207 581
24208 1445
24209 124
24210 1410
24211 581
24212 123
24213 1473
24214 581
24215 1474
24216 1063
24217 1473
24218 606
24219 1410
24220 124
24221 1445
24222 52
24223 52
24224 1084
24225 581
24226 581
24227 1137
24228 581
24229 590
24230 581
24231 1063
24232 1555
24233 581
24234 1473
24235 1445
24236 4
24237 1474
24238 581
24239 581
24240 581
24241 123
24242 124
24243 581
24244 1410
24245 1445
24246 1473
24247 123
24248 123
24249 581
24250 1410
24251 1483
24252 1445
24253 1473
24254 581
24255 124
24256 1473
24257 1410
24258 69
24259 123
24260 41
24261 124
24262 581
24263 52
24264 727
24265 581
24266 1063
24267 1134
24268 1134
24269 52
24270 581
24271 581
24272 581
24273 1410
24274 1134
24275 1410
24276 581
24277 52
24278 1063
24279 1134
24280 1445
24281 581
24282 1479
24283 69
24284 581
24285 1473
24286 581
24287 581
24288 1474
24289 581
24290 124
24291 69
24292 123
24293 590
24294 1445
24295 581
24296 581
24297 1556
24298 581
24299 52
24300 1134
24301 1063
24302 69
24303 1410
24304 581
24305 1483
24306 1445
24307 581
24308 1063
24309 581
24310 581
24311 52
24312 606
24313 581
24314 1410
24315 581
24316 69
24317 581
24318 581
24319 590
24320 581
24321 1473
24322 1410
24323 1473
24324 1063
24325 590
24326 727
24327 581
24328 590
24329 99
24330 1410
24331 69
24332 1063
24333 581
24334 590
24335 590
24336 51
24337 52
24338 581
24339 581
24340 123
24341 1134
24342 124
24343 1410
24344 69
24345 581
24346 123
24347 124
24348 1063
24349 52
24350 581
24351 1063
24352 1445
24353 1479
24354 1063
24355 124
24356 1410
24357 927
24358 1063
24359 1063
24360 124
24361 1473
24362 581
24363 741
24364 581
24365 52
24366 124
24367 1490
24368 1410
24369 52
24370 1063
24371 581
24372 590
24373 52
24374 1445
24375 581
24376 581
24377 581
24378 606
24379 590
24380 69
24381 47
24382 1445
24383 51
24384 1445
24385 52
24386 590
24387 69
24388 1410
24389 1134
24390 1473
24391 41
24392 581
24393 69
24394 123
24395 52
24396 69
24397 1063
24398 581
24399 1410
24400 124
24401 1445
24402 1473
24403 1410
24404 1063
24405 123
24406 1092
24407 581
24408 124
24409 124
24410 581
24411 52
24412 1479
24413 1473
24414 1445
24415 124
24416 581
24417 1445
24418 1063
24419 581
24420 581
24421 69
24422 124
24423 581
24424 1476
24425 581
24426 123
24427 1473
24428 69
24429 1063
24430 1473
24431 52
24432 1410
24433 1410
24434 1445
24435 2
24436 1063
24437 1063
24438 1566
24439 1445
24440 581
24441 124
24442 590
24443 1483
24444 1410
24445 1137
24446 1473
24447 1063
24448 69
24449 1063
24450 69
24451 124
24452 1445
24453 1557
24454 75
24455 581
24456 1410
24457 1063
24458 581
24459 124
24460 581
24461 1410
24462 581
24463 581
24464 124
24465 590
24466 581
24467 1063
24468 124
24469 123
24470 69
24471 1063
24472 1410
24473 52
24474 1445
24475 590
24476 69
24477 590
24478 581
24479 581
24480 1410
24481 581
24482 1473
24483 1445
24484 590
24485 1410
24486 1473
24487 581
24488 590
24489 1134
24490 69
24491 581
24492 581
24493 581
24494 1063
24495 1410
24496 124
24497 1445
24498 1410
24499 124
24500 581
24501 581
24502 581
24503 581
24504 581
24505 52
24506 581
24507 600
24508 1063
24509 581
24510 581
24511 1063
24512 581
24513 1445
24514 590
24515 1410
24516 69
24517 124
24518 606
24519 581
24520 581
24521 1134
24522 590
24523 1479
24524 581
24525 124
24526 124
24527 606
24528 581
24529 581
24530 1445
24531 1063
24532 581
24533 1473
24534 1410
24535 1410
24536 581
24537 1063
24538 1063
24539 1479
24540 590
24541 581
24542 581
24543 581
24544 1063
24545 1410
24546 124
24547 1410
24548 590
24549 52
24550 581
24551 124
24552 1473
24553 581
24554 1410
24555 1410
24556 581
24557 581
24558 1134
24559 581
24560 52
24561 581
24562 1473
24563 581
24564 1445
24565 1473
24566 1490
24567 581
24568 1473
24569 69
24570 1410
24571 1410
24572 69
24573 581
24574 1473
24575 1410
24576 581
24577 52
24578 590
24579 585
24580 1445
24581 581
24582 1063
24583 581
24584 581
24585 1473
24586 1473
24587 1410
24588 581
24589 590
24590 581
24591 1445
24592 1410
24593 124
24594 123
24595 581
24596 1410
24597 606
24598 581
24599 1063
24600 590
24601 1410
24602 1063
24603 581
24604 581
24605 41
24606 1134
24607 1473
24608 124
24609 581
24610 124
24611 1410
24612 1473
24613 123
24614 581
24615 69
24616 1473
24617 1134
24618 590
24619 581
24620 1410
24621 69
24622 581
24623 1063
24624 1473
24625 597
24626 99
24627 581
24628 124
24629 581
24630 52
24631 1410
24632 581
24633 1445
24634 581
24635 123
24636 1479
24637 730
24638 1497
24639 730
24640 907
24641 891
24642 914
24643 891
24644 907
24645 730
24646 730
24647 730
24648 1558
24649 730
24650 891
24651 1497
24652 730
24653 730
24654 2
24655 1092
24656 23
24657 1559
24658 730
24659 730
24660 730
