1112 86
1113 11
1114 118
1115 114
1116 16
1117 117
1118 76
1119 37
1120 13
1121 127
1122 202
1123 33
1124 16
1125 78
1126 24
1127 31
1128 76
1129 206
1130 26
1131 49
1132 8
1133 27
1134 75
1135 36
1136 21
1137 59
1138 33
1139 31
1140 33
1141 206
1142 102
1143 4
1144 13
1145 75
1146 113
1147 203
1148 31
1149 75
1150 27
1151 33
1152 149
1153 87
1154 76
1155 8
1156 100
1157 76
1158 134
1159 25
1160 68
1161 75
1162 117
1163 134
1164 154
1165 21
1166 13
1167 100
1168 140
1169 13
1170 113
1171 8
1172 105
1173 73
1174 134
1175 87
1176 8
1177 16
1178 8
1179 75
1180 105
1181 4
1182 75
1183 75
1184 37
1185 78
1186 81
1187 31
1188 77
1189 87
1190 76
1191 97
1192 217
1193 5
1194 37
1195 119
1196 883
1197 143
1198 87
1199 13
1200 208
1201 12
1202 146
1203 134
1204 92
1205 36
1206 23
1207 766
1208 58
1209 44
1210 13
1211 212
1212 21
1213 5
1214 34
1215 97
1216 80
1217 4
1218 13
1219 789
1220 3
1221 37
1222 137
1223 217
1224 32
1225 34
1226 134
1227 78
1228 34
1229 86
1230 49
1231 4
1232 122
1233 8
1234 100
1235 145
1236 897
1237 23
1238 134
1239 74
1240 36
1241 143
1242 87
1243 73
1244 86
1245 184
1246 134
1247 74
1248 37
1249 27
1250 141
1251 2
1252 120
1253 25
1254 100
1255 80
1256 31
1257 41
1258 173
1259 13
1260 146
1261 15
1262 82
1263 3
1264 76
1265 75
1266 100
1267 32
1268 100
1269 46
1270 17
1271 87
1272 16
1273 13
1274 11
1275 137
1276 13
1277 87
1278 51
1279 221
1280 13
1281 103
1282 51
1283 75
1284 206
1285 202
1286 149
1287 120
1288 143
1289 206
1290 27
1291 127
1292 25
1293 88
1294 8
1295 12
1296 218
1297 218
1298 13
1299 75
1300 13
1301 37
1302 68
1303 80
1304 16
1305 75
1306 16
1307 975
1308 120
1309 110
1310 82
1311 122
1312 105
1313 73
1314 16
1315 87
1316 8
1317 9
1318 213
1319 47
1320 131
1321 165
1322 63
1323 218
1324 218
1325 76
1326 82
1327 165
1328 3
1329 156
1330 113
1331 8
1332 13
1333 8
1334 105
1335 219
1336 75
1337 11
1338 68
1339 113
1340 32
1341 13
1342 176
1343 13
1344 25
1345 74
1346 100
1347 76
1348 63
1349 206
1350 31
1351 102
1352 114
1353 131
1354 119
1355 75
1356 217
1357 13
1358 92
1359 82
1360 86
1361 86
1362 75
1363 139
1364 51
1365 36
1366 87
1367 34
1368 13
1369 8
1370 145
1371 4
1372 960
1373 206
1374 131
1375 139
1376 44
1377 80
1378 757
1379 76
1380 25
1381 100
1382 81
1383 100
1384 17
1385 81
1386 766
1387 149
1388 789
1389 4
1390 4
1391 784
1392 119
1393 33
1394 789
1395 41
1396 73
1397 81
1398 145
1399 63
1400 75
1401 203
1402 52
1403 143
1404 33
1405 4
1406 13
1407 81
1408 87
1409 64
1410 165
1411 960
1412 8
1413 80
1414 38
1415 39
1416 24
1417 27
1418 118
1419 4
1420 17
1421 16
1422 25
1423 86
1424 49
1425 33
1426 51
1427 58
1428 86
1429 87
1430 5
1431 134
1432 82
1433 13
1434 17
1435 37
1436 797
1437 75
1438 39
1439 75
1440 143
1441 798
1442 119
1443 73
1444 75
1445 117
1446 184
1447 21
1448 113
1449 145
1450 118
1451 114
1452 41
1453 75
1454 206
1455 81
1456 113
1457 75
1458 113
1459 15
1460 212
1461 151
1462 27
1463 81
1464 21
1465 49
1466 13
1467 202
1468 196
1469 101
1470 81
1471 68
1472 82
1473 196
1474 131
1475 100
1476 884
1477 76
1478 16
1479 3
1480 23
1481 78
1482 231
1483 100
1484 38
1485 218
1486 119
1487 137
1488 75
1489 31
1490 214
1491 13
1492 5
1493 37
1494 131
1495 3
1496 134
1497 16
1498 149
1499 8
1500 75
1501 8
1502 36
1503 32
1504 119
1505 113
1506 15
1507 119
1508 11
1509 137
1510 166
1511 13
1512 151
1513 105
1514 201
1515 75
1516 13
1517 17
1518 33
1519 9
1520 118
1521 82
1522 122
1523 114
1524 219
1525 23
1526 118
1527 38
1528 47
1529 92
1530 24
1531 87
1532 75
1533 151
1534 80
1535 212
1536 100
1537 87
1538 8
1539 33
1540 75
1541 63
1542 4
1543 82
1544 998
1545 15
1546 113
1547 95
1548 59
1549 21
1550 3
1551 82
1552 31
1553 55
1554 151
1555 114
1556 39
1557 143
1558 807
1559 114
1560 212
1561 101
1562 25
1563 208
1564 78
1565 24
1566 87
1567 88
1568 16
1569 119
1570 9
1571 157
1572 797
1573 13
1574 196
1575 75
1576 81
1577 82
1578 8
1579 885
1580 16
1581 8
1582 886
1583 8
1584 15
1585 201
1586 184
1587 13
1588 75
1589 13
1590 68
1591 75
1592 15
1593 8
1594 76
1595 131
1596 8
1597 51
1598 78
1599 51
1600 86
1601 87
1602 137
1603 213
1604 137
1605 25
1606 75
1607 3
1608 217
1609 16
1610 213
1611 807
1612 131
1613 137
1614 4
1615 75
1616 114
1617 8
1618 218
1619 88
1620 15
1621 13
1622 16
1623 118
1624 9
1625 55
1626 15
1627 33
1628 201
1629 156
1630 34
1631 9
1632 16
1633 75
1634 23
1635 86
1636 13
1637 86
1638 221
1639 75
1640 99
1641 114
1642 80
1643 134
1644 807
1645 37
1646 15
1647 173
1648 75
1649 73
1650 16
1651 74
1652 3
1653 196
1654 74
1655 76
1656 960
1657 131
1658 39
1659 134
1660 110
1661 78
1662 206
1663 82
1664 120
1665 16
1666 13
1667 119
1668 196
1669 33
1670 146
1671 114
1672 52
1673 81
1674 21
1675 78
1676 82
1677 51
1678 131
1679 87
1680 114
1681 73
1682 82
1683 82
1684 82
1685 102
1686 3
1687 86
1688 38
1689 34
1690 75
1691 41
1692 110
1693 15
1694 16
1695 76
1696 75
1697 11
1698 13
1699 11
1700 100
1701 80
1702 100
1703 31
1704 3
1705 73
1706 113
1707 31
1708 114
1709 92
1710 87
1711 75
1712 75
1713 15
1714 798
1715 51
1716 75
1717 21
1718 87
1719 16
1720 11
1721 119
1722 37
1723 143
1724 16
1725 80
1726 27
1727 202
1728 46
1729 80
1730 87
1731 206
1732 8
1733 13
1734 37
1735 36
1736 134
1737 16
1738 75
1739 47
1740 51
1741 205
1742 16
1743 16
1744 49
1745 39
1746 58
1747 118
1748 87
1749 129
1750 15
1751 82
1752 217
1753 134
1754 203
1755 76
1756 21
1757 36
1758 5
1759 126
1760 75
1761 100
1762 137
1763 151
1764 49
1765 21
1766 24
1767 887
1768 81
1769 206
1770 217
1771 143
1772 118
1773 33
1774 95
1775 68
1776 156
1777 78
1778 49
1779 16
1780 75
1781 165
1782 134
1783 58
1784 145
1785 140
1786 8
1787 27
1788 114
1789 157
1790 134
1791 100
1792 100
1793 26
1794 119
1795 9
1796 134
1797 13
1798 134
1799 16
1800 13
1801 25
1802 86
1803 82
1804 21
1805 49
1806 75
1807 37
1808 151
1809 114
1810 16
1811 114
1812 231
1813 86
1814 33
1815 3
1816 86
1817 75
1818 34
1819 32
1820 998
1821 24
1822 13
1823 21
1824 31
1825 4
1826 23
1827 23
1828 4
1829 114
1830 81
1831 202
1832 975
1833 8
1834 13
1835 134
1836 86
1837 49
1838 25
1839 75
1840 49
1841 11
1842 789
1843 73
1844 143
1845 103
1846 86
1847 21
1848 39
1849 47
1850 165
1851 151
1852 143
1853 100
1854 140
1855 47
1856 76
1857 134
1858 888
1859 13
1860 998
1861 118
1862 4
1863 5
1864 13
1865 23
1866 87
1867 4
1868 110
1869 206
1870 113
1871 99
1872 184
1873 81
1874 13
1875 151
1876 39
1877 5
1878 17
1879 13
1880 75
1881 13
1882 87
1883 165
1884 100
1885 218
1886 206
1887 889
1888 76
1889 113
1890 80
1891 890
1892 87
1893 38
1894 97
1895 21
1896 196
1897 39
1898 15
1899 75
1900 11
1901 24
1902 113
1903 13
1904 231
1905 165
1906 8
1907 8
1908 113
1909 16
1910 4
1911 157
1912 128
1913 11
1914 51
1915 975
1916 208
1917 87
1918 105
1919 31
1920 127
1921 55
1922 79
1923 23
1924 205
1925 137
1926 49
1927 114
1928 8
1929 46
1930 127
1931 32
1932 75
1933 41
1934 134
1935 39
1936 87
1937 78
1938 51
1939 137
1940 92
1941 33
1942 17
1943 113
1944 76
1945 126
1946 21
1947 114
1948 58
1949 9
1950 120
1951 101
1952 154
1953 219
1954 25
1955 897
1956 26
1957 16
1958 81
1959 76
1960 113
1961 77
1962 17
1963 75
1964 38
1965 122
1966 149
1967 82
1968 113
1969 151
1970 9
1971 75
1972 13
1973 87
1974 4
1975 13
1976 25
1977 154
1978 202
1979 99
1980 79
1981 34
1982 27
1983 75
1984 99
1985 31
1986 126
1987 38
1988 55
1989 173
1990 51
1991 784
1992 34
1993 86
1994 25
1995 25
1996 213
1997 81
1998 31
1999 126
2000 27
2001 102
2002 82
2003 4
2004 139
2005 114
2006 49
2007 82
2008 789
2009 13
2010 8
2011 100
2012 82
2013 789
2014 3
2015 47
2016 113
2017 134
2018 75
2019 16
2020 31
2021 219
2022 55
2023 9
2024 51
2025 4
2026 51
2027 173
2028 13
2029 100
2030 16
2031 76
2032 47
2033 151
2034 75
2035 131
2036 975
2037 49
2038 31
2039 80
2040 127
2041 55
2042 217
2043 206
2044 8
2045 88
2046 113
2047 145
2048 16
2049 97
2050 99
2051 3
2052 157
2053 143
2054 13
2055 32
2056 113
2057 110
2058 47
2059 11
2060 8
2061 33
2062 119
2063 134
2064 11
2065 100
2066 100
2067 3
2068 13
2069 55
2070 25
2071 52
2072 8
2073 27
2074 149
2075 97
2076 13
2077 34
2078 11
2079 213
2080 21
2081 75
2082 137
2083 8
2084 95
2085 27
2086 41
2087 16
2088 86
2089 114
2090 92
2091 15
2092 8
2093 24
2094 126
2095 49
2096 213
2097 131
2098 114
2099 33
2100 49
2101 3
2102 134
2103 75
2104 16
2105 16
2106 64
2107 75
2108 128
2109 55
2110 25
2111 221
2112 231
2113 75
2114 82
2115 784
2116 157
2117 80
2118 25
2119 137
2120 16
2121 58
2122 231
2123 73
2124 201
2125 68
2126 52
2127 21
2128 74
2129 75
2130 78
2131 4
2132 154
2133 16
2134 76
2135 58
2136 75
2137 80
2138 100
2139 26
2140 8
2141 203
2142 68
2143 16
2144 120
2145 76
2146 196
2147 17
2148 25
2149 10
2150 4
2151 16
2152 102
2153 16
2154 118
2155 76
2156 15
2157 87
2158 25
2159 114
2160 75
2161 975
2162 13
2163 221
2164 114
2165 203
2166 119
2167 143
2168 13
2169 34
2170 101
2171 31
2172 16
2173 165
2174 165
2175 212
2176 86
2177 128
2178 11
2179 100
2180 87
2181 13
2182 113
2183 206
2184 76
2185 63
2186 8
2187 105
2188 21
2189 34
2190 3
2191 139
2192 208
2193 16
2194 32
2195 80
2196 184
2197 16
2198 76
2199 100
2200 105
2201 32
2202 34
2203 33
2204 33
2205 87
2206 16
2207 154
2208 893
2209 99
2210 100
2211 75
2212 219
2213 76
2214 12
2215 206
2216 75
2217 196
2218 78
2219 92
2220 47
2221 51
2222 13
2223 173
