7656 41
7657 34
7658 81
7659 56
7660 148
7661 99
7662 132
7663 27
7664 101
7665 27
7666 73
7667 44
7668 3
7669 49
7670 958
7671 87
7672 104
7673 86
7674 1158
7675 112
7676 74
7677 100
7678 5
7679 74
7680 8
7681 99
7682 162
7683 1884
7684 1255
7685 25
7686 146
7687 37
7688 781
7689 1470
7690 46
7691 75
7692 37
7693 47
7694 86
7695 85
7696 96
7697 99
7698 77
7699 977
7700 56
7701 1847
7702 51
7703 96
7704 56
7705 184
7706 74
7707 33
7708 768
7709 774
7710 146
7711 75
7712 81
7713 119
7714 73
7715 780
7716 1063
7717 21
7718 8
7719 99
7720 80
7721 16
7722 91
7723 109
7724 109
7725 25
7726 37
7727 63
7728 32
7729 141
7730 34
7731 41
7732 5
7733 56
7734 13
7735 112
7736 17
7737 91
7738 13
7739 49
7740 27
7741 17
7742 23
7743 25
7744 8
7745 72
7746 78
7747 143
7748 118
7749 41
7750 113
7751 77
7752 8
7753 5
7754 79
7755 58
7756 55
7757 13
7758 74
7759 34
7760 74
7761 76
7762 16
7763 1848
7764 101
7765 119
7766 100
7767 47
7768 68
7769 41
7770 8
7771 116
7772 38
7773 922
7774 56
7775 100
7776 31
7777 49
7778 36
7779 1086
7780 27
7781 1624
7782 74
7783 24
7784 132
7785 13
7786 13
7787 47
7788 31
7789 33
7790 8
7791 4
7792 13
7793 75
7794 112
7795 13
7796 80
7797 75
7798 78
7799 99
7800 109
7801 74
7802 27
7803 968
7804 86
7805 99
7806 32
7807 130
7808 4
7809 1185
7810 72
7811 130
7812 9
7813 49
7814 99
7815 108
7816 112
7817 41
7818 113
7819 140
7820 88
7821 977
7822 189
7823 1255
7824 51
7825 125
7826 148
7827 56
7828 123
7829 13
7830 86
7831 116
7832 1158
7833 1430
7834 99
7835 13
7836 1052
7837 16
7838 5
7839 1919
7840 26
7841 129
7842 74
7843 32
7844 13
7845 3
7846 1884
7847 17
7848 109
7849 130
7850 764
7851 79
7852 1347
7853 74
7854 11
7855 113
7856 1849
7857 129
7858 13
7859 74
7860 121
7861 16
7862 16
7863 27
7864 75
7865 49
7866 25
7867 34
7868 16
7869 16
7870 977
7871 1516
7872 81
7873 772
7874 27
7875 81
7876 153
7877 13
7878 81
7879 754
7880 146
7881 1943
7882 13
7883 31
7884 1255
7885 24
7886 13
7887 141
7888 24
7889 99
7890 8
7891 184
7892 16
7893 113
7894 27
7895 13
7896 64
7897 132
7898 33
7899 151
7900 58
7901 968
7902 13
7903 72
7904 4
7905 31
7906 17
7907 72
7908 25
7909 85
7910 8
7911 1850
7912 3
7913 41
7914 78
7915 56
7916 977
7917 769
7918 1233
7919 23
7920 1255
7921 74
7922 37
7923 23
7924 130
7925 55
7926 39
7927 101
7928 99
7929 4
7930 99
7931 132
7932 13
7933 74
7934 1086
7935 1851
7936 75
7937 132
7938 13
7939 86
7940 118
7941 13
7942 146
7943 118
7944 15
7945 49
7946 96
7947 26
7948 37
7949 1943
7950 1083
7951 17
7952 16
7953 113
7954 781
7955 13
7956 99
7957 780
7958 68
7959 33
7960 1935
7961 1852
7962 8
7963 100
7964 49
7965 5
7966 141
7967 151
7968 34
7969 101
7970 141
7971 8
7972 86
7973 37
7974 86
7975 74
7976 23
7977 13
7978 49
7979 56
7980 1111
7981 919
7982 39
7983 36
7984 33
7985 13
7986 74
7987 104
7988 8
7989 112
7990 16
7991 33
7992 140
7993 75
7994 146
7995 85
7996 1919
7997 1935
7998 140
7999 15
8000 76
8001 17
8002 151
8003 31
8004 78
8005 1158
8006 12
8007 118
8008 81
8009 10
8010 16
8011 55
8012 99
8013 155
8014 780
8015 77
8016 4
8017 16
8018 140
8019 8
8020 86
8021 132
8022 74
8023 27
8024 25
8025 25
8026 31
8027 4
8028 130
8029 1644
8030 148
8031 123
8032 151
8033 1436
8034 119
8035 86
8036 73
8037 59
8038 37
8039 74
8040 99
8041 16
8042 123
8043 754
8044 49
8045 23
8046 780
8047 101
8048 85
8049 74
8050 37
8051 100
8052 5
8053 9
8054 140
8055 5
8056 23
8057 56
8058 132
8059 86
8060 63
8061 25
8062 155
8063 76
8064 116
8065 99
8066 74
8067 47
8068 56
8069 113
8070 15
8071 55
8072 16
8073 143
8074 118
8075 112
8076 1854
8077 80
8078 13
8079 16
8080 74
8081 772
8082 74
8083 787
8084 977
8085 148
8086 86
8087 113
8088 1833
8089 123
8090 39
8091 58
8092 86
8093 80
8094 189
8095 72
8096 104
8097 13
8098 148
8099 16
8100 15
8101 81
8102 99
8103 99
8104 31
8105 87
8106 1400
8107 13
8108 100
8109 155
8110 113
8111 8
8112 113
8113 75
8114 99
8115 96
8116 1855
8117 127
8118 77
8119 5
8120 99
8121 112
8122 81
8123 91
8124 79
8125 81
8126 8
8127 4
8128 78
8129 83
8130 17
8131 184
8132 1158
8133 780
8134 31
8135 28
8136 86
8137 15
8138 77
8139 119
8140 76
8141 75
8142 754
8143 141
8144 91
8145 68
8146 26
8147 119
8148 1158
8149 13
8150 34
8151 25
8152 74
8153 23
8154 112
8155 113
8156 31
8157 86
8158 74
8159 31
8160 81
8161 99
8162 1052
8163 74
8164 1225
8165 151
8166 87
8167 15
8168 1856
8169 39
8170 49
8171 112
8172 132
8173 86
8174 184
8175 99
8176 781
8177 33
8178 34
8179 25
8180 155
8181 1327
8182 1086
8183 112
8184 132
8185 11
8186 81
8187 34
8188 16
8189 68
8190 13
8191 85
8192 1624
8193 51
8194 121
8195 142
8196 3
8197 104
8198 118
8199 9
8200 80
8201 13
8202 86
8203 101
8204 36
8205 99
8206 15
8207 162
8208 78
8209 1124
8210 27
8211 1083
8212 16
8213 99
8214 109
8215 56
8216 113
8217 31
8218 81
8219 74
8220 762
8221 99
8222 74
8223 184
8224 132
8225 112
8226 99
8227 78
8228 26
8229 13
8230 129
8231 112
8232 112
8233 153
8234 774
8235 126
8236 132
8237 75
8238 1793
8239 34
8240 75
8241 86
8242 189
8243 74
8244 116
8245 113
8246 87
8247 56
8248 144
8249 1634
8250 958
8251 16
8252 2
8253 75
8254 4
8255 64
8256 81
8257 33
8258 91
8259 86
8260 5
8261 104
8262 31
8263 72
8264 189
8265 8
8266 88
8267 74
8268 1909
8269 113
8270 15
8271 140
8272 91
8273 118
8274 140
8275 75
8276 13
8277 44
8278 8
8279 81
8280 49
8281 126
8282 21
8283 81
8284 129
8285 113
8286 58
8287 118
8288 780
8289 34
8290 1857
8291 74
8292 1073
8293 81
8294 112
8295 100
8296 39
8297 86
8298 137
8299 33
8300 140
8301 68
8302 34
8303 68
8304 919
8305 80
8306 47
8307 75
8308 47
8309 77
8310 23
8311 81
8312 68
8313 39
8314 132
8315 104
8316 74
8317 118
8318 73
8319 762
8320 118
8321 80
8322 119
8323 8
8324 781
8325 79
8326 74
8327 132
8328 1909
8329 104
8330 80
8331 74
8332 8
8333 17
8334 23
8335 77
8336 8
8337 100
8338 85
8339 58
8340 140
8341 33
8342 21
8343 64
8344 26
8345 80
8346 985
8347 112
8348 33
8349 86
8350 47
8351 55
