955 2257
9899 2502
573 2485
8319 636
4967 2484
4144 2485
3137 2257
2932 2744
3179 2487
4578 2505
3706 2490
1082 2491
8999 2055
3046 613
2487 2489
6677 2489
4051 2506
6058 2257
8967 2055
4904 2487
8108 2257
5686 2257
6568 2487
9128 2486
3176 2507
7954 2489
8924 2508
10751 2518
10201 2485
997 2487
1088 2491
9581 2257
9334 2505
8228 613
969 2483
7101 2055
3821 613
2175 2487
10044 2506
7803 2505
8295 2257
10302 2490
8344 613
1122 2520
1510 2490
10225 2484
7047 2510
3699 2490
459 2511
6607 2507
2170 2491
8176 2489
2865 2257
796 2487
6560 1286
2629 2487
3256 2257
271 2490
274 2506
3020 2745
10663 2257
3308 2485
7057 2511
10735 2257
10630 613
6690 2489
3477 2487
9290 2257
11067 2055
8918 2257
5774 2505
5756 2055
9804 2746
1823 2515
6917 2515
4933 613
9326 2489
2852 2490
7090 2257
3165 2506
7065 1286
2312 2506
8220 2490
9546 2489
7431 2747
5266 2491
5261 2518
2408 2491
5045 2511
4584 2489
2061 2505
6580 2483
7767 2487
7466 2489
867 2520
568 2487
2350 2491
280 2521
5487 2489
1259 1608
4694 2511
2950 2511
6171 2055
329 2522
10756 613
1418 2257
1904 2489
9945 2502
4992 2257
5040 2489
300 2510
5617 2490
10361 2055
7521 613
10870 2502
9890 2257
9621 2491
8645 2055
8523 2511
1123 2505
2788 613
7457 2487
6277 2257
1901 2508
2192 2483
8416 2257
789 2257
4758 2515
639 2487
3793 2486
5424 2487
804 2257
5086 2487
1285 2520
10573 1608
1232 2506
5420 613
9331 2490
4887 1286
9022 2489
10328 2491
1372 2518
10490 2485
6667 2055
8722 1608
5633 2055
5142 2487
5122 2487
11084 2490
8691 1286
2886 613
2313 2508
6115 2506
5414 2509
197 2485
8709 2506
7341 2257
3368 935
3533 2486
5027 2485
9625 1479
6826 2055
8194 2506
3507 2491
6579 2257
4868 2522
288 613
8834 2491
8051 2491
6556 2748
543 613
5903 2257
2514 2520
10940 2055
10868 2485
10812 2528
2384 2511
3882 2505
5452 613
3746 2485
10740 2055
1831 2520
6834 2487
8209 2510
1401 2511
850 2515
5897 2257
1447 2515
10295 2055
5722 2484
8164 2518
9740 2511
3015 2515
2112 2489
823 2520
6625 2485
10347 1286
3678 2257
2334 2518
1842 1286
10975 2055
1747 2257
7901 2505
9717 2055
834 613
8394 614
8408 2518
7688 2489
2236 2487
4838 2257
7561 2487
8925 2749
3170 2486
5230 2505
3012 2522
4953 2502
4335 2257
6534 2488
1130 613
3299 1286
6319 613
8324 2489
5675 2750
2617 613
3038 2518
3177 2515
6065 613
7860 2508
6638 2489
4336 2491
2378 2528
9076 1286
505 2505
4237 2485
3127 2511
7677 2257
2914 2489
5225 2522
3372 2485
4701 2489
5960 2489
10318 1286
5465 2055
7963 2491
10059 2505
7583 2484
8962 2489
10797 2515
4057 2257
6435 2257
7654 2055
5624 613
6392 2506
27 613
2772 2751
5005 2055
5043 2055
275 1608
10980 2055
1563 2483
978 2257
2227 2506
7335 2257
1021 2485
5020 2511
122 2491
1086 613
10569 2257
7251 2483
2613 2486
8801 2055
1394 1286
7086 2508
10835 2506
1522 2506
7463 2257
10923 2511
5141 2485
10606 2506
5615 1286
3462 2511
8298 2485
3710 1222
10642 2257
7397 2486
8337 2257
8365 2507
3985 2515
4667 2485
4720 2491
10276 1286
451 2520
3289 2485
8081 2483
4327 2489
5879 613
2013 1286
7123 2505
7217 2055
1965 2506
2139 613
4783 2511
2460 2511
9292 2505
7840 613
320 2509
9059 618
5496 2055
7644 2518
9535 1054
1656 2518
7280 2491
8952 2055
7177 2055
10366 2505
5283 2528
4663 1286
1952 1286
7263 2490
1147 2511
3705 1286
6593 2055
5531 2257
9822 2518
3285 2505
10411 2511
1027 2257
9878 2518
2779 2485
2963 2506
6200 2508
2515 2506
10161 2257
8662 2489
1469 2491
7873 2483
9017 2485
7918 2515
9726 2055
9701 2490
3280 2488
4875 2506
10076 2055
6845 2489
7133 613
1482 2489
1535 2487
2141 2511
484 2491
4128 2511
301 2257
4191 2487
8084 2488
7413 2055
5514 2506
9066 2510
5989 2491
7165 2483
6416 2055
1772 2257
8249 2487
9845 2487
8840 2522
68 2483
10434 2506
6310 2483
1951 2485
773 2520
8461 2752
5608 2055
1080 2485
4292 2484
10298 2515
4069 2522
844 2506
2330 613
9415 2487
3844 2257
3192 2483
532 2506
6551 2487
2552 2528
10333 2055
5196 613
2008 1286
7881 2528
5536 2483
6397 2055
876 2257
2597 2522
6794 2505
1956 613
7917 2511
2154 2257
7629 2489
4407 2505
3208 2491
10845 2055
4802 2489
9567 2257
1754 2511
8714 2534
1219 1286
9868 613
2493 2520
2951 2489
832 2489
1342 2522
5241 2055
7717 2055
931 613
6076 2487
7464 2055
9200 2753
7836 2754
1168 2485
1450 2257
8994 2489
4285 2485
5267 2505
10899 2055
9012 2505
1623 2257
6570 2515
9279 2055
9703 2755
1094 613
3491 2505
263 2520
1560 2487
6447 2489
5745 2491
10960 2490
7850 2509
5176 2055
4194 2485
5923 2486
64 2508
5159 1286
7481 2257
9171 2489
4151 2505
4406 2257
11040 2487
2678 2257
3295 2257
8828 2510
3850 1286
3981 2489
6143 613
5244 2484
10484 2528
733 2487
2321 2521
6095 2506
1520 2257
5204 1286
5490 2522
31 2506
520 2487
1311 2506
3411 2257
6088 2515
8825 2511
6766 2490
6768 2487
1114 2257
8520 2489
7053 2483
6490 2257
3725 2506
3187 2485
10521 2491
8799 935
7100 2055
8607 2485
2122 2489
5909 2257
2256 2511
6624 2510
4065 2489
2245 2520
8384 2756
4997 2485
11025 2257
9853 2257
2506 2484
3738 2490
958 2484
1767 2757
6231 2758
9271 2055
10131 2483
7451 1286
4176 2489
10649 2257
8809 2518
1858 2534
150 2257
4577 2506
871 2505
6329 2489
7870 2488
7051 2759
1812 2502
4627 2502
5974 2486
7462 2485
5639 2515
5055 2055
2634 2486
7167 2257
11028 2485
8760 2489
3365 2491
3945 2488
1978 2520
3276 2515
8524 2055
2605 2488
7821 2488
6010 2515
2165 1479
7833 2760
10934 2518
5477 2505
1460 2487
1046 2520
3014 2257
7232 2486
4114 2257
159 2506
2770 2483
5729 2055
8749 2505
4700 2489
9780 2055
7074 2257
388 2488
4886 2522
1196 2486
5222 2055
10275 2511
8526 2505
5579 2055
7540 2522
8162 2487
1766 2508
8786 2506
2488 2518
8500 2055
9215 2486
5571 2506
6066 2257
6966 2257
7949 2528
3198 2487
6776 2489
1861 2257
3504 2506
9400 2528
9725 2502
349 2491
8748 613
829 935
8282 2055
3744 2522
8857 2505
3011 1286
1411 2518
2587 2257
7120 2470
5678 809
7766 2257
1388 1286
7627 2489
4202 2483
6581 613
2553 1286
6597 2055
8761 2055
5630 2055
10745 2489
5816 1286
9796 2487
8032 1608
4425 2518
8528 2257
9133 2485
1727 2520
6371 2489
4234 2487
10995 2522
5021 2055
4516 2483
8805 2487
3661 2487
7775 2257
5748 2487
9217 2506
7916 2491
2780 2487
4260 2487
5661 2488
2429 2520
10903 2507
8771 2257
9702 2490
10297 2487
6882 2486
9722 2761
549 2505
7332 2055
10854 2510
9237 613
9738 2055
653 2489
3965 2505
8146 613
896 2511
10585 1286
5826 2487
7773 2486
4979 2522
3912 2490
10402 2257
4461 1286
1211 2487
3837 2522
488 2502
9884 613
385 2518
7073 2485
10493 2489
2377 2520
9985 2490
7214 2518
1083 2487
4453 2502
10457 2257
4670 2489
1467 2520
5415 2055
5472 1286
4373 2490
2669 2257
7143 2518
10019 2487
5592 2487
6492 2055
2928 30
2447 2522
30 1286
8 1286
4246 2522
1916 2483
9548 2511
768 809
6192 2489
3037 613
4553 2491
5147 2485
2259 2257
2804 2518
1785 2485
3663 1286
2996 2510
839 2487
8635 2491
6799 2486
7225 2257
9440 2502
6781 2491
10794 2762
8966 795
4769 1303
981 935
10635 2763
10113 2549
9067 2764
10248 1074
9607 614
9611 2765
2478 1074
1619 2766
8356 1074
4165 2520
9620 2549
4382 2550
7763 2767
2079 2768
5190 935
8371 2769
7284 2770
5724 1303
281 2550
