3787 1819
2231 1816
9869 1607
7435 1815
6406 1999
10061 1607
9478 1410
1416 1825
10571 1815
4279 1816
10261 1823
10371 1826
6904 1827
5430 1636
8017 1827
4837 1827
10817 1606
2193 1817
1655 1816
6648 1821
5380 1828
3292 1636
5720 1636
3006 1827
4749 1636
3426 1814
6499 618
5197 1814
5939 1636
3538 1827
7340 1819
1321 2000
9374 1607
6959 1832
19 1819
3355 1815
1306 1817
61 1814
9363 1826
4419 1827
3379 1827
3980 1816
2923 1821
9870 1819
3086 1821
7061 1636
2754 1837
3646 1827
2068 1828
5454 1819
3229 1823
10900 1607
10216 1606
9775 1606
5707 1821
8875 1607
8631 1825
312 1827
1915 1821
76 1839
9165 1636
863 1817
3716 1817
10358 1636
9680 1410
7868 1816
6457 1636
10313 1607
8423 1815
8546 1819
8940 1410
2719 1816
5858 1839
1037 1827
7672 1636
1750 1819
2198 1840
9800 1606
6089 1821
7324 1636
4306 1815
3340 1816
4029 1827
7298 1827
9862 1606
715 1815
3666 1816
8843 1816
10591 1606
2115 1841
3069 2001
8373 1815
4909 1816
572 1636
10031 1816
8329 1636
11043 1606
5111 1815
4598 1827
8610 1816
10568 1816
4224 1841
5610 1821
2568 1815
3643 1840
8195 1814
9730 1606
4401 1841
8950 2002
3394 1636
8740 1607
7379 1636
1856 1816
1584 1819
7534 1840
2276 1827
8764 1838
7131 1814
10607 1606
3872 1815
5958 1826
8275 1826
10909 1607
9068 1410
9679 1815
10144 1410
9486 1841
2206 1827
7864 1826
1398 1814
8079 1827
3209 1827
9097 1841
8127 1844
6891 1636
1441 1844
8206 1819
2544 1827
3320 1827
4096 1823
9860 1636
8934 1636
1067 1827
2676 1816
7944 1819
5705 1815
3410 1827
10098 1636
2957 1816
10629 1606
25 1815
7999 1819
8567 1814
269 1827
1478 1827
4615 1815
535 1838
10892 1410
3444 1844
1373 1825
5796 1827
7179 1636
2281 1827
9988 1821
9586 1636
4630 1821
10189 1410
184 1814
3632 1816
8096 1636
3480 1841
1261 1819
6123 1823
1378 1839
11017 1815
10829 1816
9521 1839
5160 1636
4550 1814
3125 1816
4633 1827
3132 1816
8368 1821
6975 1826
8876 1816
5448 1827
10853 1636
7621 1816
10232 1410
10527 1815
9906 1607
7936 1826
5080 1821
7538 1815
8701 1826
2735 1819
6697 1815
1713 1851
2851 1636
10878 1636
9696 1606
4755 1055
2507 1851
7230 1823
996 1815
1449 1814
2372 1827
8398 1815
1743 1827
9417 1607
7323 1636
10586 1636
6194 1844
3942 1636
4289 1816
1513 1636
8497 1477
10145 1826
3704 1816
9700 1815
7004 1826
6122 1841
10779 1841
9174 1607
8553 1821
359 1636
5739 1817
2352 1821
6486 1841
1568 1827
1742 1817
1694 1816
10631 1606
10376 2003
2510 1816
5706 1817
1312 1636
6995 1827
10551 1816
5857 1636
6073 1636
4585 1636
8865 1815
6955 1636
4852 1819
5223 1839
6333 1827
8197 1636
8979 1606
2197 1827
6208 1636
2156 1819
6923 1815
8304 1841
6054 1841
4380 1827
8983 1295
11079 1636
2373 2004
1622 1827
4977 1815
10247 1827
7572 1827
1077 1821
9887 1606
9079 1607
4820 1819
3674 1827
3824 1826
8550 1636
4556 1815
10917 1821
10083 794
9142 1607
10964 1606
7494 1816
9802 794
4308 1819
4170 1816
4227 1636
674 1839
9204 1410
5232 1827
6295 1636
9902 1606
5252 1821
1111 1636
1106 1827
9453 2005
1391 1841
10220 1818
10184 1606
1235 1814
2277 1841
7828 1827
9134 1826
2750 1819
11012 1816
9876 1636
11046 1826
6429 1816
2382 1821
11018 1826
2361 1317
4858 1840
9483 1826
2213 1816
2200 1636
9109 1606
999 1816
1272 1827
5207 1819
7026 1816
4671 1821
8693 1816
9437 1607
353 1827
1459 1827
6848 1841
2618 1827
3848 1827
4244 1827
10783 1607
10133 1636
10701 1636
423 1636
1991 1841
5033 1815
1579 1837
7377 1819
6269 1844
9424 1606
4478 1817
6297 1815
458 1827
3823 1636
10610 1819
3160 1851
211 1607
1545 1823
10729 1636
6226 1826
4770 1841
8886 1606
4410 1821
10190 1840
9249 1606
129 1827
8987 1821
1695 1816
7793 1826
341 1844
4349 1827
5097 1823
2801 1840
6703 1844
7568 1826
299 1814
8554 1841
2369 1636
1898 1819
5712 1827
1626 1819
16 1838
10961 1410
7228 1825
9356 1832
8768 1410
3073 1841
10037 1814
166 1827
8315 1636
5210 1636
7260 1821
9731 1816
4459 1636
2294 1816
5754 1827
9531 1821
2047 1814
976 1827
3887 1823
8795 1815
7952 1827
3397 1636
10771 1816
1737 1827
10593 1607
6719 1819
2497 1825
4254 1827
4370 1816
3590 1844
2711 1815
8141 1816
5034 1816
6179 1395
9609 1606
9491 1636
2880 1823
9664 1606
2143 1827
723 1816
7446 1827
2358 1826
4938 1827
2680 1819
7981 1841
918 1840
9652 1815
4432 1636
7987 1837
7215 1816
1264 2006
8029 1827
8499 1815
4651 1827
1180 1636
10079 1636
567 1814
6409 1827
8584 1818
7366 1844
9852 1815
6139 1636
10169 1815
4072 1636
5602 1827
2151 1827
10383 1607
1821 1815
7153 1823
2036 1821
4399 1841
8680 1636
6669 1841
7455 1819
4834 1827
9036 1607
3250 1841
5296 1827
5993 1816
2528 1841
924 1816
828 1823
4579 1821
428 1827
4261 1821
7691 1840
8815 1819
9273 1815
10438 1636
2093 1815
6262 1840
8726 1607
2645 1815
1779 1816
10014 1814
3956 1827
8899 2007
4391 1816
6637 1293
1609 1827
5984 1289
9490 1606
6965 1815
6129 1839
9223 1607
9993 1815
5411 1826
3218 1827
5063 1827
339 1636
2187 1636
1307 1821
4752 1816
797 1814
8892 1841
10439 1636
465 1826
6851 1823
485 1827
10095 1410
5831 1815
5632 1815
9039 1606
6861 1816
7310 1821
10726 1410
787 1819
3091 1825
8207 1821
9583 1636
585 1636
9369 1606
6102 1827
5811 1819
2184 1826
8270 1838
7649 1839
10475 1816
8738 1410
10518 1606
6162 1815
3047 1826
4984 1841
11038 1821
6506 1818
3622 1827
10978 1410
10047 1819
4071 1828
9838 1821
627 1828
164 1816
9288 1826
6030 1821
9015 1606
4986 1636
10969 1606
1059 1841
8041 1827
8776 1815
4740 1636
133 1815
2120 1827
1477 1816
8072 1827
4276 1827
2545 1815
4286 1840
1126 1815
8100 1819
1157 1816
127 1636
9226 1606
2360 1636
8743 1606
10944 1844
1693 1823
2172 1816
9055 1410
10712 1814
8188 1827
8732 1816
6897 1827
343 2008
10187 794
9568 1815
1565 1815
1506 1819
1177 1827
8212 1827
5916 1827
11032 1815
6723 1826
1832 1821
9824 1815
9394 1815
1188 1821
2445 1315
6615 1816
7885 1815
2644 1827
4890 1827
6953 1816
1580 1827
2155 1816
7783 1815
5328 1821
4068 1815
1370 1814
1784 1814
10156 1815
1592 1818
10838 2009
10240 1410
6879 1816
1909 1827
7892 1827
5404 1825
2843 1819
340 1815
10143 1838
6268 1851
10848 1819
945 1636
10087 1840
17 1827
1714 1844
5926 1399
10065 1636
9590 1814
6140 1636
10255 1606
8070 1819
9557 1816
9449 1821
6432 1821
6501 1818
5134 1816
7588 1815
1334 1636
9651 1607
10785 1636
9362 1815
8113 1816
3175 1827
4827 1827
10110 1636
4646 1815
3395 1816
1154 1816
5044 2010
7614 1816
298 1636
1118 1816
9571 1816
3419 1827
9678 1607
1918 1636
6545 1826
7269 1818
449 1816
1172 1636
3161 1636
1314 1827
2291 1816
3205 1827
7990 1827
6627 1636
10959 1819
5585 1821
2091 1818
7448 1636
5432 1636
4179 1841
1304 1827
1325 1826
3364 1636
3359 1818
9137 1816
6642 1816
7682 1827
2161 1821
6448 1827
7204 1636
6738 1816
8889 1606
5089 1636
8587 1840
7514 1821
9322 1410
2881 1823
8261 1636
4956 1815
4591 1826
6934 1827
11107 1819
8393 1823
3789 1827
10700 1821
9390 1815
2389 1636
8137 1818
2019 1827
2615 1814
100 1815
7176 1827
6887 1844
527 1636
8522 1815
65 1827
4961 1828
8895 1636
3475 1816
10539 1816
479 1815
8419 1819
9925 1844
9470 1868
9564 1844
4772 1827
2642 30
6431 1826
1143 1844
10600 1826
2832 4
90 2011
4703 2012
2962 2013
6940 1868
3220 2014
10325 1289
6569 2015
3955 2016
