20867 41
20868 600
20869 581
20870 41
20871 600
20872 903
20873 1413
20874 581
20875 1420
20876 1430
20877 1420
20878 790
20879 1420
20880 581
20881 752
20882 41
20883 1416
20884 589
20885 903
20886 1284
20887 752
20888 790
20889 41
20890 581
20891 41
20892 600
20893 600
20894 99
20895 1410
20896 41
20897 600
20898 589
20899 1417
20900 600
20901 600
20902 1287
20903 600
20904 1425
20905 600
20906 1420
20907 581
20908 903
20909 1420
20910 1420
20911 1421
20912 600
20913 600
20914 99
20915 600
20916 600
20917 600
20918 1420
20919 600
20920 600
20921 600
20922 1421
20923 600
20924 69
20925 790
20926 600
20927 600
20928 1430
20929 41
20930 600
20931 1420
20932 1420
20933 581
20934 1425
20935 41
20936 41
20937 600
20938 1420
20939 581
20940 1015
20941 790
20942 600
20943 1420
20944 1423
20945 1420
20946 1420
20947 903
20948 1420
20949 600
20950 1420
20951 903
20952 903
20953 1420
20954 1410
20955 600
20956 1420
20957 600
20958 581
20959 41
20960 1425
20961 903
20962 1430
20963 41
20964 1420
20965 600
20966 600
20967 1420
20968 752
20969 600
20970 1420
20971 41
20972 600
20973 1062
20974 903
20975 41
20976 600
20977 600
20978 1420
20979 1420
20980 903
20981 790
20982 1420
20983 581
20984 600
20985 600
20986 41
20987 41
20988 903
20989 600
20990 1410
20991 1410
20992 581
20993 600
20994 1424
20995 1416
20996 600
20997 600
20998 903
20999 600
21000 1420
21001 1425
21002 903
21003 790
21004 600
21005 1420
21006 600
21007 1423
21008 41
21009 1425
21010 1425
21011 903
21012 41
21013 600
21014 41
21015 600
21016 790
21017 600
21018 1410
21019 600
21020 581
21021 903
21022 581
21023 600
21024 903
21025 1420
21026 1425
21027 41
21028 600
21029 790
21030 41
21031 600
21032 600
21033 41
21034 600
21035 1062
21036 1423
21037 41
21038 600
21039 581
21040 1420
21041 581
21042 1410
21043 600
21044 1421
21045 1420
21046 600
21047 600
21048 41
21049 1425
21050 600
21051 1425
21052 903
21053 600
21054 1425
21055 1410
21056 1420
21057 1410
21058 1287
21059 1425
21060 581
21061 41
21062 41
21063 41
21064 1420
21065 41
21066 1429
21067 600
21068 1420
21069 41
21070 99
21071 581
21072 1420
21073 600
21074 790
21075 790
21076 1425
21077 1420
21078 600
21079 600
21080 1420
21081 903
21082 1420
21083 1420
21084 1420
21085 1420
21086 1424
21087 1287
21088 63
21089 41
21090 600
21091 600
21092 790
21093 600
21094 41
21095 600
21096 600
21097 99
21098 600
21099 581
21100 600
21101 600
21102 903
21103 1420
21104 790
21105 903
21106 1410
21107 1420
21108 1410
21109 600
21110 1420
21111 1420
21112 41
21113 41
21114 600
21115 1420
21116 1425
21117 1425
21118 589
21119 790
21120 581
21121 1410
21122 600
21123 600
21124 600
21125 752
21126 41
21127 41
21128 1424
21129 581
21130 41
21131 600
21132 1420
21133 581
21134 581
21135 1420
21136 600
21137 600
21138 600
21139 790
21140 1410
21141 600
21142 1425
21143 1420
21144 1410
21145 1430
21146 589
21147 790
21148 581
21149 600
21150 1015
21151 41
21152 1420
21153 41
21154 41
21155 903
21156 1430
21157 581
21158 1410
21159 600
21160 1015
21161 600
21162 581
21163 600
21164 41
21165 600
21166 1420
21167 1420
21168 1423
21169 589
21170 41
21171 1410
21172 600
21173 1420
21174 41
21175 752
21176 752
21177 600
21178 600
21179 1421
21180 1420
21181 1420
21182 903
21183 581
21184 600
21185 790
21186 1425
21187 1420
21188 581
21189 600
21190 1420
21191 1425
21192 600
21193 41
21194 790
21195 600
21196 903
21197 1423
21198 1431
21199 1420
21200 589
21201 790
21202 41
21203 600
21204 790
21205 41
21206 600
21207 1430
21208 41
21209 600
21210 41
21211 600
21212 1420
21213 581
21214 1420
21215 581
21216 581
21217 1425
21218 600
21219 41
21220 1287
21221 1420
21222 790
21223 41
21224 581
21225 1425
21226 581
21227 752
21228 1420
21229 41
21230 903
21231 600
21232 41
21233 1420
21234 41
21235 728
21236 581
21237 41
21238 600
21239 903
21240 41
21241 1420
21242 581
21243 41
21244 1410
21245 1410
21246 600
21247 752
21248 1410
21249 600
21250 790
21251 1420
21252 790
21253 1425
21254 41
21255 94
21256 790
21257 41
21258 600
21259 903
21260 600
21261 903
21262 600
21263 1420
21264 600
21265 600
21266 589
21267 41
21268 790
21269 903
21270 1410
21271 1420
21272 600
21273 581
21274 600
21275 1425
21276 790
21277 589
21278 600
21279 600
21280 1430
21281 41
21282 600
21283 1425
21284 581
21285 600
21286 790
21287 1420
21288 790
21289 41
21290 41
21291 790
21292 600
21293 1420
21294 1425
21295 790
21296 1015
21297 1425
21298 581
21299 903
21300 1410
21301 600
21302 903
21303 1015
21304 600
21305 600
21306 1423
21307 1420
21308 600
21309 1278
21310 790
21311 1425
21312 1410
21313 903
21314 600
21315 790
21316 600
21317 41
21318 600
21319 903
21320 581
21321 1425
21322 41
21323 600
21324 41
21325 1410
21326 903
21327 600
21328 581
21329 790
21330 600
21331 600
21332 600
21333 1278
21334 600
21335 41
21336 790
21337 581
21338 41
21339 600
21340 41
21341 600
21342 600
21343 752
21344 600
21345 600
21346 41
21347 589
21348 790
21349 600
21350 600
21351 41
21352 600
21353 41
21354 581
21355 41
21356 1410
21357 1425
21358 1420
21359 99
21360 600
21361 1425
21362 41
21363 1429
21364 41
21365 600
21366 600
21367 41
21368 790
21369 790
21370 581
21371 790
21372 581
21373 600
21374 41
21375 1420
21376 1420
21377 600
21378 589
21379 581
21380 41
21381 903
21382 1413
21383 41
21384 1410
21385 581
21386 1423
21387 1410
21388 790
21389 600
21390 1430
21391 1420
21392 581
21393 1410
21394 581
21395 1015
21396 600
21397 41
21398 1420
21399 600
21400 99
21401 118
21402 1287
21403 600
21404 1420
21405 1420
21406 600
21407 600
21408 600
21409 41
21410 581
21411 41
21412 600
21413 600
21414 41
21415 1425
21416 903
21417 1410
21418 1425
21419 600
21420 790
21421 1420
21422 1420
21423 581
21424 41
21425 600
21426 1420
21427 600
21428 600
21429 600
21430 1425
21431 790
21432 600
21433 600
21434 1423
21435 1420
21436 41
21437 581
21438 1410
21439 581
21440 1410
21441 1410
21442 790
21443 600
21444 600
21445 583
21446 1431
21447 41
21448 600
21449 600
21450 41
21451 790
21452 790
21453 790
21454 1420
21455 1287
21456 589
21457 600
21458 1430
21459 581
21460 600
21461 600
21462 41
21463 581
21464 600
21465 41
21466 118
21467 790
21468 600
21469 600
21470 600
21471 41
21472 41
21473 1420
21474 600
21475 600
21476 903
21477 1430
21478 790
21479 600
21480 41
21481 1420
21482 1425
21483 1430
21484 1425
21485 41
21486 600
21487 581
21488 589
21489 1416
21490 903
21491 1423
21492 600
21493 41
21494 790
21495 600
21496 1420
21497 1425
21498 1410
21499 600
21500 41
21501 1420
21502 600
21503 790
21504 41
21505 600
21506 790
21507 1420
21508 600
21509 790
21510 1420
21511 600
21512 583
21513 894
21514 1420
21515 581
21516 600
21517 1410
21518 600
21519 790
21520 1420
21521 1420
21522 903
21523 1425
21524 790
21525 1420
21526 41
21527 600
21528 600
21529 600
21530 1420
21531 903
21532 1284
21533 600
21534 790
21535 589
21536 600
21537 600
21538 600
21539 600
21540 1420
21541 589
21542 1420
21543 581
21544 1420
21545 600
21546 41
21547 1410
21548 600
21549 600
21550 1425
21551 99
21552 580
21553 600
21554 600
21555 600
21556 903
21557 600
21558 41
21559 41
21560 752
21561 600
21562 1420
21563 600
21564 752
21565 1420
21566 903
21567 41
21568 1410
21569 581
21570 600
21571 1420
21572 41
21573 790
21574 1410
21575 600
21576 600
21577 1425
21578 600
21579 790
21580 1425
21581 1420
21582 581
21583 41
21584 581
21585 600
21586 1420
21587 600
21588 752
21589 41
21590 1410
21591 41
21592 1425
21593 600
21594 903
21595 1420
21596 600
21597 903
21598 1420
21599 600
21600 903
21601 600
21602 790
21603 600
21604 41
21605 1420
21606 41
21607 41
21608 1420
21609 1420
21610 1430
21611 1015
21612 1420
21613 1410
21614 581
21615 600
21616 600
21617 600
21618 41
21619 600
21620 1420
21621 41
21622 600
21623 581
21624 790
21625 752
21626 903
21627 41
21628 41
21629 41
21630 52
21631 581
21632 1420
21633 581
21634 600
21635 600
21636 1423
21637 1410
21638 600
21639 600
21640 600
21641 600
21642 600
21643 1420
21644 1420
21645 1420
21646 1410
21647 903
21648 1420
21649 1430
21650 41
21651 1420
21652 600
21653 600
21654 94
21655 1420
21656 1420
21657 1420
21658 600
21659 1430
21660 790
21661 581
21662 600
21663 600
21664 1425
21665 41
21666 600
21667 581
21668 41
21669 600
21670 581
21671 790
21672 1420
21673 41
21674 1420
21675 600
21676 1420
21677 790
21678 790
21679 41
21680 1420
21681 600
21682 1410
21683 581
21684 41
21685 41
21686 600
21687 903
21688 600
21689 1469
21690 1425
21691 583
21692 600
21693 97
21694 600
21695 581
21696 891
21697 600
21698 1420
21699 581
21700 1420
21701 903
21702 1420
21703 1425
21704 1430
21705 1410
21706 1015
21707 41
21708 600
21709 41
21710 903
21711 41
21712 1425
21713 581
21714 1410
21715 581
21716 589
21717 1410
21718 903
21719 1420
21720 600
21721 1420
21722 1423
21723 903
21724 581
21725 1410
21726 903
21727 600
21728 581
21729 790
21730 600
21731 1420
21732 1423
21733 600
21734 600
21735 41
21736 581
21737 903
21738 600
21739 41
21740 790
21741 41
21742 1420
21743 790
21744 600
21745 41
21746 790
21747 41
21748 1420
21749 600
21750 1420
21751 41
21752 600
21753 1420
21754 600
21755 600
21756 903
21757 589
21758 600
21759 1425
21760 41
21761 1410
21762 600
21763 1410
21764 1430
21765 1425
21766 600
21767 41
21768 41
21769 600
21770 903
21771 1410
21772 581
21773 600
21774 1423
21775 1420
21776 613
21777 600
21778 1420
21779 600
21780 790
21781 69
21782 41
21783 600
21784 1420
21785 41
21786 1425
21787 581
21788 581
21789 581
21790 1420
21791 1420
21792 600
21793 600
21794 790
21795 600
21796 1425
21797 1410
21798 1420
21799 903
21800 600
21801 903
21802 41
21803 589
21804 1410
21805 600
21806 600
21807 600
21808 1425
21809 600
21810 41
21811 600
21812 581
21813 600
21814 1421
21815 790
21816 600
21817 600
21818 903
21819 600
21820 1287
21821 752
21822 903
21823 903
21824 41
21825 600
21826 41
21827 600
21828 41
21829 581
21830 1287
21831 903
21832 600
21833 41
21834 903
21835 41
21836 600
21837 589
21838 1420
21839 1420
21840 600
21841 1430
21842 790
21843 41
21844 600
21845 1410
21846 1420
21847 600
21848 1420
21849 600
21850 903
21851 581
21852 600
21853 1420
21854 1420
21855 1413
21856 790
21857 581
21858 903
21859 600
21860 600
21861 41
21862 600
21863 903
21864 600
21865 1420
21866 1430
21867 600
21868 790
21869 790
21870 1410
21871 600
21872 1420
21873 1420
21874 41
21875 1410
21876 1425
21877 1420
21878 903
21879 1410
21880 581
21881 790
21882 589
21883 600
21884 41
21885 600
21886 600
21887 600
21888 589
21889 581
21890 1424
21891 1420
21892 1420
21893 589
21894 600
21895 600
21896 41
21897 600
21898 41
21899 903
21900 600
21901 1410
21902 1420
21903 600
21904 1425
21905 1420
21906 600
21907 1015
21908 790
21909 600
21910 581
21911 893
21912 903
21913 94
21914 1420
21915 600
21916 1425
21917 1425
21918 1420
21919 600
21920 1420
21921 903
21922 903
21923 600
21924 600
21925 1015
21926 41
21927 581
21928 790
21929 600
21930 41
21931 1420
21932 1420
21933 600
21934 600
21935 581
21936 600
21937 41
21938 1430
21939 790
21940 581
21941 589
21942 41
21943 903
21944 600
21945 600
21946 1425
21947 600
21948 589
21949 790
21950 41
21951 1430
21952 41
21953 41
21954 1425
21955 1420
21956 94
21957 1425
21958 41
21959 1425
21960 581
21961 1410
21962 41
21963 600
21964 41
21965 1420
21966 1431
21967 600
21968 903
21969 1420
21970 1429
21971 41
21972 600
21973 581
21974 1420
21975 41
21976 581
21977 600
21978 41
21979 790
21980 600
21981 1425
21982 790
21983 600
21984 1420
21985 1420
21986 600
21987 41
21988 600
21989 1423
21990 600
21991 69
21992 600
21993 600
21994 600
21995 600
21996 903
21997 41
21998 790
21999 581
22000 600
22001 589
22002 790
22003 1410
22004 581
22005 903
22006 600
22007 600
22008 600
22009 581
22010 581
22011 581
22012 581
22013 600
22014 1420
22015 600
22016 1420
22017 41
22018 581
22019 1420
22020 600
22021 1425
22022 600
22023 1420
22024 1420
22025 790
22026 600
22027 1420
22028 1420
22029 903
22030 903
22031 903
22032 1420
22033 600
22034 600
22035 41
22036 1420
22037 600
22038 580
22039 41
22040 600
22041 600
22042 790
22043 903
22044 1420
22045 1424
22046 600
22047 1425
22048 1015
22049 41
22050 748
22051 41
22052 752
22053 600
22054 790
22055 600
22056 600
22057 903
22058 790
22059 903
22060 790
22061 581
22062 1425
22063 1420
22064 581
22065 600
22066 790
22067 1015
22068 1420
22069 41
22070 1410
22071 613
22072 752
22073 1410
22074 600
22075 600
22076 41
22077 600
22078 790
22079 600
22080 581
22081 1420
22082 903
22083 600
22084 600
22085 600
22086 1417
22087 903
22088 1420
22089 1425
22090 1420
22091 581
22092 600
22093 1425
22094 790
22095 589
22096 1431
22097 1425
22098 589
22099 1420
22100 903
22101 903
22102 581
22103 1410
22104 581
22105 1420
22106 581
22107 600
22108 600
22109 41
22110 1430
22111 1430
22112 903
22113 1420
22114 1420
22115 790
22116 1420
22117 1430
22118 1420
22119 790
22120 600
22121 1420
22122 903
22123 1431
22124 752
22125 41
22126 581
22127 600
22128 41
22129 600
22130 581
22131 903
22132 1420
22133 752
22134 790
22135 41
22136 600
22137 600
22138 790
22139 1425
22140 903
22141 41
22142 581
22143 903
22144 1420
22145 581
22146 600
22147 1431
22148 790
22149 600
22150 600
22151 41
22152 1287
22153 41
22154 41
22155 41
22156 600
22157 581
22158 41
22159 600
22160 600
22161 600
22162 600
22163 600
22164 600
22165 600
22166 1421
22167 1430
22168 600
22169 903
22170 41
22171 1420
22172 41
22173 580
22174 790
22175 581
22176 1470
22177 600
22178 1430
22179 1425
22180 600
22181 41
22182 1420
22183 1410
22184 600
22185 41
22186 1425
22187 1410
22188 41
22189 41
22190 1410
22191 41
22192 1410
22193 581
22194 1420
22195 581
22196 600
22197 1425
22198 790
22199 41
22200 903
22201 1425
22202 1410
22203 1423
22204 600
22205 752
22206 1420
22207 1420
22208 600
22209 600
22210 1410
22211 581
22212 41
22213 1420
22214 903
22215 790
22216 41
22217 1425
22218 581
22219 41
22220 790
22221 1420
22222 41
22223 1425
22224 1410
22225 1420
22226 600
22227 1420
22228 1410
22229 600
22230 1420
22231 790
22232 1425
22233 903
22234 1420
22235 600
22236 581
22237 903
22238 790
22239 1420
22240 600
22241 41
22242 600
22243 41
22244 581
22245 1420
22246 1420
22247 41
22248 41
22249 1420
22250 1420
22251 589
22252 1425
22253 1410
22254 1425
22255 903
22256 600
22257 600
22258 600
22259 1425
22260 581
22261 41
22262 1410
22263 600
22264 41
22265 1430
22266 1420
22267 1420
22268 1420
22269 1420
22270 41
22271 790
22272 1410
22273 1420
22274 600
22275 790
22276 1420
22277 790
22278 600
22279 41
22280 600
22281 600
22282 1420
22283 41
22284 1416
22285 1410
22286 41
22287 600
22288 1431
22289 600
22290 583
22291 1420
22292 41
22293 581
22294 600
22295 41
22296 41
22297 790
22298 1420
22299 903
22300 903
22301 903
22302 903
22303 1410
22304 581
22305 581
22306 41
22307 581
22308 581
22309 589
22310 903
22311 600
22312 600
22313 600
22314 1420
22315 1425
22316 752
22317 903
22318 1420
22319 581
22320 600
22321 581
22322 790
22323 903
22324 903
22325 41
22326 600
22327 790
22328 600
22329 600
22330 589
22331 752
22332 600
22333 1410
22334 1420
22335 41
22336 600
22337 1420
22338 1425
22339 1015
22340 581
22341 1410
22342 790
22343 600
22344 1420
22345 600
22346 1425
22347 1420
22348 1425
22349 600
22350 600
22351 600
22352 600
22353 581
22354 600
22355 600
22356 1420
22357 1425
22358 1420
22359 600
22360 41
22361 600
22362 790
22363 8
22364 41
22365 41
22366 1015
22367 581
22368 600
22369 600
22370 903
22371 1423
22372 600
22373 581
22374 1410
22375 903
22376 600
22377 1420
22378 1420
22379 600
22380 600
22381 581
22382 1420
22383 600
22384 600
22385 1420
22386 600
22387 790
22388 600
22389 600
22390 41
22391 94
22392 894
22393 600
22394 41
22395 1410
22396 41
22397 41
22398 790
22399 41
22400 41
22401 600
22402 790
22403 903
22404 41
22405 903
22406 41
22407 1420
22408 790
22409 600
22410 600
22411 1420
22412 1420
22413 41
22414 600
22415 589
22416 752
22417 581
22418 903
22419 581
22420 1425
22421 600
22422 600
22423 1420
22424 790
22425 790
22426 41
22427 600
22428 790
22429 1420
22430 1425
22431 600
22432 41
22433 1425
22434 581
22435 589
22436 1410
22437 903
22438 1420
22439 1410
22440 1420
22441 600
22442 1425
22443 903
22444 600
22445 600
22446 1425
22447 581
22448 600
22449 790
22450 903
22451 790
22452 581
22453 1420
22454 790
22455 1430
22456 790
22457 41
22458 1420
22459 589
22460 600
22461 790
22462 41
22463 41
22464 1287
22465 1471
22466 1430
22467 600
22468 41
22469 41
22470 903
22471 903
22472 600
22473 581
22474 790
22475 1420
22476 41
22477 790
22478 1410
22479 790
22480 1410
22481 99
22482 600
22483 41
22484 600
22485 1420
22486 581
22487 600
22488 600
22489 600
22490 581
22491 589
22492 41
22493 600
22494 1410
22495 1420
22496 790
22497 790
22498 903
22499 903
22500 1425
22501 1410
22502 1420
22503 600
22504 1420
22505 600
22506 41
22507 589
22508 1423
22509 1425
22510 41
22511 1425
22512 1420
22513 581
22514 600
22515 1424
22516 600
22517 600
22518 600
22519 41
22520 600
22521 600
22522 1410
22523 600
22524 1423
22525 1420
22526 600
22527 891
22528 1425
22529 41
22530 903
22531 581
22532 1430
22533 600
22534 1420
22535 581
22536 903
22537 901
22538 41
22539 903
22540 790
22541 41
22542 581
22543 1410
22544 600
22545 1425
22546 1430
22547 600
22548 41
22549 903
22550 41
22551 1420
22552 790
22553 41
22554 600
22555 600
22556 1425
22557 1430
22558 600
22559 903
22560 1420
22561 600
22562 1420
22563 600
22564 1425
22565 600
22566 1015
22567 41
22568 600
22569 600
22570 600
22571 41
22572 903
22573 1420
22574 1420
22575 41
22576 1420
22577 1420
22578 600
22579 581
22580 1425
22581 1410
22582 41
22583 600
22584 600
22585 600
22586 600
22587 52
22588 41
22589 1430
22590 728
22591 581
22592 41
22593 903
22594 1410
22595 752
22596 1420
22597 790
22598 1410
22599 41
22600 600
22601 1410
22602 790
22603 1425
22604 752
22605 600
22606 903
22607 1417
22608 1218
22609 41
22610 600
22611 1410
22612 1420
22613 600
22614 600
22615 600
22616 1425
22617 600
22618 41
22619 903
22620 1420
22621 41
22622 1410
22623 41
22624 600
22625 1420
22626 1410
22627 589
22628 1425
22629 41
22630 1416
22631 41
22632 41
22633 903
22634 41
22635 600
22636 1420
22637 1420
22638 1287
22639 589
22640 41
22641 581
22642 581
22643 99
22644 893
22645 903
22646 600
22647 1410
22648 41
22649 903
22650 1420
22651 1425
22652 790
22653 1015
22654 1430
22655 600
22656 600
22657 1420
22658 600
22659 903
22660 581
22661 41
22662 1423
22663 581
22664 41
22665 600
22666 41
22667 600
22668 600
22669 41
22670 581
22671 1425
22672 903
22673 600
22674 581
22675 589
22676 752
22677 1423
22678 1430
22679 41
22680 1420
22681 600
22682 1420
22683 1425
22684 600
22685 600
22686 600
22687 41
22688 1421
22689 600
22690 790
22691 41
22692 1420
22693 600
22694 41
22695 790
22696 903
22697 41
22698 41
22699 41
22700 790
22701 903
22702 1424
22703 790
22704 600
22705 903
22706 600
22707 903
22708 1410
22709 903
22710 41
22711 41
22712 600
22713 600
22714 600
22715 1420
22716 1425
22717 1420
22718 600
22719 1425
22720 903
22721 1420
22722 1420
22723 600
22724 1410
22725 41
22726 600
22727 1420
22728 600
22729 790
22730 41
22731 600
22732 41
22733 600
22734 41
22735 1420
22736 600
22737 581
22738 600
22739 1425
22740 600
22741 600
22742 581
22743 1063
22744 124
22745 581
22746 581
22747 1473
22748 590
22749 124
22750 1063
22751 590
22752 1420
22753 52
22754 1410
22755 581
22756 581
22757 1445
22758 1445
22759 581
22760 581
22761 581
22762 36
22763 1410
