13279 142
13280 1400
13281 1295
13282 1400
13283 1295
13284 1400
13285 41
13286 1109
13287 1400
13288 1400
13289 1400
13290 1295
13291 1400
13292 1400
13293 1400
13294 1400
13295 1400
13296 1400
13297 1400
13298 1133
13299 1109
13300 1400
13301 1400
13302 1400
13303 1400
13304 1400
13305 1400
13306 1400
13307 1400
13308 1400
13309 1400
13310 1118
13311 1295
13312 1400
13313 1397
13314 1400
13315 48
13316 1400
13317 1109
13318 1400
13319 18
13320 1400
13321 1295
13322 1400
13323 1400
13324 4
13325 1110
13326 1400
13327 89
13328 1400
13329 1400
13330 1400
13331 1400
13332 11
13333 1122
13334 1400
13335 1400
13336 1118
13337 1400
13338 1400
13339 1400
13340 1109
13341 1400
13342 1154
13343 1400
13344 1154
13345 1400
13346 1110
13347 1109
13348 1400
13349 89
13350 262
13351 1400
13352 1400
13353 1400
13354 1400
13355 1400
13356 1482
13357 1400
13358 1400
13359 1109
13360 1400
13361 1400
13362 1400
13363 1400
13364 1400
13365 1400
13366 1400
13367 1295
13368 1295
13369 1400
13370 1400
13371 1400
13372 1400
13373 1400
13374 1400
13375 1400
13376 89
13377 1400
13378 1400
13379 1400
13380 1118
13381 1109
13382 1295
13383 1109
13384 182
13385 1109
13386 1400
13387 1400
13388 1400
13389 1400
13390 1400
13391 1400
13392 1400
13393 1400
13394 1400
13395 1400
13396 1400
13397 1400
13398 1400
13399 1400
13400 33
13401 1400
13402 262
13403 1400
13404 1109
13405 262
13406 1400
13407 1400
13408 130
13409 1400
13410 1110
13411 1400
13412 1400
13413 1400
13414 1400
13415 1400
13416 1295
13417 1295
13418 1109
13419 1400
13420 1266
13421 1400
13422 1400
13423 1400
13424 1400
13425 1400
13426 1400
13427 1400
13428 1400
13429 36
13430 1109
13431 1400
13432 1400
13433 1113
13434 1400
13435 1109
13436 101
13437 64
13438 1400
13439 1400
13440 1400
13441 1113
13442 11
13443 1400
13444 1400
13445 1482
13446 1295
13447 1400
13448 1400
13449 1400
13450 1295
13451 1400
13452 1400
13453 1378
13454 1295
13455 1480
13456 1400
13457 262
13458 1295
13459 18
13460 11
13461 1109
13462 1400
13463 1113
13464 1400
13465 11
13466 1400
13467 1400
13468 1400
13469 1400
13470 1400
13471 1109
13472 1400
13473 971
13474 1400
13475 1482
13476 1400
13477 89
13478 1400
13479 1400
13480 1288
13481 1400
13482 1295
13483 1400
13484 1400
13485 1482
13486 1154
13487 1400
13488 1400
13489 1635
13490 110
13491 1109
13492 12
13493 971
13494 1400
13495 1400
13496 1400
13497 1400
13498 1400
13499 1400
13500 18
13501 1113
13502 1400
13503 18
13504 1400
13505 1109
13506 101
13507 1400
13508 1400
13509 1400
13510 89
13511 1400
13512 1400
13513 1109
13514 1109
13515 172
13516 172
13517 172
13518 172
13519 172
13520 1400
13521 1109
13522 1400
13523 1400
13524 1400
13525 1400
13526 1400
13527 1482
13528 1400
13529 1400
13530 11
13531 1400
13532 1400
13533 172
13534 1400
13535 1400
13536 1113
13537 1400
13538 1400
13539 1400
13540 1400
13541 1400
13542 1400
13543 1482
13544 1482
13545 1400
13546 1400
13547 139
13548 1400
13549 1400
13550 1482
13551 172
13552 1400
13553 1400
13554 1387
13555 1400
13556 1400
13557 12
13558 1400
13559 1400
13560 1110
13561 1400
13562 11
13563 18
13564 1400
13565 1400
13566 1400
13567 1400
13568 1400
13569 1400
13570 1400
13571 1400
13572 1400
13573 1400
13574 1400
13575 1400
13576 1400
13577 1400
13578 1400
13579 1400
13580 1400
13581 1400
13582 172
13583 48
13584 1400
13585 1400
13586 295
13587 1133
13588 21
13589 1400
13590 1400
13591 1400
13592 1400
13593 5
13594 1295
13595 139
13596 139
13597 1295
13598 1295
13599 36
13600 1113
13601 1400
13602 1400
13603 1400
13604 1400
13605 1400
13606 104
13607 1400
13608 1378
13609 1400
13610 1400
13611 1295
13612 1400
13613 1400
13614 139
13615 1295
13616 1400
13617 1109
13618 1400
13619 1400
13620 1400
13621 1400
13622 1110
13623 1400
13624 1295
13625 1400
13626 1109
13627 1113
13628 89
13629 1400
13630 104
13631 1400
13632 1400
13633 1400
13634 1400
13635 1113
13636 1400
13637 1400
13638 1109
13639 1113
13640 1400
13641 1484
13642 1400
13643 1484
13644 1295
13645 1484
13646 89
13647 1400
13648 89
13649 1113
13650 1109
13651 1295
13652 1400
13653 262
13654 1482
13655 1482
13656 1113
13657 11
13658 262
13659 262
13660 262
13661 262
13662 262
13663 11
13664 1400
13665 1400
13666 1400
13667 1400
13668 172
13669 1400
13670 1400
13671 89
13672 1400
13673 139
13674 1400
13675 1378
13676 1400
13677 1400
13678 262
13679 139
13680 1400
13681 1400
13682 1378
13683 1400
13684 1400
13685 1109
13686 1109
13687 1400
13688 262
13689 1400
13690 1400
13691 1400
13692 1378
13693 208
13694 1400
13695 39
13696 29
13697 172
13698 1400
13699 1400
13700 139
13701 139
13702 55
13703 55
13704 1295
13705 55
13706 139
13707 139
13708 139
13709 139
13710 1400
13711 55
13712 55
13713 155
13714 100
13715 1400
13716 971
13717 1400
13718 1400
13719 27
13720 1485
13721 1400
13722 1113
13723 1400
13724 1400
13725 1485
13726 1400
13727 1113
13728 1485
13729 1485
13730 1400
13731 1400
13732 1109
13733 89
13734 18
13735 1109
13736 1400
13737 1400
13738 1113
13739 1113
13740 1400
13741 11
13742 1400
13743 1400
13744 1400
13745 1400
13746 1400
13747 1400
13748 1400
13749 1400
13750 1400
13751 1378
13752 1400
13753 1400
13754 1378
13755 1400
13756 1400
13757 1400
13758 36
13759 12
13760 1400
13761 48
13762 1400
13763 1113
13764 1400
13765 1400
13766 11
13767 33
13768 1295
13769 18
13770 1400
13771 18
13772 1486
13773 127
13774 89
13775 1400
13776 1486
13777 1400
13778 971
13779 1486
13780 1113
13781 1400
13782 241
13783 1400
13784 1133
13785 1400
13786 1295
13787 1400
13788 1400
13789 1400
13790 1110
13791 1400
13792 1400
13793 18
13794 1400
13795 182
13796 1118
13797 1110
13798 1109
13799 1110
13800 1295
13801 1109
13802 747
13803 1400
13804 1400
13805 1400
13806 55
13807 18
13808 1295
13809 1482
13810 182
13811 33
13812 1272
13813 110
13814 1109
13815 1279
13816 295
13817 1113
13818 1113
13819 1400
13820 1109
13821 1260
13822 182
13823 10
13824 12
13825 1400
13826 1113
13827 1109
13828 971
13829 1489
13830 1400
13831 1279
13832 1109
13833 1400
13834 1118
13835 1400
13836 110
13837 110
13838 1109
13839 1118
13840 1400
13841 1133
13842 1109
13843 1109
13844 1109
13845 1400
13846 1109
13847 142
13848 1109
13849 172
13850 1489
13851 182
13852 1118
13853 18
13854 89
13855 1276
13856 23
13857 262
13858 1113
13859 262
13860 1113
13861 100
13862 1113
13863 1133
13864 1295
13865 1266
13866 12
13867 89
13868 182
13869 262
13870 182
13871 110
13872 1279
13873 1279
13874 89
13875 104
13876 100
13877 173
13878 1400
13879 1113
13880 110
13881 172
13882 86
13883 11
13884 232
13885 295
13886 1295
13887 1400
13888 1489
13889 1154
13890 1154
13891 1154
13892 232
13893 1154
13894 1154
13895 1154
13896 1154
13897 1154
13898 1109
13899 1154
13900 1154
13901 1621
13902 1400
13903 1154
13904 1154
13905 1154
13906 1154
13907 1400
13908 1154
13909 1400
13910 89
13911 1154
13912 1113
13913 1113
13914 36
13915 1154
13916 1154
13917 1266
13918 1378
13919 142
13920 272
13921 1113
13922 267
13923 1109
13924 110
13925 1133
13926 1400
13927 1400
13928 1139
13929 64
13930 182
13931 1154
13932 1400
13933 155
13934 1154
13935 1154
13936 1154
13937 1154
13938 36
13939 142
13940 172
13941 1295
13942 89
13943 82
13944 104
13945 182
13946 1154
13947 28
13948 36
13949 1109
13950 1154
13951 1400
13952 142
13953 1109
13954 1400
13955 1400
13956 1400
13957 1400
13958 1400
13959 1109
13960 1113
13961 1154
13962 110
13963 1154
13964 172
13965 172
13966 1400
13967 142
13968 1561
13969 267
13970 1400
13971 40
13972 110
13973 232
13974 1113
13975 33
13976 1400
13977 1400
13978 110
13979 110
13980 1400
13981 1400
13982 1400
13983 1400
13984 172
13985 1118
13986 104
13987 262
13988 1400
13989 12
13990 1109
13991 1482
13992 1400
13993 155
13994 1400
13995 110
13996 89
13997 182
13998 1493
13999 89
14000 1109
14001 1482
14002 48
14003 1295
14004 1133
14005 110
14006 1295
14007 1295
14008 1295
14009 110
14010 1295
14011 1295
14012 1295
14013 1295
14014 262
14015 1295
14016 1295
14017 172
14018 208
14019 262
14020 1295
14021 1117
14022 1295
14023 106
14024 104
14025 86
14026 1561
14027 1272
14028 1253
14029 86
14030 1113
14031 1113
14032 1295
14033 1493
14034 182
14035 1380
14036 1553
14037 295
14038 1295
14039 1630
14040 110
14041 1295
14042 1400
14043 1278
14044 1113
14045 104
14046 12
14047 1400
14048 1109
14049 1400
14050 1295
14051 241
14052 1154
14053 1400
14054 1109
14055 1154
14056 1109
14057 89
14058 1154
14059 1400
14060 104
14061 1400
14062 1400
14063 110
14064 1266
14065 1154
14066 127
14067 1109
14068 1154
14069 262
14070 86
14071 1295
14072 127
14073 1295
14074 1295
14075 155
14076 1400
14077 127
14078 127
14079 1117
14080 1117
14081 1400
14082 1272
14083 1400
14084 77
14085 127
14086 139
14087 127
14088 139
14089 139
14090 1295
14091 130
14092 127
14093 1109
14094 1400
14095 127
14096 127
14097 5
14098 127
14099 55
14100 139
14101 1154
14102 69
14103 127
14104 1118
14105 127
14106 110
14107 127
14108 48
14109 1113
14110 127
14111 127
14112 1400
14113 1493
14114 1400
14115 1493
14116 110
14117 41
14118 127
14119 1493
14120 127
14121 139
14122 127
14123 1113
14124 127
14125 1113
14126 1400
14127 127
14128 127
14129 1113
14130 36
14131 7
14132 1154
14133 110
14134 130
14135 1295
14136 127
14137 1482
14138 127
14139 127
14140 1295
14141 1400
14142 14
14143 1295
14144 127
14145 1400
14146 1295
14147 36
14148 127
14149 14
14150 110
14151 127
14152 127
14153 89
14154 127
14155 1295
14156 55
14157 1154
14158 1113
14159 52
14160 89
14161 14
14162 130
14163 127
14164 127
14165 127
14166 12
14167 267
14168 12
14169 1400
14170 40
14171 1482
14172 127
14173 127
14174 1133
14175 232
14176 40
14177 139
14178 139
14179 14
14180 243
14181 127
14182 1482
14183 89
14184 1272
14185 127
14186 139
14187 1154
14188 155
14189 40
14190 811
14191 55
14192 127
14193 811
14194 127
14195 1110
14196 811
14197 127
14198 127
14199 1113
14200 86
14201 40
14202 127
14203 40
14204 40
14205 1400
14206 40
14207 127
14208 127
14209 127
14210 127
14211 40
14212 40
14213 139
14214 127
14215 89
14216 1272
14217 130
14218 12
14219 12
14220 127
14221 30
14222 127
14223 110
14224 1400
14225 262
14226 40
14227 40
14228 110
14229 1109
14230 127
14231 127
14232 14
14233 1400
14234 89
14235 14
14236 1295
14237 1400
14238 40
14239 76
14240 146
14241 41
14242 110
14243 1154
14244 40
14245 40
14246 40
14247 1110
14248 1400
14249 1109
14250 77
14251 110
14252 127
14253 182
14254 127
14255 127
14256 104
14257 40
14258 127
14259 127
14260 127
14261 40
14262 139
14263 64
14264 127
14265 127
14266 272
14267 139
14268 139
14269 139
14270 89
14271 139
14272 139
14273 139
14274 127
14275 14
14276 89
14277 1621
14278 127
14279 127
14280 262
14281 139
14282 127
14283 110
14284 971
14285 12
14286 40
14287 139
14288 127
14289 1400
14290 36
14291 86
14292 127
14293 127
14294 127
14295 110
14296 139
14297 127
14298 104
14299 262
14300 55
14301 1400
14302 127
14303 139
14304 1515
14305 139
14306 127
14307 1139
14308 139
14309 127
14310 55
14311 1336
14312 40
14313 1295
14314 127
14315 127
14316 14
14317 52
14318 139
14319 182
14320 110
14321 110
14322 1133
14323 139
14324 139
14325 1154
14326 127
14327 139
14328 127
14329 48
14330 127
14331 130
14332 127
14333 127
14334 127
14335 139
14336 28
14337 127
14338 89
14339 40
14340 127
14341 127
14342 41
14343 139
14344 110
14345 40
14346 12
14347 48
14348 12
14349 40
14350 48
14351 1154
14352 1482
14353 127
14354 55
14355 130
14356 155
14357 146
14358 41
14359 55
14360 89
14361 55
14362 110
14363 14
14364 14
14365 104
14366 41
14367 104
14368 36
14369 1113
14370 1133
14371 1635
14372 175
14373 40
14374 64
14375 130
14376 127
14377 41
14378 40
14379 127
14380 127
14381 127
14382 139
14383 130
14384 1378
14385 40
14386 127
14387 1112
14388 14
14389 127
14390 1130
14391 173
14392 110
14393 127
14394 41
14395 127
14396 41
14397 1118
14398 1260
14399 41
14400 41
14401 41
14402 41
14403 41
14404 41
14405 1400
14406 41
14407 1118
14408 41
14409 86
14410 41
14411 41
14412 41
14413 1480
14414 41
14415 41
14416 64
14417 1400
14418 64
14419 104
14420 41
14421 64
14422 110
14423 41
14424 41
14425 127
14426 1378
14427 41
14428 41
14429 36
14430 36
14431 36
14432 36
14433 41
14434 36
14435 1500
14436 41
14437 55
14438 127
14439 36
14440 41
14441 41
14442 127
14443 41
14444 14
14445 40
14446 139
14447 110
14448 36
14449 36
14450 64
14451 41
14452 36
14453 1355
14454 36
14455 64
14456 64
14457 36
14458 36
14459 241
14460 1378
14461 36
14462 41
14463 36
14464 36
14465 110
14466 36
14467 1154
14468 41
14469 36
14470 41
14471 36
14472 64
14473 41
14474 41
14475 36
14476 36
14477 41
14478 241
14479 41
14480 1113
14481 36
14482 36
14483 64
14484 36
14485 1109
14486 41
14487 127
14488 110
14489 41
14490 36
14491 36
14492 36
14493 36
14494 40
14495 1113
14496 41
14497 1378
14498 64
14499 41
14500 1118
14501 110
14502 41
14503 41
14504 142
14505 1500
14506 41
14507 41
14508 127
14509 41
14510 36
14511 102
14512 41
14513 204
14514 36
14515 1122
14516 1463
14517 110
14518 1133
14519 41
14520 36
14521 1118
14522 36
14523 241
14524 110
14525 100
14526 76
14527 110
14528 89
14529 127
14530 1278
14531 41
14532 1109
14533 127
14534 36
14535 104
14536 12
14537 127
14538 64
14539 36
14540 110
14541 1378
14542 1378
14543 36
14544 41
14545 14
14546 41
14547 110
14548 110
14549 127
14550 127
14551 41
14552 747
14553 110
14554 55
14555 30
14556 1109
14557 36
14558 48
14559 1109
14560 36
14561 41
14562 89
14563 55
14564 1113
14565 40
14566 12
14567 127
14568 12
14569 41
14570 127
14571 89
14572 1502
14573 1109
14574 1109
14575 12
14576 36
14577 89
14578 1113
14579 41
14580 36
14581 36
14582 1154
14583 41
14584 262
14585 1378
14586 127
14587 104
14588 262
14589 1122
14590 1112
14591 21
14592 1378
14593 1117
14594 1295
14595 1378
14596 64
14597 139
14598 172
14599 110
14600 36
14601 1400
14602 172
14603 172
14604 172
14605 172
14606 55
14607 100
14608 172
14609 172
14610 14
14611 14
14612 4
14613 33
14614 172
14615 14
14616 172
14617 262
14618 172
14619 1117
14620 127
14621 1110
14622 172
14623 1110
14624 1117
14625 55
14626 1117
14627 1400
14628 172
14629 172
14630 36
14631 104
14632 89
14633 1117
14634 104
14635 1110
14636 172
14637 1295
14638 182
14639 182
14640 172
14641 36
14642 41
14643 12
14644 262
14645 1110
14646 110
14647 172
14648 36
14649 5
14650 12
14651 45
14652 127
14653 1113
14654 1113
14655 1113
14656 1113
14657 1113
14658 1113
14659 33
14660 1113
14661 1113
14662 1113
14663 89
14664 232
14665 142
14666 89
14667 36
14668 110
14669 110
14670 182
14671 1110
14672 55
14673 40
14674 89
14675 64
14676 40
14677 1378
14678 1278
14679 1117
14680 41
14681 127
14682 1507
14683 64
14684 1118
14685 36
14686 129
14687 64
14688 1117
14689 1118
14690 172
14691 172
14692 77
14693 1272
14694 64
14695 89
14696 1113
14697 130
14698 262
14699 262
14700 1113
14701 1117
14702 130
14703 139
14704 139
14705 1502
14706 1378
14707 173
14708 56
14709 55
14710 110
14711 1113
14712 36
14713 110
14714 130
14715 89
14716 1110
14717 36
14718 110
14719 1118
14720 41
14721 1557
14722 1110
14723 36
14724 40
14725 40
14726 40
14727 40
14728 40
14729 40
14730 40
14731 1500
14732 1266
14733 40
14734 272
14735 89
14736 36
14737 172
14738 110
14739 1400
14740 1117
14741 40
14742 89
14743 40
14744 163
14745 127
14746 1635
14747 40
14748 1502
14749 40
14750 1110
14751 14
14752 41
14753 1113
14754 1113
14755 36
14756 40
14757 1110
14758 40
14759 1113
14760 55
14761 1110
14762 64
14763 130
14764 40
14765 1117
14766 48
14767 110
14768 1110
14769 110
14770 1110
14771 40
14772 791
14773 1113
14774 1400
14775 64
14776 40
14777 55
14778 110
14779 1117
14780 1117
14781 1109
14782 33
14783 64
14784 33
14785 110
14786 110
14787 89
14788 12
14789 262
14790 1110
14791 36
14792 1109
14793 110
14794 1502
14795 89
14796 12
14797 1630
14798 1110
14799 1154
14800 127
14801 36
14802 1109
14803 1109
14804 1133
14805 100
14806 104
14807 110
14808 1122
14809 12
14810 1109
14811 262
14812 110
14813 1387
14814 1113
14815 64
14816 262
14817 1113
14818 1635
14819 1133
14820 1109
14821 1110
14822 1109
14823 1109
14824 1295
14825 1109
14826 262
14827 12
14828 89
14829 1109
14830 48
14831 742
14832 1295
14833 12
14834 104
14835 262
14836 1109
14837 1117
14838 1113
14839 89
14840 1109
14841 1117
14842 1109
14843 262
14844 1110
14845 129
14846 1133
14847 1109
14848 104
14849 1133
14850 130
14851 1109
14852 1266
14853 1118
14854 89
14855 89
14856 40
14857 1117
14858 127
14859 1133
14860 1117
14861 1507
14862 1507
14863 1507
14864 1336
14865 1133
14866 1507
14867 1507
14868 1507
14869 262
14870 1507
14871 1117
14872 1133
14873 101
14874 64
14875 1507
14876 12
14877 1109
14878 23
14879 127
14880 100
14881 1507
14882 1109
14883 1400
14884 1133
14885 1133
14886 1133
14887 64
14888 1133
14889 1109
14890 1133
14891 1113
14892 1117
14893 1110
14894 1110
14895 1118
14896 1109
14897 1507
14898 1400
14899 1507
14900 1154
14901 82
14902 1117
14903 48
14904 1109
14905 21
14906 1113
14907 1266
14908 1113
14909 1109
14910 54
14911 172
14912 30
14913 1113
14914 1113
14915 1507
14916 89
14917 1507
14918 1118
14919 110
14920 1109
14921 1125
14922 1118
14923 1133
14924 89
14925 1113
14926 1507
14927 1110
14928 262
14929 39
14930 1257
14931 1113
14932 1117
14933 1400
14934 104
14935 1118
14936 110
14937 767
14938 1117
14939 1482
14940 77
14941 1118
14942 1117
14943 262
14944 1400
14945 33
14946 1507
14947 104
14948 1127
14949 1493
14950 1109
14951 55
14952 1110
14953 1117
14954 1118
14955 41
14956 41
14957 1113
14958 1110
14959 127
14960 1400
14961 1278
14962 40
14963 1109
14964 36
14965 1113
14966 1133
14967 1117
14968 55
14969 1400
14970 110
14971 40
14972 55
14973 48
14974 12
14975 182
14976 1260
14977 1110
14978 14
14979 1109
14980 1109
14981 127
14982 1133
14983 1110
14984 1109
14985 262
14986 36
14987 1133
14988 103
14989 1507
14990 36
14991 1110
14992 1110
14993 82
14994 1507
14995 1507
14996 127
14997 1266
14998 1507
14999 1507
15000 1117
15001 1266
15002 55
15003 172
15004 110
15005 155
15006 241
15007 55
15008 1117
15009 1400
15010 48
15011 182
15012 1113
15013 86
15014 1110
15015 1110
15016 1118
15017 1400
15018 262
15019 1507
15020 1133
15021 182
15022 1117
15023 127
15024 1133
15025 1507
15026 57
15027 110
15028 6
15029 89
15030 1110
15031 747
15032 127
15033 12
15034 155
15035 110
15036 12
15037 1507
15038 1117
15039 33
15040 39
15041 48
15042 89
15043 1133
15044 12
15045 1133
15046 127
15047 12
15048 1113
15049 89
15050 76
15051 1507
15052 12
15053 89
15054 1110
15055 1507
15056 55
15057 1113
15058 1109
15059 238
15060 12
15061 89
15062 1133
15063 1133
15064 127
15065 82
15066 1133
15067 55
15068 1118
15069 104
15070 1507
15071 110
15072 55
15073 23
15074 89
15075 1133
15076 48
15077 1109
15078 295
15079 1154
15080 1
15081 12
15082 76
15083 48
15084 127
15085 1133
15086 1507
15087 1117
15088 1507
15089 30
15090 1117
15091 262
15092 1133
15093 110
15094 182
15095 110
15096 971
15097 1507
15098 33
15099 33
15100 33
15101 86
15102 14
15103 1113
15104 110
15105 1266
15106 33
15107 12
15108 127
15109 14
15110 1113
15111 1117
15112 130
15113 57
15114 102
15115 1113
15116 1118
15117 1507
15118 89
15119 262
15120 1109
15121 36
15122 1109
15123 130
15124 33
15125 89
15126 48
15127 127
15128 1118
15129 971
15130 48
15131 89
15132 41
15133 110
15134 1558
15135 55
15136 89
15137 1295
15138 89
15139 210
15140 12
15141 82
15142 1507
15143 30
15144 12
15145 1400
15146 1113
15147 1110
15148 77
15149 127
15150 55
15151 86
15152 238
15153 1117
15154 82
15155 172
15156 262
15157 1117
15158 12
15159 5
15160 7
15161 1400
15162 89
15163 104
15164 172
15165 12
15166 12
15167 1560
15168 182
15169 1118
15170 89
15171 1482
15172 100
15173 40
15174 1400
15175 747
