2346 560
5502 644
8199 647
1778 646
1365 536
430 647
8074 560
5492 646
1062 647
8444 646
6739 560
5093 646
6572 647
3829 646
6989 33
4987 0
8044 646
10005 644
2665 646
3312 646
4932 560
571 647
7032 646
8823 536
4002 0
5286 646
310 646
11081 644
1529 644
6120 536
6889 644
2390 644
10139 560
2309 644
546 646
1023 644
7940 560
2258 646
9865 644
9946 9
5794 0
9779 647
3825 0
861 560
9139 560
4609 643
6185 654
9016 728
2557 652
1940 653
4673 646
9905 646
2838 560
5933 654
7509 560
3983 560
7415 560
802 0
10477 643
2166 560
3246 652
529 654
1949 647
1805 646
4456 0
9457 0
5596 0
7729 0
4440 536
5893 646
2883 0
9056 646
8472 643
10566 646
8009 643
10992 560
7966 0
3265 646
10476 729
9365 560
5245 560
11 643
4564 0
9745 560
3972 644
9995 730
7247 646
2785 560
1029 643
4503 536
5096 33
516 560
1837 646
898 560
763 0
9184 560
4262 644
7669 646
3076 646
1709 644
2733 560
5396 646
8204 536
3366 536
3348 560
6514 560
5899 646
8451 644
4268 536
1354 560
6912 646
1569 560
11054 536
8482 560
4499 560
8613 560
8007 652
4731 644
3494 643
5303 644
1240 536
648 658
8746 644
7748 560
1692 522
7459 33
522 644
9222 0
2732 646
4232 560
4799 646
8509 644
6549 646
9991 536
7778 536
292 646
603 646
7536 643
2840 646
9593 0
4743 646
6956 536
1731 0
3025 560
8928 560
1735 536
4766 647
5213 646
9997 646
681 0
7552 652
9293 0
8724 560
9469 0
9203 646
5237 643
9368 0
1794 560
5850 653
9851 0
8287 560
3541 0
6344 0
9672 646
3928 0
10993 646
9623 536
10662 644
8975 0
4551 536
5927 560
10 647
7865 646
3051 560
10974 560
6422 644
8853 560
2265 536
10206 646
9412 646
10122 646
3557 0
10665 647
2656 536
10761 653
4702 560
2006 646
3404 0
1504 560
3092 536
6036 644
9308 646
6233 0
2428 644
7983 536
9759 644
9211 653
9837 0
9425 652
6735 644
7122 652
454 644
2575 647
7737 644
790 560
5272 536
8850 646
80 646
1010 646
7618 0
9782 523
6614 644
5338 536
9978 0
8582 536
193 658
1089 0
3613 0
10292 646
5400 643
3881 0
6318 536
5767 560
8317 560
95 658
10257 646
10709 647
4291 646
6740 654
54 646
7978 646
8914 646
7422 560
776 658
3080 0
1795 647
1006 646
3422 646
5495 536
1204 644
6920 644
7212 0
1667 560
6197 646
3467 560
7381 646
5168 646
4451 646
2969 653
3302 646
7144 0
10516 522
6169 0
4846 643
3756 646
9196 0
249 658
909 731
5601 30
9401 646
432 0
4534 732
10308 733
2743 643
9897 0
3130 646
10353 0
8123 644
951 658
4118 644
6242 644
7109 644
6687 644
9886 536
3408 0
5504 536
6972 646
9875 560
7739 646
7407 652
6575 652
2601 653
656 658
7314 536
8870 560
2469 0
8539 653
2357 644
1107 644
843 644
9859 652
2095 646
6554 646
2149 643
6999 646
4936 646
2219 653
7346 536
5508 646
1502 536
4006 0
7244 647
355 646
1970 647
6532 560
4066 0
3222 646
7029 644
9575 0
10084 646
5902 0
9498 644
5825 536
9882 536
7489 646
5904 536
1392 560
478 0
4767 644
942 0
9619 644
5248 515
4445 33
3901 647
2861 644
3833 536
5765 0
859 644
8964 560
2740 646
9357 646
9833 536
524 0
9918 646
10485 644
3245 646
5167 560
816 646
11052 643
9113 646
9236 536
9005 644
975 646
8756 0
6762 647
6635 0
887 658
10972 536
10231 0
10363 644
5530 560
7595 652
553 658
9662 0
4704 0
1486 560
2940 646
10195 643
2221 519
4637 644
10378 647
7964 646
3056 646
5928 647
9458 536
2728 560
4387 646
5304 646
8704 519
3143 644
10271 646
6206 654
6487 646
2062 560
4185 643
11098 536
6863 646
8557 0
4109 653
8143 0
2037 646
6613 560
7412 560
4021 0
8627 0
7386 644
3174 524
3420 646
711 658
1454 0
5655 644
6969 536
8458 643
3652 0
5208 560
105 658
1195 560
8675 646
7441 536
7316 33
5041 647
4218 646
56 560
3530 644
5203 647
10468 643
9054 646
4137 536
10659 560
858 516
8585 644
4167 646
10270 644
9950 643
2489 646
5884 647
4774 646
6438 560
1060 644
1282 515
6193 560
5622 0
964 658
1230 646
4754 16
4742 643
10338 0
6941 536
7813 646
2586 536
3623 0
8460 0
6428 644
5618 643
9132 0
595 658
9489 536
1926 646
3951 646
4695 644
1869 0
523 658
6349 646
7311 536
3116 646
3067 536
481 658
963 644
1744 646
5257 643
7943 560
1764 646
7469 646
3851 644
1465 33
427 658
6783 644
7945 646
6414 0
9990 0
6530 644
4412 536
3212 560
6228 560
7887 0
10063 0
10390 646
5103 644
1757 536
8791 524
491 644
2420 0
9812 33
10462 644
2731 646
9591 0
6493 536
7722 644
4223 646
8280 646
9668 644
4592 560
4319 560
9072 560
6355 536
6944 647
1507 560
46 646
619 646
408 560
3628 33
6552 644
6536 560
8759 646
10939 560
429 734
4486 647
2640 646
7777 646
216 658
3183 644
8478 0
6189 560
8652 646
4925 653
6807 644
9304 647
1721 560
902 658
2596 646
4568 647
9383 0
3814 0
8273 652
14 658
8602 652
9024 0
4311 0
8504 560
47 644
9393 643
9465 560
2215 0
8198 560
736 0
5934 646
4595 644
4482 644
10800 643
4994 520
165 647
3363 0
5643 646
10789 653
5821 560
9943 644
417 658
2512 644
308 643
4438 0
4161 0
3968 644
512 658
10579 735
7079 643
10674 560
4079 646
2453 560
9708 0
893 646
6172 536
3251 560
151 654
947 646
358 644
5287 0
5995 652
1442 560
8574 0
2183 0
818 644
9011 644
10369 560
3963 0
332 646
4618 560
7549 643
4937 560
6507 646
10897 560
3561 646
9058 536
3506 646
10350 646
4476 28
3578 653
5365 0
8699 646
1424 646
671 658
4617 0
10776 647
482 658
7058 560
4112 0
2558 646
5009 536
4302 644
4567 647
904 658
4898 0
939 0
8446 560
2100 646
4870 653
3111 652
10235 644
2043 0
901 646
5359 536
3003 644
10696 33
9661 536
5837 647
8144 653
2900 0
2090 644
5109 646
8053 647
5451 536
9372 736
2698 560
1129 0
248 658
111 644
4174 646
4061 644
504 0
5259 643
6134 560
8170 646
1358 653
8379 560
1289 0
59 658
9399 0
5645 560
10950 654
130 653
5952 647
5115 644
957 658
5157 644
538 646
6002 646
372 646
4326 0
4363 0
9727 0
2275 646
11076 646
8258 644
2282 0
6544 536
9580 653
5488 644
2633 646
7392 536
1141 0
1040 646
3142 560
6629 644
1284 737
4895 644
6433 0
8272 644
5372 646
10097 646
5387 646
9768 536
10863 0
4249 560
7221 560
8320 560
295 560
1840 646
5049 560
7045 643
6857 653
9080 536
3798 0
6519 644
1131 646
8498 644
237 0
228 646
7275 643
6516 646
5549 560
8603 536
10874 646
974 516
10655 560
3499 643
9810 646
8852 560
2655 646
7001 536
6046 646
3856 646
6430 0
2041 738
313 739
5634 658
5250 740
4341 741
