4084 2229
10048 741
4693 1008
9188 556
6149 529
1297 2236
663 522
273 2084
181 2229
7293 2238
407 522
7920 556
4025 2236
2979 647
7056 529
3357 1092
10825 2238
170 2240
2260 2205
8268 3
7969 2084
9674 2236
1290 1008
3994 529
5444 1008
1548 556
1228 2240
4045 647
9120 2084
7067 1008
4917 2205
7192 2236
1787 1008
5905 2237
9929 529
1726 2238
10218 1008
4231 2236
7764 2084
7096 1008
3414 2205
10153 2084
5124 647
9157 529
495 2240
3390 556
209 2205
10550 1008
9563 2229
10398 1008
3696 522
7913 529
7884 556
8660 2229
2675 522
5106 2238
4873 2084
2800 1092
2705 2084
4696 529
7749 529
1685 2084
10502 2242
3731 1092
9297 2236
2225 2236
4251 1008
9509 529
1648 1135
9235 529
8002 991
1989 765
2527 2236
8818 2084
6500 2237
7769 529
3498 2229
7447 647
6112 2240
3978 2236
5476 647
3277 647
169 529
9705 1008
5990 1008
10210 647
4409 1008
8710 1235
9328 556
1689 13
3884 2238
3490 1008
4134 647
5180 2238
7322 2236
10246 765
7526 529
7897 1092
7376 2237
5918 2084
3346 1008
6014 647
5945 2084
8203 2084
9018 1092
8649 529
5649 556
3374 647
3920 822
9541 2236
7129 2240
2484 1092
6205 2205
6469 2238
118 2205
10213 529
2480 2236
9914 529
6305 1008
2074 522
7130 529
9205 2240
4196 2236
9819 2236
2859 2236
1323 2236
10382 2237
10425 647
10465 2238
1387 522
1045 2248
5652 2084
1051 522
9301 1008
9379 647
4156 2236
6387 522
3159 2084
2473 2238
2760 522
5105 2236
6749 2238
11108 1008
10208 1092
1966 522
3783 2229
10970 522
342 1008
7046 2236
10880 1008
2001 2084
915 2084
654 647
190 556
785 2084
10716 522
6600 2238
1142 2084
10487 2238
10815 647
6347 522
6294 522
781 556
8037 556
6918 522
7438 2238
3794 529
9310 2248
2116 765
4235 556
6096 556
633 2236
6022 2238
6982 2237
6727 2236
601 1008
4634 2242
2063 1092
6646 1092
5337 529
365 647
4716 2236
7710 522
4312 2238
67 556
1296 2236
3683 2205
6279 2084
6027 556
7556 2238
1103 522
4748 1008
1624 647
10691 522
1945 2240
10640 529
5980 522
9240 529
1246 2229
4049 2205
10736 522
8936 2205
3115 522
10667 522
8427 1008
9493 522
220 522
9955 556
3873 2084
4823 2205
7261 2236
3858 647
2702 529
3709 1008
4759 2229
10847 2084
5653 2084
10030 1008
9473 522
632 529
1891 2229
7616 2238
1215 2205
10689 2205
7272 2238
2085 1008
2585 2236
7703 2205
389 2238
9964 529
1000 2084
5657 522
4545 556
10034 529
10028 2248
2049 2205
6924 522
7942 522
10300 2236
9766 1008
6467 556
6222 2236
2084 556
4188 556
3926 2240
2836 2229
10949 1008
6788 522
7378 647
7997 2236
4371 2236
8327 2229
8661 2084
6415 2205
1238 2084
10968 2236
7812 647
4544 529
7495 2238
6370 2237
1570 647
756 522
10510 2205
11070 556
6665 2236
8410 2238
4435 647
1099 556
270 647
9482 2236
4321 522
9553 2084
6384 529
4393 2266
6517 2229
3040 2238
10914 522
7780 1008
6150 2238
2768 2240
4946 2238
2978 2084
4315 741
4460 2240
2685 2238
10898 2229
9911 522
4751 2229
11006 1008
4788 2084
2577 522
9108 1008
2177 529
7384 2236
10496 556
5911 2240
5273 529
173 529
2152 2084
10026 1008
8673 1008
3263 2237
753 2238
10678 522
6396 2236
7823 556
10428 2205
1081 529
8378 2236
3352 556
5316 1008
10702 2205
2073 2238
6713 647
1659 2084
114 556
7863 1008
6426 647
679 2238
7635 13
7684 556
8454 2238
6012 529
2283 2238
5963 1008
6455 556
10406 1008
5693 647
7740 2238
276 529
9444 2238
7166 647
7501 1008
6605 556
5381 2238
9956 647
4041 2229
6237 529
7472 2238
2407 2229
6984 1008
6524 2229
5054 1008
7282 647
4288 2236
28 2238
7927 2084
1431 2229
6028 2238
4991 522
6290 529
10120 2229
4122 529
8708 2240
5006 1827
7187 1008
6008 2238
10464 2236
5525 2229
5874 647
7231 529
8648 556
4354 2084
3941 522
10109 2238
1774 556
5554 522
1137 556
4324 647
4805 2236
4623 529
3907 1092
8375 529
10695 522
11008 1008
2249 647
8354 2236
2272 2248
3059 556
7276 529
7031 522
2874 647
9339 1008
3948 529
2857 522
234 529
2898 2229
2808 1092
8677 647
9460 2238
246 647
4675 1850
3891 2205
7825 2240
293 529
9164 2205
10258 1008
10413 1008
2075 2205
10603 2236
5014 522
9318 2236
3657 2238
747 2240
9686 2238
9168 529
5800 647
5669 2084
7596 522
2681 2237
4101 2236
2697 2236
5355 2240
6893 2084
10165 2236
6385 647
9556 556
9176 2236
1798 1092
1986 2240
8471 2207
3724 2084
10281 2084
7303 529
7880 522
1485 2236
9020 2238
2930 1078
5749 529
6480 522
6533 556
8700 1008
4850 1234
7491 2205
10620 522
9627 529
7409 1008
1796 2229
5867 2236
1519 647
4003 2238
8115 2205
2643 1008
461 647
1249 1008
6061 2236
5762 522
2108 529
3100 556
10769 1636
6639 522
9888 2238
4474 556
3597 2238
10583 556
223 1008
2794 2236
10764 2084
1191 2205
9398 1827
10056 2238
4356 2205
1071 2236
7686 522
8377 2205
8841 522
3630 529
8977 556
8290 2267
9694 522
3596 556
9896 1008
9110 2238
7306 522
2296 2268
225 556
9050 647
6894 522
5083 2236
9463 2084
798 2237
5851 2238
4290 2205
5957 2205
4717 556
10937 647
1133 1008
1885 2236
436 522
10474 2205
813 2205
1618 2236
9709 647
5849 522
7628 2240
6236 529
4 1008
7874 2238
4883 529
2913 647
9366 529
10393 1008
11095 7
2921 1092
6949 1890
3992 2084
8577 2236
9151 556
8452 1008
1324 2236
3288 2238
4447 2236
10525 2236
1912 529
125 1008
8757 2205
2511 522
9901 1355
3811 765
558 2236
10841 529
7696 2205
10236 1631
8929 647
1582 765
521 556
7994 522
7474 556
3358 2084
2593 2238
5100 765
1207 1000
979 765
7817 529
10370 522
645 2205
1620 2238
6992 556
4204 2237
10330 1008
3546 1008
3576 2236
9963 2236
2340 2238
8023 1008
8717 529
10319 522
1047 1008
9954 2236
8386 529
6203 647
8172 2229
9932 1369
4689 522
6787 647
10229 647
9561 1008
2984 647
391 2240
4157 2229
5177 2084
1835 1092
2094 2240
680 2205
6126 2236
6991 1228
655 1008
7960 2236
9938 647
3727 2238
3817 2084
8894 1849
9807 647
672 2238
9530 2229
3580 2238
735 2238
6563 2238
5820 2238
10332 2238
8558 529
466 2238
3971 529
1498 522
9275 522
10427 2238
10725 2205
5114 529
5214 1008
7443 522
2703 2238
10570 1008
4607 522
5772 2240
3497 556
9675 647
3279 1008
3068 1092
9153 2236
8474 2238
1286 522
9118 529
6252 1008
6148 2229
10864 2237
7579 556
6773 2238
1257 529
3587 1008
5149 522
4077 556
5738 2237
3121 647
3078 522
8047 2084
10754 647
6795 2240
2899 529
3353 2229
7664 2084
2241 2236
6922 2236
9695 647
5377 2238
8515 1092
8210 1008
3795 2084
9445 2205
4528 2238
4810 529
2786 2229
4059 522
3726 2229
3089 2229
9231 647
4864 2238
5883 556
9605 2238
3570 529
7640 2248
3396 2237
8619 2238
4635 2084
8643 647
6885 1362
10713 658
5022 2238
10381 1008
9777 2084
268 647
7104 2238
8744 522
3673 2238
5701 529
700 744
4011 2084
2230 514
9592 2238
3383 765
6136 647
10503 1008
6389 522
10530 1008
7304 2240
7946 2205
9074 2238
10180 1008
4557 529
9998 647
10511 1092
