18970 14
18971 1849
18972 104
18973 104
18974 1133
18975 104
18976 1851
18977 175
18978 130
18979 130
18980 1133
18981 130
18982 175
18983 175
18984 130
18985 14
18986 130
18987 1113
18988 182
18989 1110
18990 110
18991 182
18992 77
18993 229
18994 175
18995 1133
18996 1861
18997 84
18998 1558
18999 130
19000 36
19001 110
19002 175
19003 1133
19004 1558
19005 1110
19006 1378
19007 1558
19008 1279
19009 1502
19010 1336
19011 21
19012 1378
19013 104
19014 1764
19015 1378
19016 262
19017 747
19018 1785
19019 1785
19020 1558
19021 1785
19022 1851
19023 1785
19024 1133
19025 1133
19026 1785
19027 1133
19028 130
19029 33
19030 130
19031 175
19032 1133
19033 1336
19034 1764
19035 262
19036 104
19037 36
19038 36
19039 262
19040 1110
19041 36
19042 1273
19043 262
19044 1336
19045 104
19046 1110
19047 1113
19048 1295
19049 8
19050 1113
19051 14
19052 262
19053 104
19054 1493
19055 1133
19056 262
19057 1378
19058 48
19059 1378
19060 262
19061 1113
19062 262
19063 262
19064 1110
19065 241
19066 110
19067 110
19068 262
19069 1110
19070 241
19071 262
19072 1068
19073 104
19074 262
19075 262
19076 104
19077 262
19078 1786
19079 1400
19080 262
19081 1786
19082 1786
19083 104
19084 104
19085 1786
19086 1604
19087 1558
19088 1786
19089 1110
19090 1113
19091 1786
19092 1110
19093 175
19094 1068
19095 104
19096 1786
19097 104
19098 1880
19099 1117
19100 1110
19101 89
19102 104
19103 1113
19104 104
19105 1493
19106 262
19107 1786
19108 104
19109 262
19110 1786
19111 104
19112 104
19113 104
19114 104
19115 104
19116 104
19117 1110
19118 1786
19119 1378
19120 262
19121 1279
19122 104
19123 1279
19124 89
19125 1279
19126 1133
19127 1279
19128 262
19129 1786
19130 1785
19131 1785
19132 1110
19133 175
19134 104
19135 1125
19136 12
19137 1113
19138 1110
19139 89
19140 104
19141 1272
19142 1500
19143 104
19144 1257
19145 1133
19146 12
19147 1378
19148 1558
19149 262
19150 104
19151 104
19152 1764
19153 1785
19154 1110
19155 104
19156 12
19157 262
19158 1278
19159 1110
19160 14
19161 104
19162 104
19163 10
19164 262
19165 1558
19166 1110
19167 1558
19168 1118
19169 1880
19170 1110
19171 76
19172 104
19173 175
19174 1482
19175 1558
19176 1110
19177 262
19178 1279
19179 8
19180 1257
19181 1279
19182 1279
19183 104
19184 1279
19185 1279
19186 1279
19187 1279
19188 1139
19189 1279
19190 89
19191 1279
19192 1279
19193 1279
19194 1279
19195 1279
19196 1279
19197 1500
19198 1279
19199 1279
19200 1279
19201 1279
19202 8
19203 89
19204 1279
19205 1279
19206 1279
19207 1272
19208 1279
19209 1279
19210 1118
19211 1279
19212 1558
19213 104
19214 1279
19215 262
19216 104
19217 1279
19218 89
19219 1279
19220 36
19221 1118
19222 1786
19223 1279
19224 1279
19225 1279
19226 1279
19227 262
19228 1279
19229 1110
19230 1279
19231 1110
19232 104
19233 104
19234 1279
19235 1279
19236 1279
19237 1279
19238 1279
19239 1500
19240 89
19241 1279
19242 1279
19243 1279
19244 1279
19245 104
19246 1500
19247 1279
19248 1279
19249 130
19250 1279
19251 1279
19252 262
19253 1279
19254 1279
19255 1279
19256 1279
19257 1110
19258 1279
19259 1279
19260 1279
19261 1279
19262 1110
19263 262
19264 262
19265 1279
19266 110
19267 1279
19268 1279
19269 1279
19270 12
19271 1279
19272 1500
19273 1279
19274 1279
19275 1279
19276 1279
19277 1279
19278 1279
19279 1786
19280 1279
19281 12
19282 1279
19283 1851
19284 1279
19285 1279
19286 1279
19287 1279
19288 1279
19289 1279
19290 1110
19291 1279
19292 1279
19293 262
19294 1118
19295 262
19296 1266
19297 262
19298 1279
19299 106
19300 1336
19301 1336
19302 182
19303 12
19304 1279
19305 1279
19306 1279
19307 104
19308 1279
19309 110
19310 1279
19311 155
19312 1279
19313 175
19314 1861
19315 262
19316 1279
19317 1558
19318 1279
19319 155
19320 262
19321 1110
19322 1279
19323 1279
19324 175
19325 262
19326 1133
19327 262
19328 104
19329 262
19330 104
19331 1378
19332 1279
19333 104
19334 262
19335 262
19336 48
19337 262
19338 262
19339 262
19340 1279
19341 1279
19342 906
19343 262
19344 1880
19345 110
19346 76
19347 1279
19348 104
19349 262
19350 1279
19351 1118
19352 104
19353 1113
19354 262
19355 1133
19356 104
19357 272
19358 1279
19359 1118
19360 12
19361 1279
19362 1387
19363 175
19364 104
19365 1500
19366 1279
19367 104
19368 1880
19369 104
19370 104
19371 104
19372 104
19373 104
19374 1279
19375 1110
19376 1257
19377 1118
19378 175
19379 262
19380 175
19381 175
19382 175
19383 110
19384 1378
19385 175
19386 262
19387 262
19388 1279
19389 104
19390 1279
19391 175
19392 175
19393 36
19394 175
19395 1515
19396 104
19397 175
19398 1279
19399 1110
19400 175
19401 104
19402 1604
19403 175
19404 175
19405 104
19406 104
19407 104
19408 104
19409 104
19410 1500
19411 175
19412 1279
19413 104
19414 1113
19415 1786
19416 175
19417 104
19418 175
19419 104
19420 89
19421 1500
19422 175
19423 175
19424 1257
19425 175
19426 262
19427 1110
19428 175
19429 262
19430 175
19431 104
19432 104
19433 104
19434 104
19435 104
19436 175
19437 262
19438 104
19439 1110
19440 1257
19441 104
19442 1113
19443 175
19444 175
19445 175
19446 1604
19447 262
19448 1257
19449 1378
19450 104
19451 262
19452 104
19453 110
19454 104
19455 767
19456 175
19457 104
19458 104
19459 104
19460 175
19461 104
19462 104
19463 262
19464 262
19465 104
19466 104
19467 1113
19468 104
19469 104
19470 262
19471 104
19472 1295
19473 104
19474 175
19475 175
19476 175
19477 1837
19478 1279
19479 104
19480 104
19481 1459
19482 1279
19483 1117
19484 1279
19485 1279
19486 1279
19487 1279
19488 89
19489 1500
19490 1110
19491 36
19492 104
19493 1378
19494 229
19495 1500
19496 56
19497 89
19498 1110
19499 55
19500 104
19501 36
19502 89
19503 89
19504 262
19505 175
19506 8
19507 262
19508 1117
19509 1118
19510 182
19511 1378
19512 1838
19513 1113
19514 104
19515 104
19516 104
19517 1110
19518 104
19519 1118
19520 104
19521 104
19522 104
19523 1756
19524 89
19525 10
19526 1839
19527 104
19528 104
19529 104
19530 104
19531 104
19532 104
19533 1786
19534 1378
19535 1378
19536 104
19537 12
19538 1133
19539 1122
19540 104
19541 76
19542 1110
19543 104
19544 262
19545 104
19546 1117
19547 86
19548 1117
19549 155
19550 1786
19551 106
19552 1851
19553 262
19554 262
19555 1118
19556 1257
19557 175
19558 1133
19559 89
19560 175
19561 104
19562 175
19563 1133
19564 104
19565 1113
19566 48
19567 1113
19568 1257
19569 104
19570 104
19571 104
19572 110
19573 1493
19574 262
19575 1257
19576 1257
19577 104
19578 1257
19579 1257
19580 1257
19581 104
19582 1257
19583 104
19584 104
19585 104
19586 1785
19587 262
19588 262
19589 1500
19590 1257
19591 1257
19592 102
19593 104
19594 1122
19595 104
19596 104
19597 104
19598 172
19599 1786
19600 172
19601 1118
19602 48
19603 104
19604 100
19605 1279
19606 104
19607 172
19608 1257
19609 104
19610 262
19611 14
19612 172
19613 1378
19614 1378
19615 175
19616 1130
19617 104
19618 104
19619 110
19620 104
19621 1378
19622 48
19623 104
19624 1257
19625 175
19626 76
19627 175
19628 100
19629 262
19630 1336
19631 172
19632 104
19633 104
19634 1068
19635 1122
19636 175
19637 1500
19638 181
19639 1113
19640 1122
19641 1113
19642 1279
19643 1257
19644 262
19645 12
19646 262
19647 1500
19648 1279
19649 89
19650 175
19651 1397
19652 1558
19653 1558
19654 1257
19655 1397
19656 1397
19657 1275
19658 1558
19659 1275
19660 1558
19661 1110
19662 110
19663 747
19664 1558
19665 1558
19666 130
19667 1558
19668 1558
19669 1558
19670 1558
19671 104
19672 1558
19673 1558
19674 104
19675 1133
19676 104
19677 104
19678 104
19679 104
19680 104
19681 1257
19682 1279
19683 1378
19684 1883
19685 1558
19686 1720
19687 1558
19688 1275
19689 1558
19690 104
19691 1378
19692 1293
19693 104
19694 89
19695 1336
19696 181
19697 1558
19698 1257
19699 1257
19700 1840
19701 1786
19702 1378
19703 1786
19704 182
19705 1558
19706 1133
19707 89
19708 1558
19709 163
19710 1558
19711 1558
19712 104
19713 104
19714 14
19715 104
19716 1558
19717 1122
19718 1558
19719 1293
19720 1122
19721 1500
19722 1117
19723 110
19724 89
19725 1558
19726 104
19727 102
19728 1293
19729 104
19730 1273
19731 1273
19732 104
19733 1558
19734 1273
19735 204
19736 181
19737 1273
19738 104
19739 104
19740 1785
19741 12
19742 1113
19743 1122
19744 104
19745 267
19746 1558
19747 1558
19748 1117
19749 1273
19750 1273
19751 1273
19752 163
19753 1558
19754 1558
19755 1273
19756 241
19757 104
19758 1378
19759 267
19760 1273
19761 104
19762 1293
19763 1273
19764 1117
19765 104
19766 262
19767 1273
19768 134
19769 110
19770 36
19771 241
19772 1113
19773 262
19774 262
19775 262
19776 172
19777 1558
19778 1558
19779 1558
19780 1273
19781 262
19782 1293
19783 1336
19784 6
19785 48
19786 89
19787 89
19788 267
19789 89
19790 172
19791 1273
19792 1273
19793 1273
19794 1273
19795 1273
19796 1273
19797 1273
19798 1257
19799 1500
19800 1336
19801 1336
19802 262
19803 1113
19804 1113
19805 1273
19806 155
19807 1257
19808 1273
19809 1112
19810 1113
19811 1273
19812 1273
19813 104
19814 1378
19815 1273
19816 134
19817 262
19818 1273
19819 1122
19820 1558
19821 1112
19822 1558
19823 1336
19824 1500
19825 104
19826 1112
19827 1378
19828 1378
19829 1273
19830 1113
19831 1127
19832 1883
19833 110
19834 1273
19835 175
19836 267
19837 1113
19838 1558
19839 1500
19840 1273
19841 262
19842 1293
19843 1295
19844 1273
19845 1113
19846 1112
19847 1257
19848 1112
19849 1112
19850 1112
19851 1112
19852 1112
19853 1112
19854 1112
19855 1112
19856 1112
19857 1112
19858 1112
19859 1112
19860 1112
19861 1112
19862 1112
19863 1112
19864 1293
19865 1112
19866 1112
19867 1112
19868 1112
19869 258
19870 1113
19871 104
19872 1112
19873 1112
19874 1112
19875 1112
19876 1112
19877 1112
19878 1112
19879 1112
19880 1112
19881 1112
19882 1112
19883 1112
19884 1112
19885 1112
19886 1112
19887 1336
19888 1112
19889 1112
19890 262
19891 1112
19892 1112
19893 1112
19894 1112
19895 1112
19896 1112
19897 1112
19898 1112
19899 1604
19900 1112
19901 1112
19902 1112
19903 1112
19904 104
19905 1112
19906 1112
19907 1293
19908 1112
19909 1112
19910 1112
19911 1113
19912 1112
19913 262
19914 1112
19915 1112
19916 1112
19917 1112
19918 1112
19919 1112
19920 1112
19921 1112
19922 1336
19923 1112
19924 1112
19925 1112
19926 1112
19927 210
19928 172
19929 1336
19930 1336
19931 1113
19932 1336
19933 258
19934 267
19935 1112
19936 262
19937 1112
19938 1112
19939 155
19940 110
19941 1112
19942 1336
19943 1112
19944 1112
19945 1293
19946 1273
19947 1112
19948 1112
19949 1112
19950 1113
19951 262
19952 1273
19953 1336
19954 1113
19955 1112
19956 89
19957 104
19958 1112
19959 1112
19960 1293
19961 1112
19962 48
19963 1112
19964 1125
19965 1112
19966 1112
19967 1112
19968 1112
19969 1122
19970 1112
19971 1112
19972 1112
19973 1112
19974 1112
19975 1112
19976 1359
19977 1113
19978 52
19979 1112
19980 262
19981 100
19982 1112
19983 1113
19984 1110
19985 1112
19986 1112
19987 1112
19988 1295
19989 55
19990 1112
19991 1112
19992 1293
19993 267
19994 1112
19995 1112
19996 1110
19997 1113
19998 1112
19999 1112
20000 1113
20001 1112
20002 1112
20003 1336
20004 1122
20005 1112
20006 1336
20007 1112
20008 1273
20009 272
20010 1112
20011 1112
20012 1112
20013 1336
20014 262
20015 1257
20016 163
20017 1112
20018 1112
20019 1112
20020 1336
20021 1112
20022 222
20023 1112
20024 1112
20025 104
20026 1378
20027 262
20028 1112
20029 1113
20030 55
20031 1786
20032 1112
20033 1841
20034 1112
20035 1112
20036 1112
20037 1378
20038 1378
20039 262
20040 1336
20041 1336
20042 175
20043 1112
20044 1112
20045 1112
20046 1112
20047 262
20048 1336
20049 182
20050 12
20051 1378
20052 1112
20053 1293
20054 1293
20055 1112
20056 1112
20057 1122
20058 1112
20059 1133
20060 1113
20061 1112
20062 55
20063 104
20064 1112
20065 1112
20066 1112
20067 182
20068 1113
20069 1336
20070 272
20071 1336
20072 1112
20073 1293
20074 1112
20075 1112
20076 1112
20077 181
20078 267
20079 181
20080 1112
20081 1133
20082 1112
20083 1112
20084 1112
20085 1112
20086 155
20087 181
20088 1359
20089 1112
20090 1293
20091 262
20092 1112
20093 1112
20094 1118
20095 1112
20096 1112
20097 89
20098 1112
20099 1112
20100 1112
20101 1112
20102 48
20103 1112
20104 1112
20105 262
20106 1378
20107 1112
20108 89
20109 1112
20110 1112
20111 1273
20112 110
20113 1112
20114 69
20115 1112
20116 1849
20117 1112
20118 1113
20119 1273
20120 1336
20121 1378
20122 1112
20123 1112
20124 1378
20125 1293
20126 1378
20127 48
20128 89
20129 89
20130 1112
20131 1273
20132 1378
20133 1336
20134 1112
20135 1112
20136 1500
20137 1378
20138 1112
20139 1112
20140 262
20141 1112
20142 1112
20143 48
20144 1558
20145 1118
20146 89
20147 30
20148 48
20149 1378
20150 1500
20151 1273
20152 1507
20153 110
20154 1112
20155 1112
20156 1112
20157 1112
20158 1113
20159 89
20160 1336
20161 1394
20162 1110
20163 1336
20164 262
20165 1500
20166 1500
20167 1112
20168 1112
20169 1112
20170 1112
20171 1378
20172 155
20173 1112
20174 1112
20175 1786
20176 1500
20177 1112
20178 1272
20179 1112
20180 41
20181 1378
20182 1378
20183 1112
20184 1112
20185 1160
20186 1122
20187 1378
20188 1112
20189 1112
20190 1112
20191 1112
20192 1112
20193 1112
20194 1378
20195 1378
20196 1336
20197 55
20198 182
20199 134
20200 1112
20201 56
20202 12
20203 747
20204 1336
20205 1112
20206 1112
20207 1378
20208 76
20209 1118
20210 1112
20211 1558
20212 1112
20213 1257
20214 1112
20215 76
20216 1112
20217 1112
20218 76
20219 1112
20220 1112
20221 1273
20222 262
20223 182
20224 1378
20225 76
20226 76
20227 1255
20228 1112
20229 1118
20230 48
20231 175
20232 1336
20233 55
20234 175
20235 76
20236 747
20237 48
20238 1118
20239 262
20240 1112
20241 1112
20242 76
20243 1113
20244 175
20245 181
20246 182
20247 1378
20248 747
20249 1112
20250 76
20251 1112
20252 76
20253 1273
20254 89
20255 76
20256 1378
20257 272
20258 1293
20259 1517
20260 222
20261 104
20262 1500
20263 104
20264 1293
20265 1113
20266 76
20267 1113
20268 1113
20269 1113
20270 102
20271 76
20272 1112
20273 1112
20274 1378
20275 1113
20276 76
20277 76
20278 1133
20279 1113
20280 1786
20281 1112
20282 1110
20283 1113
20284 1786
20285 1336
20286 1113
20287 76
20288 262
20289 1786
20290 1378
20291 262
20292 76
20293 82
20294 1786
20295 1786
20296 181
20297 1786
20298 1113
20299 1786
20300 1786
20301 1378
20302 1786
20303 181
20304 1786
20305 1378
20306 76
20307 1786
20308 1786
20309 1786
20310 1113
20311 89
20312 1336
20313 1786
20314 1378
20315 76
20316 1336
20317 1336
20318 1786
20319 1786
20320 1786
20321 76
20322 1336
20323 1336
20324 1336
20325 76
20326 1786
20327 1113
20328 181
20329 181
20330 55
20331 1336
20332 1857
20333 1500
20334 1786
20335 1113
20336 181
20337 76
20338 1786
20339 1118
20340 1112
20341 1336
20342 76
20343 1112
20344 48
20345 104
20346 104
20347 1500
20348 76
20349 1786
20350 76
20351 1696
20352 1113
20353 76
20354 1133
20355 1380
20356 1786
20357 181
20358 1786
20359 1786
20360 89
20361 1113
20362 1786
20363 1113
20364 1112
20365 1112
20366 1336
20367 181
20368 104
20369 1359
20370 1786
20371 1336
20372 1786
20373 89
20374 1485
20375 173
20376 48
20377 1112
20378 1786
20379 181
20380 181
20381 1558
20382 6
20383 104
20384 1113
20385 104
20386 1336
20387 100
20388 1112
20389 1122
20390 175
20391 1558
20392 1112
20393 41
20394 181
20395 1336
20396 1112
20397 181
20398 1336
20399 181
20400 104
20401 181
20402 1112
20403 1113
20404 1786
20405 1786
20406 1786
20407 1112
20408 1113
20409 181
20410 1112
20411 1125
20412 1295
20413 104
20414 1273
20415 747
20416 14
20417 1113
20418 1786
20419 181
20420 1359
20421 1112
20422 181
20423 175
20424 1696
20425 175
20426 175
20427 175
20428 1843
20429 267
20430 262
20431 1500
20432 175
20433 1336
20434 175
20435 104
20436 1786
20437 1786
20438 89
20439 1786
20440 1786
20441 1883
20442 1112
20443 55
20444 181
20445 1112
20446 1786
20447 204
20448 104
20449 1112
20450 1786
20451 1113
20452 175
20453 163
20454 1112
20455 155
20456 130
20457 1112
20458 181
20459 104
20460 1786
20461 104
20462 181
20463 77
20464 1786
20465 1786
20466 1112
20467 175
20468 175
20469 1112
20470 1118
20471 181
20472 175
20473 1786
20474 104
20475 89
20476 104
20477 1112
20478 1359
20479 181
20480 1786
20481 181
20482 747
20483 747
20484 110
20485 55
20486 55
20487 1112
20488 1786
20489 1278
20490 110
20491 1786
20492 182
20493 1786
20494 1786
20495 1786
20496 1133
20497 104
20498 262
20499 747
20500 1118
20501 175
20502 1113
20503 1500
20504 181
20505 1118
20506 210
20507 1786
20508 1786
20509 1786
20510 262
20511 1336
20512 175
20513 181
20514 1786
20515 182
20516 1336
20517 1786
20518 181
20519 747
20520 110
20521 1515
20522 1786
20523 1786
20524 1113
20525 181
20526 1786
20527 104
20528 181
20529 104
20530 262
20531 1786
20532 181
20533 1288
20534 1786
20535 181
20536 104
20537 1118
20538 1113
20539 1786
20540 89
20541 110
20542 1786
20543 1786
20544 1786
20545 181
20546 181
20547 1493
20548 1112
20549 1336
20550 1113
20551 1293
20552 110
20553 62
20554 1118
20555 1336
20556 1118
20557 1293
20558 1493
20559 1786
20560 262
20561 1786
20562 1786
20563 1500
20564 1500
20565 1293
20566 1786
20567 100
20568 1118
20569 89
20570 181
20571 1112
20572 1359
20573 182
20574 1125
20575 1118
20576 262
20577 89
20578 89
20579 23
20580 241
20581 182
20582 262
20583 1336
20584 1844
20585 89
20586 181
20587 1113
20588 1500
20589 1493
20590 89
20591 1336
20592 1336
20593 1336
20594 1336
20595 1336
20596 55
20597 971
20598 1378
20599 86
20600 971
20601 36
20602 36
20603 36
20604 104
20605 1125
20606 1112
20607 262
20608 1482
20609 1500
20610 181
20611 110
20612 110
20613 104
20614 1771
20615 1851
20616 110
20617 747
20618 1117
20619 181
20620 1112
20621 89
20622 1272
20623 1112
20624 1293
20625 89
20626 10
20627 110
20628 1336
20629 55
20630 163
20631 1112
20632 110
20633 1112
20634 130
20635 182
20636 241
20637 262
20638 175
20639 1293
20640 89
20641 89
20642 55
20643 295
20644 262
20645 971
20646 181
20647 262
20648 747
20649 55
20650 1118
20651 1117
20652 262
20653 747
20654 175
20655 100
20656 104
20657 110
20658 14
20659 55
20660 262
20661 1266
20662 10
20663 1112
20664 181
20665 262
20666 106
20667 1786
20668 104
20669 4
20670 12
20671 4
20672 33
20673 100
20674 1266
20675 1112
20676 175
20677 175
20678 175
20679 1786
20680 1253
20681 173
20682 4
20683 110
20684 4
20685 4
20686 971
20687 1845
20688 130
20689 1295
20690 1295
20691 1295
20692 1295
20693 182
20694 1113
20695 110
20696 130
20697 1786
20698 130
20699 1786
20700 1118
20701 48
20702 130
20703 1112
20704 130
20705 130
20706 130
20707 130
20708 130
20709 130
20710 130
20711 130
20712 130
20713 130
20714 130
20715 130
20716 130
20717 130
20718 1118
20719 110
20720 94
20721 130
20722 130
20723 182
20724 130
20725 130
20726 130
20727 4
20728 130
20729 130
20730 130
20731 130
20732 130
20733 130
20734 130
20735 130
20736 130
20737 130
20738 182
20739 130
20740 130
20741 181
20742 130
20743 130
20744 130
20745 130
20746 262
20747 130
20748 1295
20749 130
20750 1295
20751 130
20752 130
20753 1786
20754 1786
20755 130
20756 1786
20757 130
20758 130
20759 130
20760 130
20761 130
20762 1786
20763 36
20764 130
20765 1295
20766 1295
20767 130
20768 130
20769 130
20770 1295
20771 130
20772 130
20773 130
20774 36
20775 130
20776 130
20777 130
20778 1295
20779 175
20780 130
20781 130
20782 1295
20783 1113
20784 110
20785 110
20786 971
20787 1295
20788 1295
20789 1295
20790 130
20791 1295
20792 1359
20793 1295
20794 130
20795 1113
20796 1295
20797 1257
20798 130
20799 130
20800 1278
20801 1295
20802 1113
20803 1118
20804 130
20805 1295
20806 1266
20807 1295
20808 130
20809 1295
20810 130
20811 1295
20812 130
20813 130
20814 1500
20815 130
20816 1857
20817 130
20818 130
20819 130
20820 130
20821 4
20822 1113
20823 172
20824 1295
20825 1295
20826 210
20827 1295
20828 130
20829 262
20830 1295
20831 89
20832 130
20833 130
20834 89
20835 1295
20836 130
20837 241
20838 130
20839 130
20840 130
20841 130
20842 130
20843 130
20844 1295
20845 1295
20846 1109
20847 130
20848 130
20849 1113
20850 130
20851 130
20852 89
20853 130
20854 130
20855 1118
20856 1786
20857 1125
20858 130
20859 130
20860 130
20861 130
20862 130
20863 971
20864 1400
20865 130
20866 130
