11532 1358
11533 1626
11534 1626
11535 1626
11536 1626
11537 1626
11538 1653
11539 1566
11540 1626
11541 2109
11542 1626
11543 1358
11544 1566
11545 1626
11546 1626
11547 1566
11548 1355
11549 1626
11550 1566
11551 1650
11552 1355
11553 1566
11554 1566
11555 1626
11556 1566
11557 1626
11558 1610
11559 1626
11560 1626
11561 1566
11562 1626
11563 108
11564 1653
11565 1566
11566 1650
11567 1566
11568 1626
11569 1626
11570 1626
11571 1650
11572 1653
11573 1626
11574 1626
11575 1650
11576 1564
11577 1626
11578 1626
11579 1566
11580 1626
11581 1626
11582 1626
11583 1626
11584 1566
11585 1650
11586 1626
11587 1626
11588 1626
11589 1566
11590 1653
11591 1626
11592 1653
11593 1566
11594 1626
11595 1566
11596 1566
11597 1358
11598 1650
11599 1566
11600 1626
11601 1626
11602 1566
11603 1653
11604 1626
11605 1653
11606 1626
11607 1626
11608 1626
11609 1358
11610 1566
11611 1650
11612 1626
11613 1626
11614 1566
11615 108
11616 2110
11617 1566
11618 1626
11619 1626
11620 1626
11621 1626
11622 1650
11623 1626
11624 1566
11625 1626
11626 1355
11627 1626
11628 1566
11629 1566
11630 1626
11631 1610
11632 1626
11633 1626
11634 1626
11635 1653
11636 1566
11637 1355
11638 1566
11639 1626
11640 1626
11641 1626
11642 1626
11643 1566
11644 1566
11645 1626
11646 1653
11647 1566
11648 1566
11649 1566
11650 2111
11651 1626
11652 1653
11653 1626
11654 1626
11655 1626
11656 1900
11657 1900
11658 1899
11659 1566
11660 2112
11661 1900
11662 1566
11663 1900
11664 1900
11665 576
11666 1566
11667 1564
11668 1566
11669 1564
11670 1037
11671 1900
11672 1900
11673 1900
11674 1564
11675 1900
11676 1900
11677 1564
11678 1566
11679 1564
11680 1566
11681 1566
11682 1900
11683 1355
11684 791
11685 1566
11686 1358
11687 1900
11688 1564
11689 1900
11690 1564
11691 1566
11692 1564
11693 1900
11694 1566
11695 1900
11696 2113
11697 1900
11698 1566
11699 1626
11700 1566
11701 1566
11702 1900
11703 1900
11704 1120
11705 1564
11706 1564
11707 1566
11708 1900
11709 2114
11710 1900
11711 1566
11712 1900
11713 1566
11714 1564
11715 1355
11716 1566
11717 1900
11718 1355
11719 1564
11720 1900
11721 1566
11722 1900
11723 1900
11724 1566
11725 1566
11726 1355
11727 1566
11728 1564
11729 1900
11730 1626
11731 1564
11732 780
11733 1900
11734 1900
11735 1900
11736 1564
11737 1566
11738 780
11739 1564
11740 1566
11741 1564
11742 1900
11743 1900
11744 1900
11745 1566
11746 1564
11747 1900
11748 1566
11749 1900
11750 1566
11751 1900
11752 1626
11753 1564
11754 1900
11755 1900
11756 1900
11757 1900
11758 1358
11759 2115
11760 1566
11761 1355
11762 1566
11763 1564
11764 1900
11765 1900
11766 1566
11767 1355
11768 1900
11769 1626
11770 1900
11771 1900
11772 1900
11773 1564
11774 1900
11775 1900
11776 1566
11777 1900
11778 1566
11779 1564
11780 1900
11781 1900
11782 1900
11783 1900
11784 1900
11785 1900
11786 1355
11787 2116
11788 1900
11789 1564
11790 1900
11791 1900
11792 1900
11793 1900
11794 1355
11795 1900
11796 1900
11797 34
11798 1564
11799 1900
11800 1900
11801 1900
11802 1900
11803 1900
11804 1564
11805 1564
11806 1900
11807 1900
11808 1564
11809 1566
11810 1626
11811 1120
11812 1900
11813 1566
11814 1566
11815 1564
11816 1900
11817 1564
11818 1566
11819 1900
11820 1900
11821 1900
11822 1564
11823 1566
11824 1355
11825 1900
11826 1564
11827 1900
11828 1564
11829 1564
11830 1900
11831 1900
11832 1900
11833 1566
11834 1900
11835 1564
11836 1566
11837 1566
11838 1564
11839 1564
11840 1900
11841 1355
11842 1899
11843 1564
11844 1566
11845 1564
11846 1900
11847 1900
11848 1900
11849 1900
11850 1900
11851 1564
11852 1900
11853 1900
11854 1037
11855 1900
11856 1355
11857 1900
11858 1566
11859 1355
11860 1900
11861 1626
11862 1900
11863 1900
11864 1566
11865 1566
11866 1564
11867 2117
11868 1900
11869 1566
11870 1900
11871 1564
11872 1564
11873 1900
11874 1564
11875 1900
11876 1900
11877 1564
11878 1900
11879 1899
11880 1900
11881 1564
11882 1564
11883 1626
11884 1900
11885 1564
11886 1564
11887 1900
11888 1900
11889 1566
11890 1900
11891 1355
11892 1900
11893 1564
11894 1566
11895 1900
11896 1626
11897 1900
11898 1355
11899 1564
11900 1900
11901 1626
11902 1564
11903 1564
11904 1900
11905 1564
11906 1900
11907 1900
11908 1900
11909 1900
11910 1564
11911 1566
11912 1909
11913 1626
11914 1566
11915 1566
11916 1566
11917 2144
11918 1911
11919 791
11920 1915
11921 791
11922 1900
11923 1566
11924 2118
11925 766
11926 1914
11927 1626
11928 1914
11929 1626
11930 1564
11931 1915
11932 1626
11933 1355
11934 1626
11935 1566
11936 1900
11937 791
11938 1626
11939 1566
11940 1900
11941 1626
11942 1566
11943 1566
11944 1626
11945 1619
11946 1626
11947 1626
11948 1566
11949 1916
11950 1566
11951 1626
11952 1626
11953 1566
11954 1566
11955 1900
11956 1626
11957 1355
11958 1626
11959 1566
11960 1626
11961 1626
11962 1626
11963 1626
11964 1566
11965 1566
11966 1626
11967 4
11968 1915
11969 1626
11970 1566
11971 1566
11972 1915
11973 2144
11974 1566
11975 766
11976 1626
11977 1626
11978 1566
11979 1626
11980 1001
11981 1566
11982 1566
11983 1626
11984 791
11985 1626
11986 1355
11987 1626
11988 1566
11989 1566
11990 1914
11991 1900
11992 1566
11993 791
11994 1566
11995 1626
11996 1566
11997 1626
11998 1626
11999 1911
12000 500
12001 1626
12002 1566
12003 1915
12004 1566
12005 1566
12006 1566
12007 1900
12008 1566
12009 1566
12010 1566
12011 1919
12012 1566
12013 1626
12014 1566
12015 76
12016 1626
12017 1626
12018 791
12019 1566
12020 1626
12021 2144
12022 1566
12023 1626
12024 1350
12025 1626
12026 1626
12027 1566
12028 1626
12029 1626
12030 4
12031 1564
12032 1626
12033 1566
12034 1566
12035 1626
12036 1920
12037 2119
12038 1922
12039 1566
12040 1626
12041 1900
12042 791
12043 1564
12044 1626
12045 791
12046 1900
12047 1916
12048 1566
12049 1355
12050 1915
12051 1533
12052 1566
12053 1626
12054 1355
12055 1900
12056 1566
12057 2120
12058 1626
12059 1914
12060 791
12061 1626
12062 1626
12063 1566
12064 1626
12065 1922
12066 1566
12067 1566
12068 1626
12069 1564
12070 1626
12071 1626
12072 1566
12073 1566
12074 791
12075 1626
12076 1566
12077 1626
12078 1919
12079 1900
12080 1626
12081 1566
12082 1355
12083 1626
12084 1626
12085 1626
12086 1566
12087 1566
12088 1915
12089 1626
12090 1566
12091 1626
12092 1626
12093 1626
12094 1915
12095 1564
12096 2121
12097 1626
12098 1626
12099 1626
12100 1920
12101 1626
12102 1566
12103 791
12104 1566
12105 1566
12106 1909
12107 1626
12108 1566
12109 1626
12110 1566
12111 1626
12112 1626
12113 1626
12114 1566
12115 1626
12116 1566
12117 1626
12118 1900
12119 1566
12120 1566
12121 1564
12122 1566
12123 2122
12124 1915
12125 1566
12126 1566
12127 1626
12128 1626
12129 1626
12130 1566
12131 1626
12132 1626
12133 1566
12134 1626
12135 2123
12136 1626
12137 1914
12138 1626
12139 1566
12140 1626
12141 1915
12142 1564
12143 1566
12144 1626
12145 1626
12146 1564
12147 1626
12148 1619
12149 1566
12150 2124
12151 1564
12152 1355
12153 784
12154 1626
12155 1619
12156 1564
12157 784
12158 1355
12159 1626
12160 1355
12161 1355
12162 1564
12163 1932
12164 1626
12165 1650
12166 784
12167 1934
12168 1626
12169 1626
12170 1564
12171 1564
12172 96
12173 1626
12174 1626
12175 884
12176 1355
12177 1564
12178 784
12179 1619
12180 1936
12181 1619
12182 1936
12183 1566
12184 1564
12185 1936
12186 1626
12187 1564
12188 1564
12189 1355
12190 1355
12191 1939
12192 1914
12193 766
12194 884
12195 1626
12196 1936
12197 1626
12198 1626
12199 1626
12200 2125
12201 1626
12202 1626
12203 1914
12204 1626
12205 1564
12206 1616
12207 2126
12208 1626
12209 1626
12210 1626
12211 1355
12212 1626
12213 1914
12214 1619
12215 93
12216 766
12217 1914
12218 500
12219 1355
12220 1626
12221 1626
12222 1626
12223 1626
12224 1650
12225 1626
12226 1914
12227 1914
12228 1914
12229 1914
12230 1355
12231 1355
12232 1626
12233 1914
12234 1626
12235 1626
12236 1626
12237 1626
12238 1564
12239 1932
12240 1564
12241 1619
12242 1626
12243 784
12244 1914
12245 1355
12246 1626
12247 1626
12248 1626
12249 1355
12250 1626
12251 1626
12252 1626
12253 1355
12254 1564
12255 1914
12256 1564
12257 2127
12258 96
12259 1626
12260 1616
12261 1355
12262 1564
12263 1626
12264 1626
12265 1914
12266 1355
12267 1626
12268 2129
12269 1936
12270 1914
12271 1355
12272 1626
12273 1626
12274 1564
12275 1951
12276 1564
12277 1626
12278 1626
12279 2130
12280 1626
12281 1626
12282 1914
12283 1564
12284 1626
12285 1626
12286 1626
12287 1355
12288 1626
12289 1619
12290 1564
12291 1619
12292 1626
12293 1626
12294 1619
12295 784
12296 784
12297 1914
12298 1626
12299 1914
12300 1626
12301 1355
12302 1934
12303 1355
12304 2131
12305 1355
12306 1626
12307 1626
12308 1626
12309 1355
12310 784
12311 1616
12312 1626
12313 1932
12314 1914
12315 1650
12316 2132
12317 1619
12318 2133
12319 1564
12320 1564
12321 1914
12322 1355
12323 1626
12324 1564
12325 1914
12326 784
12327 1626
12328 1626
12329 1355
12330 1619
12331 1626
12332 784
12333 1616
12334 1564
12335 1616
12336 1355
12337 784
12338 1626
12339 1355
12340 1914
12341 1355
12342 1355
12343 1355
12344 1619
12345 1626
12346 1626
12347 1939
12348 1120
12349 1355
12350 1626
12351 1616
12352 1914
12353 1626
12354 1619
12355 1914
12356 1619
12357 1115
12358 1936
12359 1355
12360 1914
12361 1564
12362 1564
12363 1564
12364 1626
12365 1914
12366 1619
12367 1626
12368 1355
12369 1564
12370 1914
12371 1914
12372 999
12373 1564
12374 1564
12375 1914
12376 1936
12377 2134
12378 999
12379 89
12380 1626
12381 1355
12382 999
12383 1619
12384 1564
12385 1619
12386 1564
12387 1619
12388 2135
12389 1914
12390 1619
12391 1626
12392 1650
12393 1626
12394 784
12395 89
12396 1564
12397 1626
12398 1626
12399 1914
12400 1626
12401 1626
12402 1951
12403 1355
12404 1355
12405 1355
12406 93
12407 1626
12408 1626
12409 1355
12410 1355
12411 2136
12412 1626
12413 2137
12414 1626
12415 1914
12416 1951
12417 1355
12418 1914
12419 1355
12420 1626
12421 1626
12422 1626
12423 1626
12424 1350
12425 1626
12426 1616
12427 1355
12428 1355
12429 1350
12430 1350
12431 75
12432 1619
12433 1355
12434 2138
12435 1350
12436 1355
12437 1355
12438 2139
12439 1350
12440 1355
12441 2140
12442 1626
12443 1350
12444 766
12445 1626
12446 1626
12447 1355
12448 1355
12449 1355
12450 456
12451 1355
12452 1350
12453 1355
12454 2141
12455 75
12456 1626
12457 1355
12458 1626
12459 1350
12460 1355
12461 1350
12462 1355
12463 1355
12464 1350
12465 1626
12466 1355
12467 1350
12468 1350
12469 1626
12470 1355
12471 1350
12472 770
12473 1566
12474 1350
12475 1350
12476 75
12477 1355
12478 75
12479 1350
12480 2142
12481 1626
12482 1350
12483 1564
12484 1350
12485 1355
12486 1355
12487 1355
12488 614
12489 1350
12490 1350
12491 75
12492 1355
