11382 94
11383 1076
11384 597
11385 1063
11386 1074
11387 999
11388 1075
11389 43
11390 1061
11391 1062
11392 607
11393 10
11394 597
11395 999
11396 1063
11397 999
11398 1015
11399 999
11400 1076
11401 1015
11402 1063
11403 999
11404 1060
11405 999
11406 597
11407 1063
11408 45
11409 1060
11410 999
11411 1015
11412 999
11413 1063
11414 1076
11415 911
11416 607
11417 999
11418 1060
11419 730
11420 10
11421 1074
11422 1063
11423 1061
11424 634
11425 45
11426 10
11427 139
11428 607
11429 999
11430 1074
11431 10
11432 10
11433 10
11434 10
11435 1063
11436 110
11437 1061
11438 1015
11439 43
11440 1074
11441 1076
11442 1062
11443 607
11444 10
11445 931
11446 597
11447 1060
11448 1076
11449 999
11450 999
11451 1063
11452 1076
11453 1061
11454 597
11455 1061
11456 597
11457 1015
11458 1061
11459 999
11460 1076
11461 1015
11462 603
11463 607
11464 911
11465 45
11466 1063
11467 1061
11468 1063
11469 1061
11470 1060
11471 1061
11472 1061
11473 1076
11474 999
11475 1062
11476 999
11477 123
11478 1063
11479 999
11480 1079
11481 597
11482 1061
11483 999
11484 1061
11485 1074
11486 1063
11487 1076
11488 999
11489 999
11490 1063
11491 1060
11492 730
11493 999
11494 10
11495 1062
11496 1076
11497 1074
11498 1060
11499 1061
11500 123
11501 1061
11502 999
11503 1063
11504 1061
11505 1062
11506 1060
11507 1063
11508 999
11509 1074
11510 1076
11511 1076
11512 1076
11513 999
11514 1063
11515 1079
11516 1076
11517 1060
11518 0
11519 999
11520 1074
11521 603
11522 1081
11523 1061
11524 1061
11525 1063
11526 603
11527 1061
11528 597
11529 1074
11530 999
11531 1061
11532 45
11533 999
11534 603
11535 597
11536 1061
11537 1063
11538 1015
11539 1076
11540 931
11541 999
11542 10
11543 1061
11544 1015
11545 1061
11546 1063
11547 1081
11548 999
11549 1076
11550 1061
11551 10
11552 1074
11553 10
11554 1074
11555 931
11556 999
11557 1079
11558 603
11559 1063
11560 123
11561 1076
11562 999
11563 1083
11564 999
11565 999
11566 103
11567 1063
11568 1063
11569 1063
11570 45
11571 1063
11572 45
11573 603
11574 1061
11575 1015
11576 1015
11577 911
11578 999
11579 603
11580 603
11581 1063
11582 999
11583 597
11584 607
11585 999
11586 999
11587 1074
11588 911
11589 1062
11590 1061
11591 607
11592 1063
11593 1076
11594 1079
11595 607
11596 999
11597 597
11598 1063
11599 1060
11600 1079
11601 931
11602 1015
11603 597
11604 1015
11605 597
11606 1074
11607 999
11608 1061
11609 1061
11610 999
11611 597
11612 607
11613 1061
11614 1061
11615 597
11616 1061
11617 597
11618 999
11619 1074
11620 1060
11621 1084
11622 1074
11623 1063
11624 10
11625 597
11626 999
11627 1061
11628 1084
11629 1015
11630 1061
11631 607
11632 1076
11633 1076
11634 1015
11635 45
11636 1062
11637 1061
11638 1084
11639 603
11640 999
11641 43
11642 1061
11643 1063
11644 931
11645 10
11646 1060
11647 999
11648 603
11649 999
11650 1076
11651 1062
11652 1060
11653 1063
11654 1015
11655 1074
11656 1074
11657 899
11658 1061
11659 1061
11660 999
11661 999
11662 1061
11663 30
11664 10
11665 1060
11666 1015
11667 1063
11668 1076
11669 999
11670 1063
11671 1074
11672 999
11673 1063
11674 999
11675 1084
11676 911
11677 30
11678 607
11679 45
11680 30
11681 10
11682 911
11683 10
11684 1061
11685 45
11686 931
11687 1060
11688 1063
11689 999
11690 597
11691 1063
11692 1063
11693 999
11694 1015
11695 1015
11696 1063
11697 597
11698 597
11699 931
11700 999
11701 1061
11702 999
11703 1015
11704 1061
11705 1015
11706 1063
11707 1074
11708 999
11709 1063
11710 1015
11711 1063
11712 1074
11713 45
11714 1074
11715 1076
11716 1063
11717 1063
11718 1060
11719 10
11720 1061
11721 999
11722 123
11723 43
11724 1060
11725 999
11726 1060
11727 1076
11728 597
11729 1060
11730 10
11731 1063
11732 1063
11733 1060
11734 1061
11735 1061
11736 1063
11737 1061
11738 899
11739 999
11740 1063
11741 1074
11742 1074
11743 899
11744 999
11745 1074
11746 1060
11747 1061
11748 45
11749 1063
11750 1063
11751 1015
11752 1076
11753 1060
11754 999
11755 999
11756 607
11757 1061
11758 1063
11759 999
11760 1015
11761 1061
11762 10
11763 0
11764 1062
11765 1061
11766 999
11767 1062
11768 1062
11769 1061
11770 10
11771 1060
11772 1063
11773 1074
11774 1063
11775 1084
11776 1060
11777 999
11778 1089
11779 597
11780 603
11781 999
11782 10
11783 45
11784 1063
11785 1061
11786 1074
11787 1076
11788 1060
11789 999
11790 1084
11791 899
11792 123
11793 10
11794 1015
11795 1076
11796 603
11797 1076
11798 607
11799 603
11800 1063
11801 94
11802 610
11803 911
11804 10
11805 999
11806 1061
11807 899
11808 1084
11809 999
11810 999
11811 45
11812 45
11813 1076
11814 999
11815 1061
11816 999
11817 1083
11818 1061
11819 67
11820 597
11821 1062
11822 94
11823 1060
11824 1076
11825 1063
11826 45
11827 607
11828 43
11829 1061
11830 999
11831 1076
11832 999
11833 1061
11834 1060
11835 1076
11836 1084
11837 1061
11838 43
11839 1061
11840 1015
11841 999
11842 999
11843 45
11844 123
11845 1061
11846 1084
11847 1015
11848 1061
11849 1062
11850 999
11851 1063
11852 1062
11853 1061
11854 10
11855 999
11856 1060
11857 1063
11858 1074
11859 999
11860 1063
11861 1063
11862 1061
11863 1074
11864 1063
11865 1015
11866 1063
11867 1060
11868 1061
11869 1061
11870 607
11871 45
11872 999
11873 999
11874 899
11875 999
11876 999
11877 30
11878 1061
11879 597
11880 1076
11881 1062
11882 899
11883 597
11884 1
11885 999
11886 1062
11887 1074
11888 1061
11889 1060
11890 1015
11891 1074
11892 999
11893 999
11894 999
11895 1063
11896 1060
11897 123
11898 1060
11899 1062
11900 603
11901 1061
11902 10
11903 30
11904 1084
11905 999
11906 1063
11907 1079
11908 999
11909 607
11910 999
11911 43
11912 1060
11913 10
11914 1062
11915 10
11916 10
11917 10
11918 1060
11919 1074
11920 999
11921 1061
11922 1060
11923 1061
11924 10
11925 1076
11926 931
11927 999
11928 999
11929 1061
11930 999
11931 1076
11932 1076
11933 999
11934 1063
11935 999
11936 1074
11937 123
11938 607
11939 999
11940 123
11941 1061
11942 1061
11943 1063
11944 603
11945 45
11946 603
11947 999
11948 1061
11949 1061
11950 123
11951 1060
11952 1063
11953 1062
11954 10
11955 1061
11956 999
11957 1074
11958 1063
11959 597
11960 999
11961 1061
11962 1061
11963 1061
11964 1063
11965 607
11966 607
11967 1062
11968 1074
11969 123
11970 123
11971 999
11972 1063
11973 1060
11974 1061
11975 999
11976 1063
11977 1063
11978 1060
11979 999
11980 1061
11981 1060
11982 1061
11983 597
11984 1061
11985 1076
11986 1074
11987 999
11988 30
11989 597
11990 1074
11991 1061
11992 610
11993 603
11994 1015
11995 597
11996 999
11997 1061
11998 999
11999 45
12000 10
12001 10
12002 30
12003 603
12004 1074
12005 1061
12006 1076
12007 1083
12008 10
12009 999
12010 999
12011 1076
12012 607
12013 999
12014 1076
12015 931
12016 1061
12017 999
12018 597
12019 1061
12020 1063
12021 1063
12022 1084
12023 1063
12024 45
12025 1074
12026 1074
12027 999
12028 10
12029 1015
12030 1015
12031 1061
12032 931
12033 999
12034 1074
12035 1063
12036 999
12037 10
12038 1063
12039 10
12040 1061
12041 45
12042 1062
12043 931
12044 999
12045 999
12046 597
12047 10
12048 1074
12049 1061
12050 999
12051 1076
12052 999
12053 931
12054 1015
12055 999
12056 10
12057 607
12058 1063
12059 1015
12060 999
12061 999
12062 1063
12063 1061
12064 1063
12065 1079
12066 597
12067 1061
12068 999
12069 45
12070 1074
12071 914
12072 1062
12073 1074
12074 999
12075 1063
12076 1061
12077 94
12078 911
12079 899
12080 607
12081 1074
12082 1074
12083 1062
12084 597
12085 999
12086 1063
12087 999
12088 999
12089 10
12090 10
12091 999
12092 1015
12093 999
12094 30
12095 1076
12096 1063
12097 999
12098 999
12099 999
12100 1063
12101 1061
12102 1063
12103 45
12104 1074
12105 1061
12106 123
12107 999
12108 1060
12109 1063
12110 148
12111 1076
12112 43
12113 1062
12114 1063
12115 603
12116 10
12117 1076
12118 1062
12119 1063
12120 1084
12121 1074
12122 1076
12123 597
12124 597
12125 1061
12126 1063
12127 43
12128 1074
12129 10
12130 999
12131 1062
12132 1061
12133 1063
12134 1063
12135 597
12136 597
12137 1063
12138 999
12139 124
12140 1074
12141 597
12142 1063
12143 999
12144 1076
12145 999
12146 603
12147 1063
12148 1063
12149 911
12150 1063
12151 1061
12152 999
12153 911
12154 1061
12155 1074
12156 0
12157 1063
12158 1063
12159 123
12160 999
12161 603
12162 1015
12163 911
12164 1062
12165 999
12166 1061
12167 607
12168 597
12169 10
12170 603
12171 1061
12172 1062
12173 10
12174 931
12175 1061
12176 607
12177 1015
12178 999
12179 1015
12180 1063
12181 1061
12182 911
12183 1074
12184 999
12185 1061
12186 1060
12187 597
12188 607
12189 728
12190 911
12191 1076
12192 1074
12193 1061
12194 1074
12195 1076
12196 1061
12197 1062
12198 911
12199 607
12200 1063
12201 999
12202 1061
12203 999
12204 1074
12205 999
12206 67
12207 1076
12208 999
12209 999
12210 999
12211 45
12212 1063
12213 1015
12214 1076
12215 1063
12216 1061
12217 1015
12218 1062
12219 999
12220 1074
12221 63
12222 1063
12223 123
12224 1060
12225 999
12226 1063
12227 1062
12228 597
12229 1015
12230 1061
12231 999
12232 1074
12233 999
12234 1076
12235 1060
12236 1074
12237 1061
12238 1063
12239 999
12240 603
12241 607
12242 1063
12243 1061
12244 999
12245 999
12246 26
12247 1076
12248 1061
12249 1061
12250 1060
12251 999
12252 999
12253 1084
12254 1063
12255 10
12256 1074
12257 1063
12258 10
12259 1062
12260 1063
12261 607
12262 1074
12263 607
12264 931
12265 603
12266 123
12267 10
12268 999
12269 999
12270 607
12271 999
12272 1061
12273 1063
12274 1063
12275 123
12276 999
12277 1076
12278 1063
12279 999
12280 1061
12281 603
12282 0
12283 1063
12284 999
12285 1061
12286 1062
12287 1061
12288 1074
12289 1076
12290 1084
12291 1015
12292 123
12293 139
12294 1074
12295 1060
12296 607
12297 1063
12298 10
12299 597
12300 1084
12301 1015
12302 911
12303 1063
12304 1061
12305 899
12306 1015
12307 1074
12308 1063
12309 1076
12310 1075
12311 607
12312 607
12313 1015
12314 603
12315 999
12316 1060
12317 1076
12318 45
12319 1015
12320 123
12321 999
12322 931
12323 1061
12324 999
12325 1061
12326 999
12327 1074
12328 1063
12329 1063
12330 607
12331 43
12332 597
12333 1061
12334 607
12335 1060
12336 1061
12337 911
12338 1061
12339 10
12340 999
12341 1063
12342 1015
12343 123
12344 1061
12345 1076
12346 1060
12347 999
12348 999
12349 1063
12350 999
12351 1074
12352 30
12353 1061
12354 1061
12355 1060
12356 1063
12357 597
12358 1061
12359 1015
12360 1061
12361 1060
12362 999
12363 1074
12364 1061
12365 1061
12366 10
12367 1076
12368 999
12369 999
12370 1062
12371 1076
12372 1063
12373 999
12374 999
12375 1061
12376 123
12377 999
12378 1074
12379 1015
12380 597
12381 1061
12382 1076
12383 10
12384 10
12385 1015
12386 1061
12387 45
12388 1063
12389 123
12390 1074
12391 1079
12392 1060
12393 603
12394 1063
12395 1063
12396 603
12397 604
12398 123
12399 1061
12400 1015
12401 1061
12402 1076
12403 1074
12404 10
12405 1060
12406 1015
12407 1062
12408 1076
12409 1061
12410 999
12411 1076
12412 1063
12413 1015
12414 123
12415 1076
12416 1061
12417 1063
12418 1076
12419 1076
12420 1061
12421 1076
12422 999
12423 1015
12424 1061
12425 1061
12426 1076
12427 1061
12428 1062
12429 1074
12430 1061
12431 1063
12432 1074
12433 1076
12434 1062
12435 899
12436 603
12437 1061
12438 1061
12439 1063
12440 899
12441 1061
12442 1063
12443 10
12444 899
12445 999
12446 10
12447 1061
12448 1061
12449 1061
12450 603
12451 1061
12452 597
12453 999
12454 999
12455 999
12456 1076
12457 45
12458 1060
12459 1079
12460 1061
12461 999
12462 1015
12463 999
12464 1061
12465 931
12466 45
12467 1063
12468 45
12469 1015
12470 999
12471 999
12472 1076
12473 1062
12474 1061
12475 45
12476 911
12477 931
12478 45
12479 607
12480 1063
12481 1060
12482 607
12483 1061
12484 1074
12485 899
12486 123
12487 123
12488 30
12489 999
12490 999
12491 999
12492 1074
12493 999
12494 1063
12495 1062
12496 1063
12497 1076
12498 1063
12499 45
12500 1063
12501 10
12502 730
12503 999
12504 1076
12505 911
12506 10
12507 1061
12508 1061
12509 999
12510 123
12511 1015
12512 1060
12513 1089
12514 1063
12515 1074
12516 123
12517 999
12518 597
12519 597
12520 1061
12521 10
12522 999
12523 1076
12524 1060
12525 1061
12526 1061
12527 1076
12528 603
12529 999
12530 43
12531 1063
12532 1060
12533 931
12534 1063
12535 1061
12536 999
12537 999
12538 1061
12539 1063
12540 999
12541 603
12542 1076
12543 123
12544 1063
12545 1084
12546 1060
12547 999
12548 999
12549 999
12550 10
12551 123
12552 999
12553 10
12554 999
12555 1015
12556 603
12557 999
12558 1076
12559 999
12560 1015
12561 10
12562 123
12563 10
12564 999
12565 1060
12566 123
12567 1015
12568 1061
12569 999
12570 999
12571 999
12572 597
12573 1060
12574 1062
12575 10
12576 1084
12577 1063
12578 1076
12579 1063
12580 10
12581 1063
12582 1074
12583 999
12584 1076
12585 1063
12586 597
12587 1074
12588 597
12589 1015
12590 10
12591 45
12592 1061
12593 1015
12594 1015
12595 603
12596 1063
12597 999
12598 597
12599 899
12600 603
12601 1074
12602 0
12603 607
12604 607
12605 1076
12606 1063
12607 999
12608 1015
12609 999
12610 1061
12611 1060
12612 603
12613 1076
12614 1060
12615 603
12616 1074
12617 1061
12618 597
12619 1015
12620 1074
12621 1015
12622 931
12623 1061
12624 43
12625 1061
12626 1015
12627 1076
12628 10
12629 999
12630 999
12631 999
12632 1063
12633 1061
12634 10
12635 1061
12636 999
12637 1060
12638 1076
12639 1063
12640 999
12641 10
12642 1063
12643 1060
12644 1061
12645 603
12646 1063
12647 43
12648 999
12649 1061
12650 999
12651 899
12652 43
12653 1015
12654 1015
12655 123
12656 607
12657 1063
12658 1076
12659 1076
12660 999
12661 1061
12662 1076
12663 1076
12664 1061
12665 1063
12666 607
12667 1061
12668 999
12669 999
12670 1074
12671 999
12672 1063
12673 1063
12674 573
12675 1076
12676 999
12677 10
12678 1060
12679 911
12680 30
12681 1061
12682 1074
12683 999
12684 1063
12685 1060
12686 1015
12687 603
12688 597
12689 1084
12690 1063
12691 1015
12692 597
12693 1060
12694 1074
12695 999
12696 911
12697 1015
12698 597
12699 1063
12700 999
12701 597
12702 911
12703 597
12704 1062
12705 1061
12706 10
12707 1060
12708 1074
12709 1076
12710 1063
12711 999
12712 10
12713 1060
12714 597
12715 10
12716 10
12717 1063
12718 1061
12719 1074
12720 730
12721 999
12722 1063
12723 1084
12724 999
12725 1015
12726 999
12727 999
12728 1076
12729 597
12730 1060
12731 1061
12732 1015
12733 45
12734 1084
12735 1060
12736 123
12737 999
12738 1060
12739 999
12740 1076
12741 10
12742 607
12743 999
12744 1061
12745 899
12746 1061
12747 1076
12748 931
12749 10
12750 1074
12751 1060
12752 1074
12753 1074
12754 999
12755 1061
12756 999
12757 597
12758 1061
12759 1015
12760 10
12761 1061
12762 999
12763 999
12764 1061
12765 1063
12766 1061
12767 1063
12768 67
12769 999
12770 45
12771 597
12772 999
12773 1061
12774 1076
12775 999
12776 999
12777 1060
12778 1063
12779 1061
12780 1076
12781 94
12782 999
12783 139
12784 597
12785 1063
12786 607
12787 1062
12788 45
12789 1063
12790 39
12791 1076
12792 1015
12793 1074
12794 1060
12795 603
12796 999
12797 1076
12798 1074
12799 10
12800 1076
12801 1063
12802 931
12803 1063
12804 10
12805 597
12806 607
12807 1076
12808 1061
12809 45
12810 613
12811 1015
12812 42
12813 1074
12814 1015
12815 30
12816 1060
12817 999
12818 1074
12819 10
12820 1074
12821 1074
12822 1061
12823 1074
12824 123
12825 607
12826 999
12827 597
12828 999
12829 45
12830 999
12831 1005
12832 911
12833 45
12834 45
12835 1061
12836 1063
12837 1084
12838 1063
12839 1015
12840 1063
12841 607
12842 1074
12843 597
12844 1061
12845 999
12846 10
12847 1061
12848 1015
12849 1063
12850 1084
12851 10
12852 1063
12853 1063
12854 597
12855 911
12856 1076
12857 1074
12858 1076
12859 999
12860 999
12861 45
12862 1060
12863 1061
12864 999
12865 10
12866 1061
12867 1061
12868 1076
12869 1062
12870 10
12871 1076
12872 911
12873 999
12874 1076
12875 999
12876 1063
12877 1015
12878 1060
12879 45
12880 1076
12881 123
12882 45
12883 1063
12884 1062
12885 1063
12886 1061
12887 1061
12888 1084
12889 1063
12890 1063
12891 10
12892 911
12893 899
12894 1063
12895 10
12896 1074
12897 1079
12898 597
12899 603
12900 999
12901 1015
12902 1060
12903 43
12904 597
12905 1061
12906 1063
12907 1074
12908 1061
12909 1061
12910 999
12911 10
12912 1061
12913 603
12914 999
12915 1062
12916 597
12917 1060
12918 931
12919 999
12920 1060
12921 43
12922 1076
12923 1074
12924 1062
12925 1015
12926 1074
12927 1061
12928 1061
12929 999
12930 1061
12931 999
12932 1061
12933 999
12934 911
12935 1074
12936 1063
12937 1074
12938 1061
12939 931
12940 911
12941 45
12942 999
12943 1062
12944 1074
12945 123
12946 1063
12947 1061
12948 1076
12949 1074
12950 67
12951 899
12952 1074
12953 999
12954 999
12955 999
12956 911
12957 607
12958 1079
12959 1063
12960 931
12961 999
12962 1015
12963 1063
12964 1061
12965 45
12966 1061
12967 45
12968 999
12969 999
12970 1076
12971 10
12972 10
12973 1063
12974 1063
12975 607
12976 999
12977 607
12978 1076
12979 94
12980 999
12981 999
12982 999
12983 607
12984 999
12985 1015
12986 1061
12987 1063
12988 1061
12989 1063
12990 899
12991 1063
12992 1076
12993 1063
12994 597
12995 1074
12996 1061
12997 999
12998 10
12999 1063
13000 1061
13001 10
13002 123
13003 999
13004 999
13005 1063
13006 1015
13007 1063
13008 999
13009 1060
13010 999
13011 999
13012 1076
13013 1062
13014 1061
13015 1076
13016 999
13017 999
13018 1076
13019 1061
13020 1062
13021 607
13022 1062
13023 597
13024 1061
13025 1063
13026 931
13027 999
13028 1084
13029 1074
13030 10
13031 1076
13032 1074
13033 999
13034 1076
13035 999
13036 1061
13037 1061
13038 597
13039 999
13040 1015
13041 1074
13042 1061
13043 1063
13044 45
13045 1063
13046 1063
13047 1061
13048 1015
13049 1084
13050 1076
13051 10
13052 607
13053 1061
13054 10
13055 999
13056 10
13057 1015
13058 1015
13059 597
13060 1015
13061 1079
13062 597
13063 999
13064 1062
13065 999
13066 597
13067 607
13068 999
13069 1076
13070 1074
13071 999
13072 1063
13073 123
13074 1074
13075 899
13076 999
13077 1061
13078 999
13079 1062
13080 1076
13081 1061
13082 1015
13083 1060
13084 1061
13085 1015
13086 1062
13087 1084
13088 1015
13089 1061
13090 999
13091 45
13092 1063
13093 1060
13094 999
13095 36
13096 931
13097 603
13098 730
13099 1063
13100 1074
13101 1061
13102 999
13103 1015
13104 999
13105 603
13106 1015
13107 603
13108 1015
13109 999
13110 999
13111 94
13112 607
13113 999
13114 597
13115 1063
13116 607
13117 999
13118 999
13119 1060
13120 1062
13121 10
13122 10
13123 999
13124 1063
13125 1060
13126 1063
13127 1074
13128 1061
13129 1063
13130 1061
13131 1063
13132 1015
13133 610
13134 1061
13135 1074
13136 911
13137 1063
13138 1062
13139 1074
13140 1015
13141 999
13142 607
13143 1063
13144 1074
13145 607
13146 1015
13147 1061
13148 1015
13149 1074
13150 1061
13151 1116
13152 999
13153 43
13154 597
13155 999
13156 1074
13157 899
13158 1063
13159 1060
13160 45
13161 911
13162 999
13163 999
13164 1063
13165 1061
13166 815
13167 911
13168 1063
13169 1076
13170 1076
13171 1061
13172 1074
13173 999
13174 1063
13175 1063
13176 1062
13177 1015
13178 931
13179 94
13180 1084
13181 1015
13182 1063
13183 1061
13184 45
13185 1074
13186 1076
13187 597
13188 1076
13189 899
13190 999
13191 1015
13192 45
13193 1062
13194 999
13195 1076
13196 43
13197 999
13198 1063
13199 1084
13200 999
13201 1061
13202 999
13203 1063
13204 999
13205 1015
13206 10
13207 1074
13208 1063
13209 999
13210 999
13211 607
13212 1063
13213 1063
13214 911
13215 1076
13216 1063
13217 1074
13218 1063
13219 607
13220 1076
13221 1061
13222 999
13223 999
13224 911
13225 1063
13226 999
13227 1063
13228 597
13229 1063
13230 27
13231 30
13232 911
13233 123
13234 1015
13235 1084
13236 1061
13237 999
13238 1074
13239 1061
13240 1084
13241 999
13242 999
13243 899
13244 1063
13245 999
13246 1060
13247 1061
13248 931
13249 1015
13250 1076
13251 10
13252 10
13253 1063
13254 10
13255 1063
13256 999
13257 1084
13258 10
13259 597
13260 999
13261 597
13262 1061
13263 999
13264 1060
13265 1060
13266 1092
13267 603
13268 797
13269 1092
13270 801
13271 1118
13272 898
13273 1002
13274 1034
13275 59
13276 150
13277 797
13278 1092
