7588 188
7589 1260
7590 4
7591 77
7592 94
7593 204
7594 62
7595 188
7596 53
7597 129
7598 5
7599 94
7600 272
7601 77
7602 1273
7603 77
7604 188
7605 188
7606 94
7607 204
7608 94
7609 295
7610 1273
7611 100
7612 3
7613 1260
7614 172
7615 1028
7616 94
7617 172
7618 232
7619 188
7620 188
7621 1275
7622 103
7623 103
7624 188
7625 94
7626 100
7627 188
7628 62
7629 7
7630 172
7631 12
7632 130
7633 53
7634 86
7635 243
7636 94
7637 774
7638 103
7639 77
7640 103
7641 142
7642 62
7643 103
7644 30
7645 774
7646 267
7647 172
7648 62
7649 62
7650 56
7651 188
7652 210
7653 5
7654 53
7655 30
7656 188
7657 188
7658 204
7659 7
7660 77
7661 94
7662 130
7663 94
7664 70
7665 140
7666 30
7667 188
7668 30
7669 188
7670 53
7671 1260
7672 103
7673 103
7674 104
7675 103
7676 62
7677 20
7678 62
7679 30
7680 62
7681 30
7682 30
7683 100
7684 210
7685 7
7686 30
7687 1273
7688 1
7689 188
7690 60
7691 53
7692 65
7693 94
7694 130
7695 62
7696 188
7697 188
7698 188
7699 222
7700 140
7701 77
7702 188
7703 210
7704 188
7705 170
7706 188
7707 188
7708 188
7709 5
7710 188
7711 94
7712 5
7713 170
7714 170
7715 77
7716 1275
7717 170
7718 77
7719 103
7720 94
7721 204
7722 21
7723 1
7724 170
7725 170
7726 170
7727 272
7728 172
7729 170
7730 170
7731 170
7732 170
7733 170
7734 170
7735 170
7736 103
7737 170
7738 170
7739 82
7740 94
7741 170
7742 77
7743 86
7744 1273
7745 170
7746 188
7747 5
7748 5
7749 208
7750 103
7751 130
7752 62
7753 170
7754 94
7755 188
7756 140
7757 142
7758 11
7759 188
7760 170
7761 91
7762 188
7763 7
7764 172
7765 7
7766 94
7767 170
7768 188
7769 1
7770 7
7771 172
7772 1
7773 94
7774 7
7775 65
7776 188
7777 170
7778 188
7779 100
7780 94
7781 188
7782 94
7783 94
7784 11
7785 82
7786 62
7787 3
7788 1
7789 77
7790 54
7791 1275
7792 1
7793 0
7794 210
7795 170
7796 170
7797 94
7798 91
7799 222
7800 1
7801 62
7802 140
7803 91
7804 94
7805 170
7806 5
7807 188
7808 188
7809 94
7810 188
7811 94
7812 747
7813 210
7814 170
7815 170
7816 1
7817 77
7818 77
7819 222
7820 5
7821 77
7822 130
7823 1240
7824 103
7825 188
7826 52
7827 77
7828 103
7829 12
7830 1309
7831 170
7832 94
7833 188
7834 62
7835 210
7836 7
7837 747
7838 94
7839 747
7840 7
7841 100
7842 170
7843 170
7844 1241
7845 30
7846 222
7847 272
7848 12
7849 172
7850 77
7851 31
7852 272
7853 62
7854 1
7855 188
7856 272
7857 170
7858 5
7859 20
7860 77
7861 1
7862 12
7863 94
7864 30
7865 77
7866 188
7867 170
7868 56
7869 94
7870 1309
7871 188
7872 170
7873 170
7874 170
7875 94
7876 12
7877 1
7878 5
7879 188
7880 170
7881 140
7882 170
7883 170
7884 5
7885 30
7886 170
7887 94
7888 170
7889 170
7890 170
7891 11
7892 170
7893 188
7894 94
7895 170
7896 77
7897 188
7898 77
7899 1
7900 181
7901 170
7902 94
7903 12
7904 170
7905 170
7906 12
7907 77
7908 272
7909 30
7910 170
7911 1242
7912 1
7913 1
7914 170
7915 188
7916 170
7917 170
7918 170
7919 170
7920 170
7921 170
7922 1
7923 170
7924 170
7925 30
7926 130
7927 170
7928 188
7929 170
7930 210
7931 54
7932 30
7933 30
7934 170
7935 170
7936 100
7937 7
7938 30
7939 3
7940 181
7941 170
7942 170
7943 94
7944 5
7945 170
7946 30
7947 1
7948 1
7949 30
7950 129
7951 1
7952 272
7953 91
7954 1
7955 1
7956 94
7957 1
7958 1
7959 1
7960 1
7961 241
7962 1
7963 30
7964 30
7965 12
7966 1
7967 1
7968 100
7969 1
7970 1
7971 1
7972 94
7973 1
7974 12
7975 1
7976 1
7977 30
7978 1
7979 94
7980 56
7981 747
7982 5
7983 170
7984 1
7985 30
7986 5
7987 1
7988 172
7989 1
7990 1
7991 170
7992 1
7993 1
7994 27
7995 170
7996 12
7997 1
7998 222
7999 1
8000 62
8001 1
8002 94
8003 1
8004 1
8005 1
8006 170
8007 1
8008 1
8009 7
8010 1
8011 100
8012 170
8013 130
8014 170
8015 62
8016 100
8017 94
8018 170
8019 7
8020 170
8021 920
8022 170
8023 188
8024 170
8025 170
8026 7
8027 20
8028 100
8029 210
8030 1109
8031 1109
8032 127
8033 1110
8034 272
8035 1317
8036 12
8037 1109
8038 1292
8039 52
8040 155
8041 1109
8042 1109
8043 1109
8044 1111
8045 173
8046 127
8047 146
8048 170
8049 1112
8050 1109
8051 110
8052 1109
8053 138
8054 1113
8055 1113
8056 1109
8057 1109
8058 241
8059 146
8060 146
8061 55
8062 102
8063 1118
8064 48
8065 146
8066 1113
8067 89
8068 11
8069 1110
8070 1113
8071 1112
8072 1112
8073 272
8074 26
8075 272
8076 89
8077 1336
8078 1117
8079 1118
8080 138
8081 1113
8082 55
8083 1279
8084 127
8085 1109
8086 127
8087 127
8088 106
8089 182
8090 1112
8091 146
8092 1122
8093 1122
8094 1112
8095 1112
8096 1112
8097 1112
8098 1112
8099 1112
8100 1112
8101 1112
8102 1112
8103 1112
8104 1112
8105 214
8106 214
8107 1112
8108 214
8109 1112
8110 127
8111 89
8112 1112
8113 1112
8114 214
8115 1112
8116 1112
8117 1110
8118 1112
8119 1112
8120 1112
8121 1112
8122 1112
8123 1112
8124 1112
8125 214
8126 1112
8127 1112
8128 1112
8129 1112
8130 1112
8131 214
8132 1112
8133 8
8134 214
8135 1112
8136 1112
8137 127
8138 214
8139 1112
8140 1112
8141 102
8142 214
8143 1112
8144 214
8145 214
8146 1112
8147 1112
8148 214
8149 214
8150 214
8151 1112
8152 214
8153 214
8154 214
8155 214
8156 1112
8157 1112
8158 1112
8159 214
8160 214
8161 214
8162 1112
8163 214
8164 1112
8165 1112
8166 1112
8167 214
8168 214
8169 214
8170 214
8171 1112
8172 214
8173 214
8174 1112
8175 1112
8176 1109
8177 214
8178 138
8179 214
8180 1112
8181 214
8182 1112
8183 1112
8184 1112
8185 1112
8186 1112
8187 214
8188 1112
8189 214
8190 1112
8191 214
8192 214
8193 214
8194 214
8195 1112
8196 1112
8197 214
8198 138
8199 214
8200 1112
8201 1112
8202 1112
8203 1112
8204 1112
8205 1112
8206 214
8207 1112
8208 1112
8209 214
8210 1112
8211 1112
8212 1115
8213 214
8214 214
8215 1139
8216 1112
8217 1112
8218 214
8219 214
8220 214
8221 214
8222 1112
8223 1112
8224 214
8225 1112
8226 1112
8227 1112
8228 1112
8229 214
8230 214
8231 214
8232 214
8233 1112
8234 214
8235 214
8236 214
8237 1112
8238 1112
8239 214
8240 1112
8241 214
8242 1112
8243 214
8244 1110
8245 1112
8246 1112
8247 214
8248 1112
8249 214
8250 214
8251 1112
8252 214
8253 1115
8254 1115
8255 1112
8256 1112
8257 214
8258 1112
8259 214
8260 214
8261 214
8262 214
8263 1112
8264 1112
8265 1112
8266 1112
8267 1112
8268 214
8269 1112
8270 1112
8271 214
8272 214
8273 184
8274 214
8275 214
8276 214
8277 214
8278 214
8279 1112
8280 1112
8281 1112
8282 1112
8283 214
8284 76
8285 214
8286 1112
8287 1112
8288 214
8289 1112
8290 214
8291 214
8292 1112
8293 214
8294 1112
8295 1112
8296 214
8297 1112
8298 1112
8299 214
8300 1125
8301 214
8302 214
8303 1112
8304 1112
8305 214
8306 1112
8307 1112
8308 1112
8309 214
8310 1112
8311 214
8312 1112
8313 1112
8314 1112
8315 214
8316 138
8317 214
8318 214
8319 214
8320 1112
8321 1112
8322 214
8323 214
8324 1112
8325 1112
8326 1110
8327 214
8328 1112
8329 1112
8330 1109
8331 1112
8332 214
8333 1139
8334 1112
8335 1112
8336 214
8337 214
8338 56
8339 214
8340 1112
8341 1112
8342 214
8343 214
8344 214
8345 1112
8346 6
8347 1243
8348 214
8349 214
8350 214
8351 1109
8352 1112
8353 1112
8354 1112
8355 214
8356 214
8357 214
8358 146
8359 214
8360 1112
8361 1112
8362 1112
8363 214
8364 127
8365 1112
8366 214
8367 12
8368 1112
8369 214
8370 214
8371 214
8372 214
8373 214
8374 214
8375 1112
8376 1112
8377 1112
8378 1244
8379 6
8380 1127
8381 214
8382 214
8383 214
8384 214
8385 1112
8386 182
8387 214
8388 214
8389 214
8390 1112
8391 1112
8392 1110
8393 1112
8394 1112
8395 1112
8396 214
8397 1112
8398 30
8399 214
8400 1133
8401 1112
8402 214
8403 1112
8404 214
8405 214
8406 1112
8407 214
8408 1112
8409 214
8410 1112
8411 1112
8412 214
8413 1112
8414 1112
8415 214
8416 182
8417 1118
8418 214
8419 1112
8420 214
8421 1112
8422 214
8423 1112
8424 214
8425 1112
8426 1112
8427 1112
8428 86
8429 1112
8430 214
8431 146
8432 1112
8433 1130
8434 1112
8435 1112
8436 1112
8437 214
8438 1112
8439 1112
8440 130
8441 1112
8442 214
8443 214
8444 1112
8445 214
8446 1112
8447 1112
8448 1112
8449 55
8450 1112
8451 1112
8452 214
8453 1112
8454 155
8455 1112
8456 127
8457 214
8458 1112
8459 1112
8460 1112
8461 214
8462 214
8463 127
8464 1112
8465 1112
8466 214
8467 1112
8468 1112
8469 50
8470 1110
8471 1109
8472 214
8473 1112
8474 1112
8475 1112
8476 182
8477 214
8478 1112
8479 1317
8480 1112
8481 50
8482 146
8483 1110
8484 1112
8485 214
8486 1112
8487 214
8488 214
8489 1112
8490 182
8491 1112
8492 1112
8493 214
8494 214
8495 1245
8496 1112
8497 50
8498 1109
8499 1112
8500 214
8501 214
8502 272
8503 1112
8504 1112
8505 1112
8506 36
8507 214
8508 1112
8509 1113
8510 50
8511 1112
8512 89
8513 1112
8514 1110
8515 1112
8516 262
8517 1112
8518 1112
8519 1112
8520 214
8521 214
8522 1112
8523 272
8524 6
8525 214
8526 1112
8527 1112
8528 1110
8529 50
8530 182
8531 1112
8532 1112
8533 1112
8534 214
8535 214
8536 1133
8537 1112
8538 1130
8539 214
8540 1112
8541 1112
8542 1112
8543 214
8544 214
8545 214
8546 82
8547 6
8548 1112
8549 214
8550 77
8551 214
8552 76
8553 1112
8554 272
8555 272
8556 1112
8557 1112
8558 138
8559 214
8560 272
8561 214
8562 272
8563 214
8564 1139
8565 262
8566 1112
8567 214
8568 55
8569 1112
8570 110
8571 262
8572 1112
8573 1112
8574 1112
8575 1112
8576 50
8577 212
8578 130
8579 1139
8580 1112
8581 138
8582 272
8583 1112
8584 214
8585 1112
8586 214
8587 214
8588 214
8589 1127
8590 214
8591 272
8592 1112
8593 214
8594 138
8595 1112
8596 214
8597 214
8598 1112
8599 1112
8600 214
8601 214
8602 262
8603 1113
8604 1112
8605 1113
8606 214
8607 127
8608 184
8609 1113
8610 214
8611 1112
8612 214
8613 182
8614 1112
8615 1112
8616 1112
8617 1110
8618 214
8619 1110
8620 1112
8621 14
8622 1110
8623 747
8624 1112
8625 1112
8626 1110
8627 1109
8628 1247
8629 142
8630 1112
8631 214
8632 76
8633 1125
8634 6
8635 1112
8636 214
8637 1112
8638 1110
8639 26
8640 1113
8641 6
8642 1113
8643 1113
8644 138
8645 1272
8646 1138
8647 146
8648 1139
8649 214
8650 1139
8651 1112
8652 1112
8653 1139
8654 1112
8655 1139
8656 27
8657 1139
8658 8
8659 14
8660 214
8661 1112
8662 1112
8663 1112
8664 1139
8665 214
8666 5
8667 1139
8668 14
8669 1139
8670 1112
8671 1139
8672 214
8673 1112
8674 6
8675 1139
8676 1139
8677 1139
8678 1139
8679 1139
8680 1139
8681 1139
8682 1139
8683 1139
8684 1139
8685 1139
8686 1109
8687 82
8688 1110
8689 1139
8690 127
8691 1139
8692 1139
8693 1139
8694 295
8695 110
8696 1139
8697 1139
8698 1112
8699 214
8700 1112
8701 1139
8702 1112
8703 1113
8704 6
8705 1112
8706 100
8707 1139
8708 50
8709 1139
8710 1139
8711 1139
8712 1139
8713 1139
8714 1138
8715 5
8716 1139
8717 1138
8718 214
8719 214
8720 1278
8721 1139
8722 1112
8723 1112
8724 1112
8725 1112
8726 1112
8727 6
8728 1112
8729 1139
8730 30
8731 6
8732 1112
8733 1139
8734 1139
8735 1139
8736 70
8737 1112
8738 172
8739 214
8740 1112
8741 1248
8742 6
8743 1139
8744 146
8745 1139
8746 1112
8747 1139
8748 127
8749 1272
8750 1139
8751 1139
8752 1112
8753 214
8754 12
8755 1112
8756 6
8757 146
8758 1249
8759 1112
8760 1112
8761 214
8762 272
8763 1139
8764 1112
8765 6
8766 6
8767 172
8768 214
8769 1139
8770 184
8771 214
8772 214
8773 214
8774 1139
8775 1110
8776 1118
8777 1139
8778 1139
8779 214
8780 214
8781 1112
8782 1112
8783 82
8784 214
8785 214
8786 6
8787 214
8788 1139
8789 127
8790 56
8791 1112
8792 1139
8793 1112
8794 1138
8795 1139
8796 127
8797 1139
8798 1112
8799 1112
8800 138
8801 1112
8802 1250
8803 1139
8804 1139
8805 272
8806 272
8807 33
8808 1110
8809 146
8810 127
8811 1139
8812 272
8813 1112
8814 1112
8815 1139
8816 1112
8817 8
8818 214
8819 1125
8820 1251
8821 127
8822 1110
8823 1110
8824 127
8825 214
8826 262
8827 138
8828 127
8829 1112
8830 1112
8831 214
8832 241
8833 1112
8834 1139
8835 241
8836 1118
8837 1110
8838 1109
8839 214
8840 1109
8841 1110
8842 1112
8843 45
8844 62
8845 138
8846 138
8847 62
8848 45
8849 146
8850 129
8851 55
8852 1112
8853 214
8854 1113
8855 100
8856 129
8857 127
8858 89
8859 55
8860 127
8861 1113
8862 1112
8863 1112
8864 1272
8865 45
8866 62
8867 1138
8868 214
8869 214
8870 1112
8871 214
8872 1112
8873 100
8874 1109
8875 214
8876 1118
8877 1112
8878 1133
8879 138
8880 1138
8881 127
8882 272
8883 204
8884 262
8885 214
8886 127
8887 127
8888 31
8889 1139
8890 1139
8891 1110
8892 1133
8893 747
8894 127
8895 1130
8896 1112
8897 6
8898 214
8899 1112
8900 214
8901 262
8902 214
8903 214
8904 1112
8905 214
8906 214
8907 214
8908 214
8909 14
8910 1112
8911 214
8912 214
8913 214
8914 1110
8915 214
8916 214
8917 1279
8918 214
8919 14
8920 214
8921 1113
8922 1113
8923 214
8924 214
8925 1112
8926 1112
8927 214
8928 1139
8929 33
8930 1112
8931 1139
8932 214
8933 214
8934 127
8935 214
8936 1139
8937 214
8938 1278
8939 1252
8940 1139
8941 214
8942 1133
8943 1110
8944 127
8945 1110
8946 214
8947 214
8948 5
8949 214
8950 214
8951 25
8952 214
8953 127
8954 28
8955 1133
8956 1112
8957 1110
8958 1139
8959 1109
8960 56
8961 1139
8962 127
8963 272
8964 241
8965 1112
8966 127
8967 1112
8968 1139
8969 1139
8970 127
8971 1268
8972 1112
8973 1112
8974 1110
8975 1125
8976 89
8977 127
8978 5
8979 1117
8980 142
8981 91
8982 91
8983 1113
8984 1110
8985 182
8986 188
8987 91
8988 1113
8989 127
8990 14
8991 127
8992 1133
8993 1112
8994 1112
8995 1292
8996 1109
8997 1113
8998 1117
8999 91
9000 1110
9001 172
9002 100
9003 1112
9004 89
9005 1139
9006 1112
9007 127
9008 14
9009 1133
9010 1253
9011 89
9012 1139
9013 1113
9014 1138
9015 89
9016 1109
9017 1268
9018 1112
9019 1109
9020 1113
9021 1112
9022 1113
9023 1275
9024 215
9025 1110
9026 1110
9027 62
9028 1112
9029 1139
9030 747
9031 747
9032 146
9033 1139
9034 14
9035 18
9036 53
9037 89
9038 1118
9039 1133
9040 272
9041 1109
9042 1112
9043 1112
9044 1110
9045 127
9046 1110
9047 138
9048 14
9049 28
9050 214
9051 272
9052 214
9053 214
9054 214
9055 1139
9056 214
9057 214
9058 214
9059 214
9060 214
9061 214
9062 214
9063 214
9064 5
9065 214
9066 214
9067 214
9068 214
9069 214
9070 214
9071 214
9072 214
9073 214
9074 214
9075 214
9076 214
9077 214
9078 214
9079 214
9080 214
9081 8
9082 214
9083 214
9084 214
9085 214
9086 1113
9087 1118
9088 1113
9089 1139
9090 1112
9091 10
9092 48
9093 1113
9094 1254
9095 1133
9096 1113
9097 1112
9098 1109
9099 41
9100 41
9101 210
9102 155
9103 1118
9104 1112
9105 1113
9106 127
9107 41
9108 1113
9109 48
9110 41
9111 14
9112 1113
9113 1113
9114 1113
9115 28
9116 1112
9117 1133
9118 1128
9119 1118
9120 127
9121 1113
9122 1255
9123 272
9124 84
9125 89
9126 1113
9127 127
9128 89
9129 272
9130 272
9131 33
9132 272
9133 272
9134 28
9135 272
9136 272
9137 272
9138 138
9139 1138
9140 1133
9141 146
9142 127
9143 60
9144 747
9145 69
9146 106
9147 1113
9148 747
9149 138
9150 1336
9151 100
9152 101
9153 1139
9154 86
9155 1112
9156 241
9157 89
9158 1110
9159 1133
9160 1110
9161 1112
9162 138
9163 1113
9164 41
9165 272
9166 77
9167 1256
9168 1112
9169 1138
9170 76
9171 89
9172 272
9173 77
9174 222
9175 1109
9176 48
9177 1112
9178 1112
9179 1112
9180 104
9181 222
9182 1139
9183 241
9184 272
9185 1111
9186 272
9187 272
9188 89
9189 94
9190 1152
9191 1152
9192 1152
9193 94
9194 1152
9195 94
9196 94
9197 1152
9198 1152
9199 1152
9200 94
9201 94
9202 1152
9203 94
9204 94
9205 94
9206 1152
9207 1152
9208 1152
9209 94
9210 94
9211 1152
9212 1152
9213 1152
9214 94
9215 94
9216 94
9217 94
9218 94
9219 94
9220 94
9221 94
9222 1152
9223 94
9224 94
9225 130
9226 1152
9227 1152
9228 1152
9229 1152
9230 94
9231 6
9232 94
9233 94
9234 94
9235 94
9236 94
9237 94
9238 94
9239 94
9240 94
9241 94
9242 146
9243 94
9244 94
9245 94
9246 1154
9247 1279
9248 272
9249 1152
9250 1152
9251 1152
9252 1152
9253 94
9254 94
9255 94
9256 188
9257 272
9258 106
9259 272
9260 127
9261 94
9262 1154
9263 1154
9264 1113
9265 94
9266 1113
9267 204
9268 747
9269 1113
9270 1257
9271 1113
9272 1154
9273 1113
9274 1152
9275 1113
9276 1113
9277 94
9278 747
9279 94
9280 94
9281 1113
9282 94
9283 10
9284 1133
9285 1152
9286 94
9287 1152
9288 1113
9289 94
9290 1112
9291 94
9292 1113
9293 1113
9294 1152
9295 94
9296 94
9297 94
9298 1133
9299 94
9300 272
9301 262
9302 94
9303 94
9304 94
9305 1113
9306 89
9307 1117
9308 102
9309 1302
9310 1112
9311 55
9312 36
9313 1138
9314 272
9315 1112
9316 1118
9317 1112
9318 94
9319 110
9320 747
9321 1112
9322 747
9323 747
9324 1112
9325 41
9326 89
9327 747
9328 94
9329 1112
9330 1112
9331 747
9332 1112
9333 1113
9334 173
9335 1112
9336 94
9337 89
9338 89
9339 241
9340 94
9341 138
9342 184
9343 1112
9344 94
9345 747
9346 5
9347 94
9348 1133
9349 94
9350 747
9351 747
9352 94
9353 94
9354 747
9355 146
9356 172
9357 172
9358 86
9359 747
9360 1112
9361 14
9362 1110
9363 1112
9364 747
9365 89
9366 262
9367 77
9368 1112
9369 127
9370 1152
9371 1112
9372 1112
9373 127
9374 12
9375 1113
9376 94
9377 1112
9378 1112
9379 1113
9380 1112
9381 31
9382 1112
9383 94
9384 94
9385 127
9386 8
9387 1112
9388 12
9389 48
9390 1112
9391 1112
9392 272
9393 204
9394 1128
9395 1112
9396 30
9397 1112
9398 1112
9399 1139
9400 172
9401 172
9402 94
9403 127
9404 127
9405 94
9406 55
9407 127
9408 127
9409 1112
9410 170
9411 1302
9412 1112
9413 1112
9414 1112
9415 1112
9416 1112
9417 12
9418 1112
9419 142
9420 1110
9421 94
9422 210
9423 1112
9424 55
9425 50
9426 747
9427 267
9428 94
9429 272
9430 30
9431 62
9432 1112
9433 1112
9434 55
9435 1112
9436 1112
9437 950
9438 94
9439 146
9440 146
9441 48
9442 747
9443 747
9444 146
9445 1112
9446 1113
9447 14
9448 1112
9449 94
9450 747
9451 182
9452 1110
9453 262
9454 1112
9455 89
9456 94
9457 747
9458 110
9459 101
9460 94
9461 1152
9462 1127
9463 101
9464 101
9465 101
9466 1109
9467 262
9468 55
9469 101
9470 33
9471 101
9472 1113
9473 89
9474 1112
9475 94
9476 1113
9477 91
9478 1112
9479 33
9480 33
9481 33
9482 33
9483 30
9484 182
