11382 1107
11383 1107
11384 886
11385 55
11386 1107
11387 1104
11388 532
11389 891
11390 267
11391 882
11392 39
11393 110
11394 886
11395 84
11396 1107
11397 1107
11398 1107
11399 886
11400 39
11401 893
11402 1104
11403 1357
11404 1107
11405 882
11406 142
11407 142
11408 884
11409 893
11410 886
11411 1107
11412 241
11413 1107
11414 12
11415 1107
11416 77
11417 893
11418 882
11419 886
11420 893
11421 1107
11422 532
11423 241
11424 1104
11425 1107
11426 33
11427 106
11428 1104
11429 891
11430 889
11431 5
11432 1104
11433 799
11434 1314
11435 1104
11436 1107
11437 82
11438 1104
11439 1104
11440 1107
11441 82
11442 1104
11443 882
11444 882
11445 39
11446 886
11447 1107
11448 1104
11449 1195
11450 1104
11451 890
11452 891
11453 882
11454 889
11455 33
11456 889
11457 131
11458 39
11459 1107
11460 1104
11461 1104
11462 39
11463 1126
11464 882
11465 1104
11466 1362
11467 882
11468 39
11469 1107
11470 1107
11471 1075
11472 182
11473 1198
11474 1198
11475 1104
11476 532
11477 10
11478 1363
11479 882
11480 55
11481 181
11482 1198
11483 799
11484 799
11485 882
11486 1104
11487 182
11488 1107
11489 1126
11490 1104
11491 891
11492 1104
11493 1364
11494 799
11495 181
11496 181
11497 893
11498 884
11499 1365
11500 886
11501 1198
11502 1107
11503 1107
11504 1107
11505 89
11506 262
11507 39
11508 181
11509 181
11510 1198
11511 1104
11512 1104
11513 241
11514 882
11515 600
11516 884
11517 600
11518 155
11519 1107
11520 86
11521 600
11522 36
11523 680
11524 1107
11525 600
11526 600
11527 600
11528 1075
11529 600
11530 1104
11531 600
11532 89
11533 891
11534 600
11535 600
11536 600
11537 39
11538 272
11539 182
11540 600
11541 600
11542 600
11543 799
11544 39
11545 600
11546 600
11547 600
11548 882
11549 600
11550 600
11551 31
11552 600
11553 600
11554 600
11555 886
11556 39
11557 921
11558 886
11559 600
11560 600
11561 600
11562 600
11563 600
11564 600
11565 267
11566 14
11567 600
11568 600
11569 600
11570 889
11571 799
11572 600
11573 600
11574 241
11575 241
11576 600
11577 600
11578 600
11579 600
11580 1107
11581 600
11582 532
11583 48
11584 889
11585 110
11586 600
11587 600
11588 1107
11589 600
11590 600
11591 600
11592 600
11593 904
11594 600
11595 600
11596 1107
11597 600
11598 600
11599 600
11600 600
11601 1107
11602 886
11603 600
11604 272
11605 600
11606 1107
11607 1107
11608 3
11609 272
11610 272
11611 893
11612 272
11613 600
11614 272
11615 272
11616 600
11617 600
11618 600
11619 893
11620 600
11621 272
11622 1370
11623 272
11624 272
11625 600
11626 600
11627 600
11628 272
11629 600
11630 272
11631 272
11632 272
11633 272
11634 272
11635 272
11636 600
11637 600
11638 272
11639 272
11640 272
11641 272
11642 272
11643 272
11644 600
11645 272
11646 600
11647 600
11648 600
11649 272
11650 272
11651 272
11652 272
11653 1107
11654 272
11655 272
11656 272
11657 272
11658 272
11659 272
11660 272
11661 272
11662 272
11663 1104
11664 1107
11665 600
11666 891
11667 272
11668 1107
11669 1104
11670 272
11671 272
11672 272
11673 1107
11674 893
11675 600
11676 272
11677 600
11678 272
11679 600
11680 272
11681 272
11682 889
11683 272
11684 272
11685 272
11686 272
11687 39
11688 1368
11689 272
11690 272
11691 272
11692 272
11693 272
11694 1107
11695 272
11696 272
11697 272
11698 272
11699 904
11700 272
11701 600
11702 39
11703 272
11704 916
11705 600
11706 272
11707 272
11708 272
11709 104
11710 600
11711 272
11712 272
11713 272
11714 272
11715 272
11716 884
11717 904
11718 1107
11719 272
11720 272
11721 272
11722 600
11723 272
11724 272
11725 272
11726 272
11727 272
11728 272
11729 891
11730 272
11731 600
11732 600
11733 600
11734 272
11735 272
11736 600
11737 272
11738 272
11739 272
11740 272
11741 272
11742 272
11743 272
11744 272
11745 272
11746 3
11747 31
11748 272
11749 882
11750 272
11751 272
11752 272
11753 272
11754 110
11755 272
11756 272
11757 886
11758 272
11759 272
11760 272
11761 600
11762 600
11763 241
11764 272
11765 600
11766 272
11767 181
11768 272
11769 600
11770 272
11771 272
11772 175
11773 272
11774 272
11775 272
11776 1104
11777 272
11778 272
11779 272
11780 272
11781 272
11782 272
11783 272
11784 272
11785 272
11786 272
11787 272
11788 272
11789 1104
11790 272
11791 1104
11792 100
11793 272
11794 600
11795 1104
11796 272
11797 272
11798 272
11799 272
11800 272
11801 272
11802 1104
11803 891
11804 272
11805 272
11806 272
11807 893
11808 272
11809 1371
11810 600
11811 272
11812 889
11813 272
11814 1104
11815 272
11816 272
11817 272
11818 272
11819 272
11820 1372
11821 272
11822 272
11823 272
11824 272
11825 272
11826 272
11827 272
11828 272
11829 272
11830 1104
11831 600
11832 272
11833 3
11834 272
11835 272
11836 886
11837 272
11838 272
11839 272
11840 600
11841 272
11842 600
11843 600
11844 1104
11845 272
11846 272
11847 600
11848 272
11849 272
11850 272
11851 272
11852 272
11853 272
11854 272
11855 272
11856 600
11857 272
11858 1104
11859 272
11860 1107
11861 1104
11862 272
11863 600
11864 600
11865 891
11866 1104
11867 272
11868 272
11869 272
11870 1104
11871 272
11872 272
11873 272
11874 272
11875 272
11876 600
11877 272
11878 272
11879 272
11880 272
11881 605
11882 272
11883 272
11884 272
11885 272
11886 272
11887 272
11888 272
11889 272
11890 272
11891 272
11892 272
11893 272
11894 272
11895 272
11896 272
11897 272
11898 1099
11899 600
11900 272
11901 272
11902 272
11903 272
11904 891
11905 272
11906 272
11907 272
11908 272
11909 886
11910 272
11911 272
11912 272
11913 89
11914 272
11915 272
11916 272
11917 272
11918 1104
11919 272
11920 272
11921 272
11922 272
11923 1107
11924 600
11925 272
11926 600
11927 272
11928 600
11929 600
11930 272
11931 272
11932 1104
11933 272
11934 272
11935 272
11936 1104
11937 272
11938 272
11939 272
11940 272
11941 272
11942 272
11943 1126
11944 272
11945 272
11946 272
11947 272
11948 272
11949 272
11950 272
11951 272
11952 272
11953 272
11954 882
11955 600
11956 272
11957 272
11958 272
11959 31
11960 272
11961 600
11962 272
11963 1104
11964 272
11965 1104
11966 272
11967 272
11968 272
11969 272
11970 1126
11971 272
11972 600
11973 600
11974 600
11975 891
11976 272
11977 272
11978 600
11979 272
11980 600
11981 272
11982 272
11983 272
11984 272
11985 272
11986 600
11987 272
11988 272
11989 272
11990 272
11991 1307
11992 272
11993 272
11994 891
11995 889
11996 272
11997 600
11998 272
11999 272
12000 272
12001 600
12002 272
12003 1373
12004 600
12005 272
12006 272
12007 272
12008 272
12009 272
12010 272
12011 891
12012 272
12013 272
12014 48
12015 272
12016 272
12017 272
12018 600
12019 272
12020 272
12021 272
12022 272
12023 272
12024 272
12025 1202
12026 272
12027 272
12028 272
12029 272
12030 272
12031 272
12032 882
12033 55
12034 272
12035 272
12036 241
12037 272
12038 272
12039 272
12040 272
12041 1104
12042 272
12043 272
12044 272
12045 272
12046 272
12047 882
12048 272
12049 272
12050 272
12051 272
12052 272
12053 272
12054 272
12055 272
12056 272
12057 882
12058 272
12059 272
12060 1202
12061 272
12062 272
12063 882
12064 139
12065 1099
12066 882
12067 1075
12068 882
12069 600
12070 31
12071 600
12072 600
12073 600
12074 600
12075 600
12076 893
12077 893
12078 1107
12079 882
12080 904
12081 600
12082 100
12083 600
12084 600
12085 882
12086 882
12087 600
12088 882
12089 1107
12090 882
12091 893
12092 882
12093 600
12094 3
12095 882
12096 600
12097 893
12098 600
12099 1361
12100 882
12101 600
12102 882
12103 882
12104 882
12105 904
12106 882
12107 882
12108 882
12109 882
12110 882
12111 882
12112 1203
12113 1126
12114 882
12115 882
12116 882
12117 882
12118 232
12119 1104
12120 600
12121 600
12122 1224
12123 891
12124 904
12125 1104
12126 891
12127 600
12128 799
12129 882
12130 1104
12131 891
12132 1107
12133 1104
12134 1104
12135 89
12136 1107
12137 600
12138 882
12139 14
12140 14
12141 882
12142 889
12143 600
12144 1104
12145 104
12146 882
12147 39
12148 600
12149 600
12150 600
12151 600
12152 600
12153 886
12154 600
12155 882
12156 1104
12157 600
12158 14
12159 882
12160 1358
12161 889
12162 600
12163 1104
12164 891
12165 600
12166 1366
12167 6
12168 110
12169 600
12170 605
12171 1104
12172 1104
12173 1203
12174 3
12175 600
12176 904
12177 1104
12178 605
12179 1314
12180 600
12181 1104
12182 14
12183 55
12184 893
12185 882
12186 33
12187 600
12188 110
12189 889
12190 891
12191 1126
12192 893
12193 886
12194 882
12195 110
12196 1104
12197 882
12198 891
12199 1104
12200 891
12201 39
12202 39
12203 893
12204 884
12205 886
12206 898
12207 600
12208 882
12209 31
12210 1104
12211 882
12212 922
12213 1104
12214 89
12215 89
12216 104
12217 600
12218 1195
12219 1104
12220 1126
12221 110
12222 1104
12223 1104
12224 215
12225 1104
12226 267
12227 886
12228 1104
12229 39
12230 600
12231 100
12232 1104
12233 1126
12234 1359
12235 100
12236 1104
12237 5
12238 31
12239 1104
12240 48
12241 5
12242 1375
12243 882
12244 5
12245 1104
12246 39
12247 882
12248 5
12249 1079
12250 89
12251 1104
12252 39
12253 1376
12254 39
12255 886
12256 155
12257 882
12258 600
12259 142
12260 1283
12261 882
12262 39
12263 886
12264 882
12265 1104
12266 882
12267 1104
12268 882
12269 600
12270 155
12271 39
12272 1342
12273 891
12274 882
12275 139
12276 1104
12277 1104
12278 1374
12279 896
12280 55
12281 39
12282 39
12283 882
12284 1104
12285 1075
12286 39
12287 893
12288 1104
12289 882
12290 89
12291 39
12292 39
12293 39
12294 39
12295 39
12296 1104
12297 882
12298 889
12299 1107
12300 532
12301 882
12302 1104
12303 882
12304 39
12305 39
12306 39
12307 39
12308 39
12309 39
12310 39
12311 882
12312 134
12313 39
12314 882
12315 891
12316 39
12317 39
12318 886
12319 39
12320 39
12321 886
12322 39
12323 1104
12324 39
12325 886
12326 39
12327 39
12328 39
12329 39
12330 39
12331 39
12332 39
12333 39
12334 39
12335 1356
12336 882
12337 267
12338 39
12339 39
12340 904
12341 241
12342 39
12343 889
12344 886
12345 39
12346 39
12347 39
12348 891
12349 39
12350 39
12351 882
12352 1104
12353 39
12354 39
12355 39
12356 39
12357 893
12358 882
12359 39
12360 39
12361 1075
12362 39
12363 39
12364 39
12365 39
12366 39
12367 882
12368 39
12369 39
12370 891
12371 39
12372 882
12373 39
12374 5
12375 39
12376 886
12377 882
12378 39
12379 39
12380 241
12381 39
12382 39
12383 55
12384 39
12385 882
12386 39
12387 241
12388 39
12389 39
12390 39
12391 39
12392 882
12393 882
12394 886
12395 39
12396 39
12397 39
12398 882
12399 886
12400 1104
12401 39
12402 39
12403 886
12404 39
12405 39
12406 39
12407 39
12408 39
12409 39
12410 39
12411 39
12412 39
12413 31
12414 882
12415 600
12416 889
12417 155
12418 886
12419 1126
12420 600
12421 600
12422 600
12423 600
12424 600
12425 1224
12426 889
12427 39
12428 39
12429 39
12430 891
12431 1107
12432 39
12433 215
12434 39
12435 916
12436 39
12437 39
12438 893
12439 890
12440 104
12441 882
12442 1134
12443 1104
12444 39
12445 886
12446 39
12447 882
12448 600
12449 600
12450 1126
12451 39
12452 39
12453 55
12454 39
12455 110
12456 39
12457 1104
12458 155
12459 1104
12460 39
12461 39
12462 1075
12463 39
12464 1104
12465 39
12466 39
12467 39
12468 39
12469 39
12470 39
12471 104
12472 39
12473 39
12474 39
12475 39
12476 882
12477 39
12478 39
12479 39
12480 1377
12481 39
12482 39
12483 39
12484 110
12485 39
12486 39
12487 891
12488 39
12489 39
12490 39
12491 39
12492 39
12493 39
12494 39
12495 39
12496 39
12497 882
12498 39
12499 39
12500 1104
12501 1104
12502 1104
12503 48
12504 39
12505 882
12506 882
12507 39
12508 39
12509 1104
12510 39
12511 39
12512 1104
12513 39
12514 39
12515 48
12516 86
12517 39
12518 39
12519 39
12520 882
12521 39
12522 39
12523 39
12524 55
12525 39
12526 110
12527 1104
12528 104
12529 39
12530 39
12531 1104
12532 110
12533 39
12534 882
12535 882
12536 55
12537 39
12538 680
12539 1104
12540 882
12541 39
12542 882
12543 882
12544 1099
12545 1099
12546 39
12547 39
12548 39
12549 39
12550 882
12551 1104
12552 891
12553 1104
12554 39
12555 886
12556 39
12557 39
12558 39
12559 1198
12560 155
12561 39
12562 39
12563 39
12564 39
12565 891
12566 1104
12567 39
12568 104
12569 1075
12570 882
12571 39
12572 882
12573 39
12574 1104
12575 882
12576 1104
12577 39
12578 39
12579 1104
12580 886
12581 1378
12582 882
12583 1104
12584 39
12585 882
12586 1104
12587 882
12588 882
12589 104
12590 882
12591 39
12592 1104
12593 882
12594 1104
12595 882
12596 295
12597 39
12598 104
12599 39
12600 39
12601 882
12602 39
12603 882
12604 882
12605 39
12606 104
12607 882
12608 886
12609 1203
12610 1104
12611 1104
12612 1104
12613 882
12614 39
12615 110
12616 605
12617 882
12618 39
12619 1307
12620 1104
12621 104
12622 39
12623 39
12624 882
12625 104
12626 886
12627 882
12628 39
12629 882
12630 1379
12631 1104
12632 886
12633 1104
12634 680
12635 1104
12636 39
12637 39
12638 1380
12639 39
12640 39
12641 1104
12642 1104
12643 1104
12644 882
12645 39
12646 882
12647 1099
12648 1104
12649 882
12650 882
12651 882
12652 882
12653 882
12654 1104
12655 882
12656 882
12657 1104
12658 39
12659 39
12660 882
12661 882
12662 890
12663 39
12664 882
12665 1212
12666 39
12667 882
12668 1104
12669 882
12670 882
12671 1104
12672 882
12673 882
12674 882
12675 882
12676 532
12677 882
12678 31
12679 882
12680 882
12681 1104
12682 882
12683 1104
12684 882
12685 882
12686 882
12687 882
12688 882
12689 882
12690 882
12691 882
12692 1104
12693 882
12694 889
12695 882
12696 882
12697 882
12698 882
12699 882
12700 882
12701 882
12702 882
12703 882
12704 882
12705 882
12706 882
12707 882
12708 1367
12709 886
12710 31
12711 1104
12712 882
12713 882
12714 886
12715 882
12716 882
12717 882
12718 882
12719 882
12720 882
12721 882
12722 882
12723 882
12724 882
12725 882
12726 882
12727 882
12728 882
12729 882
12730 1381
12731 882
12732 1104
12733 39
12734 882
12735 605
12736 39
12737 882
12738 1104
12739 1104
12740 882
12741 39
12742 1079
12743 889
12744 1382
12745 39
12746 1104
12747 64
12748 1104
12749 1104
12750 882
12751 1104
12752 882
12753 882
12754 882
12755 86
12756 882
12757 1104
12758 110
12759 1104
12760 882
12761 882
12762 1104
12763 882
12764 39
12765 1104
12766 39
12767 39
12768 146
12769 886
12770 1104
12771 1126
12772 55
12773 1104
12774 1104
12775 1104
12776 882
12777 39
12778 1104
12779 886
12780 886
12781 1104
12782 904
12783 1212
12784 886
12785 1104
12786 1104
12787 1104
12788 1104
12789 1104
12790 39
12791 1104
12792 55
12793 1104
12794 1104
12795 39
12796 1104
12797 886
12798 39
12799 1104
12800 1104
12801 39
12802 1104
12803 155
12804 39
12805 1104
12806 1104
12807 884
12808 155
12809 39
12810 1214
12811 1104
12812 882
12813 882
12814 1104
12815 104
12816 1104
12817 1214
12818 1104
12819 1214
12820 39
12821 39
12822 882
12823 1214
12824 1214
12825 1214
12826 1214
12827 39
12828 1214
12829 1214
12830 1214
12831 1214
12832 1104
12833 39
12834 295
12835 1214
12836 1214
12837 1214
12838 1214
12839 1214
12840 295
12841 1214
12842 1214
12843 1214
12844 1214
12845 39
12846 1214
12847 1214
12848 1214
12849 882
12850 1214
12851 1214
12852 1214
12853 1214
12854 1214
12855 1214
12856 1214
12857 1214
12858 1214
12859 1214
12860 1214
12861 1214
12862 295
12863 1214
12864 1214
12865 1214
12866 882
12867 1214
12868 882
12869 1214
12870 1214
12871 1104
12872 14
12873 155
12874 295
12875 1214
12876 1214
12877 1214
12878 1214
12879 1214
12880 1214
12881 1214
12882 1214
12883 1214
12884 1214
12885 86
12886 155
12887 1214
12888 1214
12889 1214
12890 1214
12891 1214
12892 1214
12893 1214
12894 1214
12895 1214
12896 1214
12897 1214
12898 1104
12899 1214
12900 1214
12901 1214
12902 1214
12903 1214
12904 1214
12905 890
12906 1214
12907 1104
12908 1214
12909 1214
12910 1214
12911 1214
12912 1214
12913 39
12914 890
12915 1214
12916 1214
12917 1214
12918 1214
12919 1214
12920 1214
12921 1214
12922 1214
12923 1104
12924 1104
12925 1104
12926 1214
12927 1214
12928 1214
12929 1214
12930 39
12931 39
12932 1214
12933 1214
12934 1214
12935 904
12936 1214
12937 1214
12938 1104
12939 1214
12940 1214
12941 39
12942 882
12943 1104
12944 1214
12945 1214
12946 1214
12947 1104
12948 1214
12949 1214
12950 1214
12951 39
12952 1214
12953 1214
12954 1214
12955 1214
12956 1214
12957 1214
12958 1214
12959 1214
12960 1214
12961 110
12962 1214
12963 1214
12964 1214
12965 1214
12966 1214
12967 882
12968 1342
12969 1214
12970 1214
12971 1214
12972 1214
12973 1214
12974 1104
12975 1214
12976 1214
12977 39
12978 1214
12979 1214
12980 1214
12981 1214
12982 1214
12983 1214
12984 1214
12985 39
12986 39
12987 1214
12988 1214
12989 1214
12990 1214
12991 1214
12992 1214
12993 1214
12994 1214
12995 1214
12996 146
12997 1214
12998 1214
12999 1214
13000 1214
13001 1214
13002 1214
13003 1214
13004 532
13005 1214
13006 1104
13007 1214
13008 1214
13009 1104
13010 1214
13011 1214
13012 1214
13013 1214
13014 1214
13015 1214
13016 1214
13017 1214
13018 1214
13019 1214
13020 1214
13021 1214
13022 1214
13023 1214
13024 1214
13025 1214
13026 1214
13027 39
13028 1214
13029 39
13030 1214
13031 1126
13032 1107
13033 1214
13034 1104
13035 1214
13036 1214
13037 1214
13038 1214
13039 1214
13040 1214
13041 1214
13042 1214
13043 1214
13044 1214
13045 1104
13046 1214
13047 1214
13048 1214
13049 1214
13050 1214
13051 1214
13052 1214
13053 1104
13054 1214
13055 1214
13056 1214
13057 1214
13058 882
13059 882
13060 1214
13061 232
13062 1214
13063 882
13064 1214
13065 600
13066 1214
13067 1104
13068 1214
13069 1214
13070 1214
13071 1214
13072 1104
13073 1214
13074 1104
13075 1214
13076 1104
13077 1214
13078 1214
13079 1214
13080 1104
13081 1214
13082 241
13083 1214
13084 1214
13085 1214
13086 1214
13087 1214
13088 1214
13089 1104
13090 1214
13091 1214
13092 1214
13093 1214
13094 886
13095 1214
13096 1214
13097 882
13098 1214
13099 1214
13100 1214
13101 1214
13102 1214
13103 1214
13104 1107
13105 1214
13106 1214
13107 1214
13108 1104
13109 1214
13110 182
13111 1214
13112 1214
13113 1214
13114 1214
13115 1214
13116 1214
13117 1214
13118 1104
13119 1214
13120 1214
13121 1214
13122 1214
13123 1214
13124 1126
13125 39
13126 1214
13127 1214
13128 1214
13129 1104
13130 1214
13131 1107
13132 1214
13133 10
13134 1369
13135 1214
13136 1214
13137 1214
13138 1214
13139 1214
13140 1214
13141 1214
13142 1214
13143 600
13144 1214
13145 1214
13146 1214
13147 1104
13148 1104
13149 1214
13150 1214
13151 1214
13152 882
13153 1214
13154 146
13155 1214
13156 1214
13157 1214
13158 1214
13159 1214
13160 1214
13161 1214
13162 104
13163 1214
13164 1214
13165 882
13166 1214
13167 1214
13168 882
13169 1214
13170 1214
13171 1214
13172 1214
13173 1214
13174 1214
13175 1214
13176 1214
13177 1214
13178 1214
13179 882
13180 882
13181 1214
13182 891
13183 1214
13184 1214
13185 1214
13186 1360
13187 1214
13188 882
13189 1214
13190 1214
13191 1214
13192 1214
13193 1104
13194 39
13195 1214
13196 1214
13197 1214
13198 882
13199 89
13200 1214
13201 1214
13202 1214
13203 1214
13204 1214
13205 1214
13206 39
13207 1214
13208 1214
13209 1214
13210 110
13211 39
13212 600
13213 1214
13214 1214
13215 1214
13216 1214
13217 1214
13218 889
13219 1214
13220 1214
13221 1214
13222 1214
13223 1104
13224 1214
13225 1214
13226 86
13227 1104
13228 1214
13229 1214
13230 882
13231 1214
13232 1214
13233 1214
13234 1214
13235 1214
13236 1214
13237 1214
13238 1104
13239 1214
13240 14
13241 882
13242 1383
13243 1214
13244 1214
13245 1214
13246 1214
13247 1214
13248 1214
13249 1214
13250 1214
13251 39
13252 1214
13253 1214
13254 1214
13255 1214
13256 1214
13257 1214
13258 1214
13259 1214
13260 1214
13261 77
13262 1214
13263 1214
13264 1214
13265 1214
13266 1214
13267 1214
13268 1214
13269 1214
13270 1214
13271 155
13272 1214
13273 39
13274 1214
13275 1214
13276 1214
13277 1214
13278 1214
