9048 2075
9049 13
9050 9
9051 4
9052 119
9053 78
9054 49
9055 74
9056 49
9057 3
9058 36
9059 985
9060 3
9061 8
9062 85
9063 86
9064 46
9065 13
9066 1124
9067 144
9068 74
9069 83
9070 109
9071 184
9072 118
9073 23
9074 27
9075 1534
9076 64
9077 16
9078 51
9079 74
9080 36
9081 1083
9082 81
9083 74
9084 148
9085 78
9086 113
9087 116
9088 13
9089 31
9090 99
9091 72
9092 3
9093 109
9094 132
9095 78
9096 1083
9097 919
9098 23
9099 75
9100 74
9101 1158
9102 17
9103 754
9104 81
9105 23
9106 113
9107 81
9108 27
9109 74
9110 27
9111 41
9112 86
9113 49
9114 44
9115 129
9116 112
9117 1083
9118 41
9119 958
9120 101
9121 99
9122 4
9123 754
9124 81
9125 113
9126 86
9127 99
9128 922
9129 13
9130 77
9131 2132
9132 141
9133 137
9134 75
9135 4
9136 77
9137 75
9138 56
9139 118
9140 132
9141 81
9142 1035
9143 154
9144 75
9145 99
9146 44
9147 13
9148 2076
9149 8
9150 31
9151 1255
9152 13
9153 189
9154 132
9155 9
9156 91
9157 41
9158 81
9159 13
9160 85
9161 13
9162 56
9163 55
9164 96
9165 104
9166 78
9167 85
9168 41
9169 74
9170 25
9171 781
9172 154
9173 31
9174 74
9175 3
9176 189
9177 5
9178 132
9179 13
9180 129
9181 5
9182 129
9183 99
9184 118
9185 33
9186 23
9187 132
9188 1255
9189 8
9190 25
9191 63
9192 1086
9193 80
9194 55
9195 99
9196 141
9197 13
9198 86
9199 27
9200 2077
9201 51
9202 55
9203 49
9204 74
9205 125
9206 68
9207 75
9208 13
9209 41
9210 3
9211 91
9212 80
9213 3
9214 75
9215 922
9216 81
9217 121
9218 132
9219 13
9220 72
9221 112
9222 141
9223 74
9224 130
9225 8
9226 74
9227 86
9228 132
9229 63
9230 123
9231 9
9232 780
9233 41
9234 91
9235 41
9236 36
9237 26
9238 41
9239 25
9240 41
9241 116
9242 87
9243 119
9244 1094
9245 112
9246 112
9247 55
9248 68
9249 74
9250 85
9251 16
9252 25
9253 81
9254 143
9255 16
9256 13
9257 1174
9258 33
9259 34
9260 68
9261 116
9262 2
9263 33
9264 140
9265 75
9266 113
9267 78
9268 72
9269 74
9270 13
9271 21
9272 33
9273 24
9274 77
9275 146
9276 86
9277 11
9278 4
9279 21
9280 78
9281 56
9282 2078
9283 55
9284 153
9285 37
9286 86
9287 99
9288 75
9289 80
9290 100
9291 78
9292 968
9293 141
9294 80
9295 79
9296 17
9297 189
9298 86
9299 75
9300 76
9301 27
9302 8
9303 154
9304 9
9305 16
9306 99
9307 116
9308 49
9309 754
9310 146
9311 72
9312 5
9313 78
9314 31
9315 958
9316 11
9317 11
9318 189
9319 77
9320 8
9321 68
9322 74
9323 33
9324 13
9325 74
9326 781
9327 99
9328 59
9329 129
9330 113
9331 762
9332 13
9333 33
9334 968
9335 140
9336 85
9337 13
9338 52
9339 27
9340 34
9341 39
9342 781
9343 3
9344 113
9345 13
9346 2079
9347 85
9348 113
9349 2175
9350 129
9351 37
9352 13
9353 13
9354 86
9355 75
9356 977
9357 49
9358 4
9359 154
9360 16
9361 88
9362 24
9363 75
9364 80
9365 118
9366 41
9367 34
9368 141
9369 74
9370 25
9371 33
9372 2080
9373 13
9374 74
9375 25
9376 146
9377 127
9378 113
9379 9
9380 1362
9381 4
9382 1063
9383 141
9384 56
9385 17
9386 63
9387 13
9388 51
9389 1185
9390 24
9391 13
9392 81
9393 10
9394 74
9395 34
9396 33
9397 81
9398 27
9399 141
9400 1943
9401 49
9402 155
9403 11
9404 16
9405 132
9406 99
9407 31
9408 13
9409 99
9410 154
9411 3
9412 49
9413 74
9414 75
9415 2175
9416 31
9417 74
9418 123
9419 5
9420 16
9421 78
9422 72
9423 8
9424 74
9425 118
9426 1086
9427 1086
9428 24
9429 47
9430 39
9431 80
9432 1086
9433 1158
9434 1347
9435 31
9436 88
9437 74
9438 132
9439 116
9440 2142
9441 55
9442 81
9443 144
9444 27
9445 96
9446 155
9447 99
9448 99
9449 162
9450 86
9451 99
9452 4
9453 11
9454 4
9455 8
9456 1083
9457 141
9458 36
9459 85
9460 27
9461 13
9462 1799
9463 101
9464 8
9465 118
9466 56
9467 8
9468 2
9469 141
9470 4
9471 32
9472 31
9473 146
9474 99
9475 99
9476 13
9477 8
9478 74
9479 77
9480 74
9481 2132
9482 189
9483 75
9484 144
9485 33
9486 919
9487 55
9488 75
9489 36
9490 74
9491 104
9492 1083
9493 146
9494 99
9495 151
9496 985
9497 125
9498 91
9499 41
9500 23
9501 129
9502 132
9503 33
9504 68
9505 8
9506 119
9507 132
9508 41
9509 41
9510 2081
9511 38
9512 74
9513 8
9514 985
9515 8
9516 74
9517 68
9518 112
9519 44
9520 62
9521 755
9522 112
9523 31
9524 8
9525 1086
9526 119
9527 8
9528 13
9529 1158
9530 132
9531 162
9532 74
9533 33
9534 119
9535 1174
9536 25
9537 17
9538 16
9539 17
9540 8
9541 189
9542 151
9543 77
9544 155
9545 87
9546 781
9547 113
9548 769
9549 1442
9550 99
9551 77
9552 1083
9553 101
9554 13
9555 23
9556 1255
9557 75
9558 74
9559 74
9560 37
9561 27
9562 112
9563 132
9564 4
9565 75
9566 76
9567 100
9568 24
9569 31
9570 86
9571 75
9572 13
9573 23
9574 13
9575 141
9576 780
9577 88
9578 86
9579 109
9580 91
9581 100
9582 99
9583 104
9584 33
9585 80
9586 104
9587 17
9588 13
9589 13
9590 142
9591 141
9592 27
9593 141
9594 153
9595 132
9596 64
9597 112
9598 34
9599 113
9600 34
9601 25
9602 56
9603 3
9604 34
9605 27
9606 3
9607 1158
9608 130
9609 74
9610 37
9611 140
9612 143
9613 87
9614 11
9615 33
9616 112
9617 917
9618 74
9619 91
9620 11
9621 100
9622 3
9623 36
9624 4
9625 119
9626 78
9627 41
9628 5
9629 25
9630 13
9631 77
9632 39
9633 88
9634 24
9635 27
9636 75
9637 11
9638 56
9639 132
9640 13
9641 4
9642 4
9643 8
9644 13
9645 81
9646 56
9647 2056
9648 99
9649 99
9650 119
9651 74
9652 24
9653 155
9654 116
9655 76
9656 56
9657 112
9658 8
9659 75
9660 63
9661 36
9662 141
9663 47
9664 74
9665 113
9666 1158
9667 112
9668 809
9669 25
9670 31
9671 151
9672 49
9673 63
9674 189
9675 9
9676 99
9677 75
9678 74
9679 24
9680 74
9681 148
9682 74
9683 78
9684 86
9685 81
9686 27
9687 13
9688 87
9689 13
9690 86
9691 140
9692 4
9693 112
9694 146
9695 9
9696 74
9697 23
9698 116
9699 140
9700 24
9701 762
9702 762
9703 1052
9704 80
9705 3
9706 119
9707 140
9708 141
9709 9
9710 11
9711 44
9712 32
9713 113
9714 85
9715 55
9716 99
9717 21
9718 16
9719 47
9720 762
9721 118
9722 2082
9723 44
9724 99
9725 2142
9726 21
9727 141
9728 37
9729 184
9730 74
9731 75
9732 148
9733 16
9734 99
9735 8
9736 1158
9737 154
9738 21
9739 1093
9740 769
9741 99
9742 79
9743 13
