2133 1648
2188 1536
3847 1362
8676 1235
2099 1634
2846 1536
1701 1356
9485 1634
3210 1532
8773 1496
5346 1651
929 1648
7857 1532
7035 1496
8411 1634
6905 1532
6797 1652
8348 1634
760 1634
9910 1235
895 1648
1957 1384
178 1532
1136 1536
10237 1381
4162 1536
9082 1495
1773 1634
9809 744
9941 1634
6839 1634
3488 1648
9763 1384
10274 1805
1961 1636
5475 1362
7478 1235
6798 1648
513 1536
3896 1648
8010 1648
6417 1634
3255 1532
476 1235
10404 1648
6165 1652
6335 1532
1665 1648
9263 1634
10834 1235
1494 1235
8008 1496
9503 1634
1756 1536
9533 1634
10317 1532
7369 1356
952 1235
11065 1535
9984 1235
4563 1634
284 1235
10262 1648
8860 1648
2816 1634
8288 1535
5500 1634
7083 1532
3970 1648
2578 1806
800 1536
9584 1634
2688 1648
10497 1532
879 1356
1887 1659
9305 1648
10509 1634
10563 1648
7018 1356
688 1532
4294 1532
1982 1648
9333 1634
11030 1648
5212 1535
1518 1634
5067 1634
8099 1651
4537 1356
5347 1235
7342 1498
3484 1634
11020 1356
1850 1535
9834 1535
622 1648
2 1634
2569 1536
5256 1535
2783 1532
2400 1532
128 1535
3509 1663
5577 1648
6860 1235
5872 1634
7286 1496
2306 1532
5011 1362
9371 1634
6264 1648
8939 1235
5113 1634
3521 1636
6900 1634
6733 1651
9381 1648
4975 1536
8284 1235
5804 1648
8283 1496
8996 1634
8230 1532
10410 744
6161 1532
7249 1648
1417 1648
7898 1634
4257 1651
10514 1535
5875 1634
5191 1532
696 1536
4226 1648
4840 1378
9501 1532
1549 1536
10519 1532
10743 1356
3075 1648
10054 1496
6382 1535
1717 1536
9158 1496
3567 1634
2862 658
3474 1532
10259 1496
7059 658
9180 1235
6803 1634
9793 1532
6994 1634
10692 1532
5343 1362
1165 1536
371 1532
3136 1235
10873 1532
3937 1634
2499 1648
3094 1535
2570 1532
7878 1496
2174 1535
1719 1652
8101 1496
10999 1496
306 1532
5460 1634
10049 1648
2823 1636
7584 1496
2742 1634
2766 1532
35 1634
6170 1356
6611 1532
10140 1496
7754 1356
7173 1634
10105 1535
1464 1536
6108 1634
4715 1536
9253 1496
2000 1648
50 1381
5409 1235
2981 1648
11035 1496
8006 1362
7423 1535
1212 1536
2649 1648
561 1536
10984 835
2097 1532
10129 1634
7317 1496
3544 1356
7328 1496
2444 1648
10901 1356
6586 1535
5398 1235
8014 1535
4221 1536
7566 1634
10773 1235
1425 1634
1474 1532
6870 1496
4706 1648
10574 1496
10050 1496
5251 1535
3672 1356
6937 1634
1201 1532
10608 1356
7991 1634
5664 1634
404 1634
7295 1532
9107 1496
7984 1634
9255 1648
6160 1634
8341 1356
2381 1532
5921 744
2694 1663
10360 1665
10943 1634
4650 1536
2602 1356
9185 1634
3539 1634
759 1636
10152 1496
7444 1496
3639 1535
5704 1634
3423 1535
2637 1363
10068 1634
1847 1536
3169 1648
872 1651
6421 1532
1627 1634
10977 1496
5175 1634
5937 1648
2173 1535
5979 1634
7959 1634
6401 1652
7762 1648
4303 1355
4417 1634
137 1648
3184 1532
7511 1648
11068 1634
8713 1235
4865 1536
5310 1532
6334 1532
8778 1356
3032 1532
10839 1648
7961 511
10543 1496
9420 1648
1327 1535
1140 1356
10826 1634
2363 1634
5285 1648
5771 1651
4856 1536
3228 1634
7837 1648
9216 1496
8747 1648
8932 1634
9329 1235
7712 1496
6931 1634
2114 744
3129 1532
8844 1496
10377 1535
9615 1634
6634 1496
3954 1634
4293 1356
2080 1536
8122 1496
3703 1636
10504 1363
7185 1356
2960 1634
10146 1634
3511 1634
8745 1634
10192 1807
8730 1634
10965 1532
7658 1496
88 1636
5066 1652
1413 1356
22 1536
8192 1808
6128 1532
5282 1648
6800 1809
3831 744
10491 1648
10039 1496
258 1536
5948 1634
987 1636
4831 1536
5002 1634
224 1536
7256 1235
9104 1496
1042 1532
2362 1532
4660 1648
510 1634
4305 1536
5714 1648
2293 1648
5983 1532
9295 1356
814 1235
10535 1634
4027 1532
2908 1810
5607 1356
8980 1535
4565 1535
2753 1356
8904 1496
584 1536
8033 1648
4824 1532
2591 1235
7789 1634
200 1648
7721 1648
10407 1634
9951 1535
7872 1496
10272 1634
6442 1636
2455 1536
4491 1362
10324 1648
10483 1651
4465 1536
4009 1532
214 1536
9350 1532
1320 1532
10467 1496
9272 1634
5978 1634
9232 1635
9360 1648
7869 1648
3432 1634
10170 1356
2599 742
7145 1496
9258 1684
357 1536
10296 1634
8186 1496
8389 1811
5815 1648
3513 1532
6892 1634
9872 1496
10775 1496
1765 1536
10499 520
1612 1532
3481 1235
8257 1356
3249 1532
1941 1634
2956 1634
9396 1634
2563 1356
1946 1812
560 1665
3562 1532
4054 1532
10409 1532
3098 1648
8279 1648
10952 1535
3283 1634
6988 1648
6378 1652
9685 1496
3294 1634
2329 1648
6298 1648
1295 1362
8878 1648
3879 1536
7449 1634
555 1362
2722 1634
2721 1648
9645 1496
147 1356
9115 1532
10762 1813
3141 1651
7707 1814
3694 1356
10973 511
7578 1384
6872 1634
7016 1235
1539 1634
5376 1634
10641 1648
10861 1648
2573 1535
9762 1355
3750 1536
5408 744
961 1815
1895 1536
8414 1356
631 1535
9397 4
7168 1356
2035 1235
10645 1235
582 1636
2127 1536
1678 1235
1374 1235
2581 1532
1138 1634
9733 1648
9323 1356
10804 1651
3776 1536
6072 1356
2203 1634
6906 1634
2421 1384
6871 1634
9647 1648
2435 1634
6565 1235
10832 1634
8784 1634
3658 1636
7841 1532
5473 1816
3349 1356
8325 1356
10492 1648
9124 1496
6251 1652
2523 1362
189 1532
2393 1536
10877 1634
7302 1496
2397 1532
6373 1235
10130 1356
3977 1536
7125 1648
2657 1634
8598 1495
4944 520
1804 1536
7632 1496
7875 1496
1410 1535
6094 1356
2868 1536
345 1362
4915 1634
4325 1356
7603 1532
8462 1634
4669 837
6962 1496
10212 1496
8000 1636
8256 1496
10173 1634
2087 1648
5970 992
4586 1496
2298 1648
1955 515
3960 1532
9934 1817
2664 1634
8971 1235
10661 1496
9077 1648
187 1634
4355 1634
9576 1535
4674 1634
6873 1636
4155 1356
514 1536
4583 1535
7119 1634
3049 1634
6866 1634
3234 1634
455 1536
7532 1634
10453 1648
10107 1652
6450 1535
7504 1496
7861 1648
10147 1648
9641 1384
927 1634
1669 1634
9797 1634
232 1634
1905 1535
4047 1636
2793 1636
8855 1532
6081 1648
6186 1634
5757 1235
8160 1496
4778 1634
8177 1634
6587 1659
1497 1648
7360 1496
11036 1496
1151 1634
3905 1536
7589 1496
1725 1356
8027 1648
3616 1634
3327 1535
2805 1818
4533 1634
1781 1535
669 1651
3790 1648
13 1362
2522 1536
7593 1634
10006 1532
10100 1648
3472 1636
6649 1819
8877 1496
5315 1648
9891 1356
1674 1536
7127 1496
6048 1362
8125 1496
10924 1496
3599 1634
91 1356
2917 1636
10803 1535
4913 1356
9141 1508
10115 1496
4974 1634
8593 1496
6757 1356
6001 1634
9814 1235
3453 1535
3135 1496
2204 1634
8293 1496
9182 1235
2214 1532
7243 1535
5611 1820
2953 1356
1353 1532
7375 1496
1008 1535
10875 1634
6130 1636
5870 1634
1642 1356
4871 1651
8989 1651
5663 1532
7957 1535
5379 1532
8628 1356
456 1536
1814 1634
995 1536
5887 1535
11096 1651
2404 1532
2353 1532
3660 1535
10584 1535
8689 1636
907 1356
8466 1634
8400 1634
1014 1634
10703 1535
131 1636
3004 1362
5052 1648
8299 1634
7414 1648
2030 1648
9442 1496
8133 1535
1657 1532
1404 1634
2450 1634
2603 1532
363 1532
11105 1652
8181 1652
4589 1235
1109 1356
8502 1532
8311 1496
8867 1532
4896 1648
8046 1535
9392 1496
7259 1532
4806 1356
3434 1648
10913 1496
2579 1356
2472 1356
2771 1536
6326 1648
7533 1684
7196 1496
7484 1633
5118 1235
4105 1634
5890 1356
7608 1356
4428 1634
2819 1536
4346 1821
7034 1686
8530 3
3518 513
7585 1686
8342 1536
1793 513
10183 1536
489 1822
43 513
10524 1536
8656 1823
2708 1824
1854 1825
4773 1826
9349 1827
1236 1828
9342 1829
9720 1830
7401 1536
5539 1831
7947 513
