5568 189
5569 31
5570 708
5571 121
5572 44
5573 17
5574 1102
5575 99
5576 51
5577 81
5578 184
5579 21
5580 116
5581 1576
5582 34
5583 34
5584 154
5585 901
5586 47
5587 11
5588 25
5589 27
5590 55
5591 13
5592 702
5593 34
5594 155
5595 969
5596 141
5597 112
5598 8
5599 189
5600 74
5601 118
5602 16
5603 27
5604 56
5605 80
5606 148
5607 79
5608 21
5609 32
5610 901
5611 59
5612 74
5613 13
5614 99
5615 151
5616 74
5617 677
5618 1678
5619 86
5620 31
5621 44
5622 141
5623 47
5624 26
5625 72
5626 86
5627 80
5628 31
5629 113
5630 21
5631 74
5632 79
5633 21
5634 27
5635 151
5636 37
5637 34
5638 13
5639 21
5640 41
5641 1102
5642 684
5643 49
5644 116
5645 118
5646 8
5647 99
5648 5
5649 59
5650 23
5651 708
5652 101
5653 101
5654 74
5655 132
5656 113
5657 146
5658 148
5659 4
5660 83
5661 3
5662 72
5663 129
5664 33
5665 13
5666 116
5667 68
5668 80
5669 101
5670 81
5671 37
5672 75
5673 113
5674 132
5675 1679
5676 8
5677 81
5678 13
5679 56
5680 13
5681 36
5682 99
5683 116
5684 116
5685 25
5686 87
5687 56
5688 37
5689 4
5690 969
5691 8
5692 47
5693 9
5694 113
5695 55
5696 99
5697 23
5698 38
5699 31
5700 68
5701 41
5702 708
5703 74
5704 33
5705 23
5706 1585
5707 901
5708 74
5709 75
5710 79
5711 47
5712 162
5713 1071
5714 81
5715 8
5716 8
5717 969
5718 99
5719 969
5720 104
5721 23
5722 677
5723 27
5724 27
5725 80
5726 8
5727 23
5728 1680
5729 21
5730 1576
5731 969
5732 68
5733 31
5734 121
5735 132
5736 80
5737 8
5738 41
5739 1585
5740 81
5741 17
5742 86
5743 85
5744 11
5745 100
5746 708
5747 4
5748 702
5749 41
5750 3
5751 39
5752 34
5753 148
5754 16
5755 148
5756 21
5757 129
5758 23
5759 154
5760 74
5761 74
5762 146
5763 11
5764 23
5765 141
5766 13
5767 118
5768 68
5769 72
5770 666
5771 881
5772 125
5773 77
5774 691
5775 132
5776 32
5777 85
5778 75
5779 684
5780 990
5781 804
5782 27
5783 112
5784 969
5785 74
5786 75
5787 27
5788 47
5789 969
5790 39
5791 81
5792 13
5793 1587
5794 141
5795 44
5796 75
5797 39
5798 116
5799 27
5800 9
5801 8
5802 8
5803 1681
5804 81
5805 44
5806 27
5807 80
5808 969
5809 34
5810 77
5811 104
5812 13
5813 1682
5814 99
5815 81
5816 151
5817 77
5818 132
5819 11
5820 27
5821 118
5822 154
5823 99
5824 3
5825 36
5826 702
5827 148
5828 25
5829 81
5830 51
5831 79
5832 13
5833 990
5834 132
5835 11
5836 5
5837 9
5838 13
5839 81
5840 146
5841 23
5842 8
5843 132
5844 154
5845 155
5846 31
5847 74
5848 85
5849 146
5850 91
5851 27
5852 37
5853 154
5854 1683
5855 44
5856 31
5857 104
5858 1684
5859 8
5860 99
5861 132
5862 1685
5863 74
5864 13
5865 38
5866 86
5867 189
5868 13
5869 901
5870 33
5871 155
5872 33
5873 23
5874 9
5875 33
5876 78
5877 8
5878 99
5879 26
5880 31
5881 81
5882 68
5883 132
5884 9
5885 80
5886 13
5887 121
5888 27
5889 4
5890 79
5891 132
5892 17
5893 49
5894 37
5895 109
5896 8
5897 87
5898 39
5899 49
5900 13
5901 13
5902 141
5903 87
5904 36
5905 41
5906 81
5907 11
5908 1587
5909 87
5910 74
5911 125
5912 17
5913 81
5914 68
5915 85
5916 16
5917 13
5918 101
5919 8
5920 8
5921 81
5922 74
5923 812
5924 116
5925 34
5926 23
5927 118
5928 9
5929 37
5930 91
5931 80
5932 113
5933 118
5934 49
5935 27
5936 141
5937 81
5938 38
5939 104
5940 81
5941 39
5942 39
5943 63
5944 86
5945 101
5946 80
5947 8
5948 33
5949 80
5950 109
5951 25
5952 9
5953 74
5954 109
5955 969
5956 8
5957 96
5958 75
5959 44
5960 695
5961 74
5962 27
5963 27
5964 4
5965 99
5966 85
5967 34
5968 8
5969 86
5970 1686
5971 13
5972 74
5973 1687
5974 812
5975 8
5976 8
5977 37
5978 33
5979 33
5980 146
5981 44
5982 32
5983 129
5984 75
5985 32
5986 75
5987 86
5988 112
5989 100
5990 27
5991 689
5992 113
5993 75
5994 969
5995 118
5996 85
5997 44
5998 74
5999 74
6000 13
6001 33
6002 49
6003 80
6004 708
6005 37
6006 41
6007 1688
6008 27
6009 109
6010 21
6011 153
6012 41
6013 39
6014 9
6015 31
6016 1689
6017 77
6018 1576
6019 101
6020 1690
6021 4
6022 27
6023 31
6024 113
6025 99
6026 74
6027 132
6028 27
6029 113
6030 4
6031 74
6032 3
6033 13
6034 8
6035 85
6036 91
6037 99
6038 34
6039 56
6040 74
6041 51
6042 13
6043 31
6044 24
6045 99
6046 49
6047 686
6048 129
6049 81
6050 113
6051 112
6052 1102
6053 47
6054 809
6055 55
6056 38
6057 72
6058 87
6059 13
6060 99
6061 189
6062 34
6063 27
6064 27
6065 26
6066 87
6067 116
6068 1691
6069 25
6070 13
6071 31
6072 33
6073 104
6074 17
6075 112
6076 702
6077 39
6078 155
6079 86
6080 63
6081 81
6082 78
6083 109
6084 63
6085 51
6086 8
6087 77
6088 21
6089 901
6090 47
6091 34
6092 85
6093 112
6094 79
6095 121
6096 132
6097 55
6098 23
6099 8
6100 27
6101 132
6102 16
6103 8
6104 74
6105 34
6106 31
6107 25
6108 33
6109 116
6110 112
6111 86
6112 125
6113 56
6114 112
6115 121
6116 41
6117 55
6118 99
6119 83
6120 36
6121 27
6122 809
6123 15
6124 39
6125 5
6126 189
6127 75
6128 129
6129 672
6130 76
6131 1692
6132 51
6133 46
6134 118
6135 8
6136 9
6137 116
6138 37
6139 41
6140 104
6141 86
6142 74
6143 26
6144 81
6145 99
6146 13
6147 72
6148 101
6149 41
6150 27
6151 17
6152 5
6153 72
6154 13
6155 109
6156 74
6157 130
6158 91
6159 27
6160 33
6161 129
6162 79
6163 31
6164 32
6165 1512
6166 23
6167 708
6168 37
6169 141
6170 79
6171 21
6172 36
6173 31
6174 51
6175 109
6176 86
6177 51
6178 55
6179 1693
6180 74
6181 1063
6182 189
6183 39
6184 112
6185 118
6186 33
6187 13
6188 86
6189 118
6190 669
6191 74
6192 695
6193 118
6194 890
6195 969
6196 37
6197 49
6198 17
6199 116
6200 24
6201 1694
6202 113
6203 9
6204 99
6205 96
6206 118
6207 72
6208 104
6209 56
6210 8
6211 75
6212 80
6213 77
6214 99
6215 8
6216 74
6217 13
6218 86
6219 151
6220 32
6221 8
6222 189
6223 113
6224 99
6225 80
6226 75
6227 151
6228 118
6229 151
6230 116
6231 1695
6232 13
6233 141
6234 74
6235 80
6236 41
6237 41
6238 1105
6239 13
6240 77
6241 23
6242 91
6243 86
6244 17
6245 8
6246 112
6247 113
6248 80
6249 32
6250 74
6251 1512
6252 27
6253 27
6254 969
6255 137
6256 116
6257 99
6258 123
6259 113
6260 4
6261 44
6262 75
6263 72
