2856 1133
10389 1079
1942 1146
8049 1090
5150 1090
9052 1135
944 1090
6336 1146
10577 1146
5383 1133
7288 1090
1149 1090
5146 1092
5029 1147
5470 1090
3373 1146
9587 1146
2749 1146
10708 1146
3635 1135
6327 1090
6254 1147
1226 1092
7760 1090
3559 1092
2622 1146
2414 1092
4968 1146
5046 1146
8997 1135
10181 1079
8653 1090
9970 1092
7184 1146
282 1090
1738 1090
5349 1147
1420 1146
8654 1090
7246 1146
2034 1090
453 1092
882 1150
5462 1090
3465 1092
10114 1079
3487 1135
4575 1146
6537 1092
4088 1213
11015 1092
10718 1146
7784 1092
4631 1090
9228 1092
3412 1092
10013 1146
2379 1146
5869 1092
8838 1092
7801 1090
4892 1214
9385 1146
18 1146
410 1146
980 1090
6980 1135
4697 1092
4900 1090
7240 1092
9687 1147
712 1090
9169 1090
9218 1092
7017 1090
9154 1092
5654 1090
3911 1090
7349 1090
1782 1092
5631 1090
4074 1146
2490 1090
2320 1146
3583 1146
8224 1092
9269 1090
8993 1090
10921 1079
9506 1153
10314 1090
1934 1092
992 1090
1878 1146
1540 1090
10012 1092
6832 1079
7847 1146
9026 1135
6286 1092
1287 1135
6855 1146
6557 1092
2458 1090
3913 1133
3982 1092
10787 1079
9830 1092
10158 1090
7150 1092
382 1090
7574 1090
5775 1092
9197 1079
446 1146
3350 1135
6936 1090
4878 1146
8927 1092
3593 1090
1932 1090
6520 1092
8896 1092
5861 1092
2237 1090
321 1090
3730 1146
1041 1147
5322 1146
1163 1092
744 1092
10699 1135
1963 1090
7471 1092
3156 1090
9618 1090
5263 1146
4682 1146
4791 1146
2621 1090
5101 1133
6927 1135
8576 1147
5558 1146
7169 1090
7782 1090
3133 1092
8533 512
1251 1133
6759 1090
1639 1090
5679 1135
7266 1092
2608 1090
4927 1090
2465 1135
1736 1092
10069 1135
6427 1079
5345 1090
10016 1092
48 1146
9532 1090
10994 1079
3072 1090
8252 1133
9908 1135
3033 1135
7476 1090
10507 1146
8383 1092
4826 1146
6804 1090
10622 1092
4397 1090
2551 1092
9094 1092
4597 1092
4540 1092
3274 1135
7713 1135
5735 1092
9706 1135
1500 1090
3413 1090
9537 1146
2974 1090
6343 1135
2403 1092
124 1090
10698 1079
5416 1090
443 1090
566 1090
2470 1090
1517 1146
3690 1090
10780 1092
7937 1092
9100 1090
7241 1146
7155 1090
2129 1090
1664 1135
10963 1090
4520 1146
5538 1135
8590 1090
6541 1092
7765 1135
7741 1146
3485 1090
4732 1092
2912 1090
3206 1146
7202 1090
1643 1092
10135 1146
8887 1135
5317 1092
9931 1215
2628 1092
7547 1079
4242 1146
7487 1092
11001 1092
4990 1135
1633 1090
4359 1092
9682 1090
8678 1090
7183 1079
8812 1090
689 1146
6833 1090
4026 1090
2704 1090
3930 1090
548 1090
6074 1146
1894 1216
9178 1092
5703 1090
10597 1135
5998 1090
4422 1090
4338 1092
6825 1079
3140 1090
2017 1092
7781 1217
860 1090
6101 1092
5843 1092
9526 1135
1439 1090
3969 1146
10552 1135
3600 1135
6345 1146
1437 1090
3772 1090
1591 1090
1174 1092
9539 1146
9781 658
3 1133
5078 1090
2730 1146
625 1135
2717 1146
7736 1146
10241 1092
5818 1092
1453 1090
1857 1092
2322 1092
7662 1092
502 1092
9502 1092
9065 1079
8542 1079
10230 1090
8694 1090
3863 1092
9829 1135
6529 1090
1093 1090
3367 1090
6026 1090
1615 1090
1434 1146
868 1147
195 1090
8715 1090
600 1090
2147 1146
2807 1092
8851 1146
7931 1092
8333 1146
1203 1092
9843 1079
9534 1135
8034 1153
7374 1090
6113 1135
8184 1092
2144 1218
8913 1135
8646 1146
646 1090
2476 1090
8959 1135
665 1092
8629 1092
10392 1090
4901 1092
900 1146
642 1135
7238 1147
74 1092
5600 1090
10062 1079
6919 1090
703 1135
10323 1090
254 1135
4073 1133
10778 1146
3645 1090
1602 1135
4145 1135
3455 1090
6357 1147
9034 1090
10326 1092
9296 1146
517 1092
2292 1092
5132 1092
5612 1090
8599 1135
10417 1135
3319 1090
5994 1079
5081 1146
2252 1090
10544 1079
10160 1092
1265 1090
9968 1090
3304 1147
4372 1135
8595 1090
940 1090
4808 1146
8147 1135
3766 1092
2724 1090
2018 1090
9507 1092
2841 1092
6306 1135
8988 1147
8001 1146
3765 1090
5423 1090
3852 1090
2594 1090
4212 1090
2802 1146
1001 1090
8430 1079
6244 1146
5674 1092
5999 1090
9942 1092
9413 1090
5133 1092
369 1090
9820 1092
10748 1090
4123 1090
8566 1135
2251 1135
1305 1090
5446 1133
2777 1092
10456 1090
5834 1092
9983 1090
10073 1150
9428 1219
5543 1090
737 1147
2280 1092
11007 1146
637 1090
6285 1090
5605 1135
6359 1146
4258 1135
1962 1146
7208 1135
1183 1090
3202 1090
9790 1092
10918 1079
8058 1092
9818 1147
4149 1090
7300 1133
9528 1079
10367 1146
2103 1090
7408 1220
5017 1146
5071 1092
3556 1133
4383 1092
3753 1090
8955 1146
10876 1092
8219 1090
5808 1221
3707 1135
2877 1146
2967 1090
3967 1090
4982 1146
8243 1090
5789 1135
9554 1079
1753 1092
934 1090
2440 1090
7933 1090
6785 1133
1880 1090
8357 1092
1950 1135
5943 1153
3079 1092
9516 1090
10022 1135
6974 1092
397 1146
4322 1092
5891 1092
9811 1092
8130 1146
5295 1090
5542 1135
8789 1079
5847 1090
10349 1092
6902 1092
5074 1090
962 1092
9844 1090
3909 1090
4939 1090
3603 1090
6522 1092
3271 1092
2102 1092
8813 1079
2893 1135
7103 1146
10441 658
7580 1090
10799 1092
4452 1146
5770 1133
9405 1092
8819 1090
4874 1090
4171 1146
5668 1135
5532 1146
3236 1092
1134 1090
4711 1146
985 1090
3799 1090
438 1090
8039 1090
2332 1090
2803 1135
6003 1135
7025 1146
9832 1079
1252 1135
6951 1135
9438 1092
7642 1090
6821 1090
6996 1135
259 1135
8314 1092
7734 1079
827 1090
750 1092
705 1133
10807 1092
6195 1079
2850 1092
7985 1079
8561 1146
5369 1146
10025 1135
3769 1090
1696 1090
7198 1135
5912 1146
2537 1090
8636 1090
6881 1135
4139 1092
5441 1146
5130 1153
4835 1146
1299 1090
9083 1090
5953 1090
6475 1079
7882 1079
7287 1090
230 1092
6630 1090
9893 1092
10523 1090
9102 1146
3762 1092
4111 1092
5573 1146
10669 1079
3241 1090
6180 1090
8667 1135
8948 1090
5152 1092
1145 1090
4780 1090
7633 1133
3023 1133
9325 1090
7014 1146
10987 1092
8594 1090
11047 1135
9512 1090
7141 1146
7490 1090
4183 1090
6466 1092
9243 1135
4385 1135
2370 1090
8276 1079
5070 1092
2814 1092
8450 1079
5892 1146
9879 1092
8331 1090
3861 1090
10953 1090
9640 512
7116 1135
5725 1135
704 1090
9187 1092
6979 1090
6559 1146
7720 1135
1790 1092
1532 1090
213 1090
9788 1090
1158 1092
3651 1133
6225 1135
10739 1092
10445 1146
163 1090
2452 1092
766 1090
8911 1079
6151 1146
157 1135
2858 1092
5955 1079
9013 1090
4343 1146
1270 1146
3464 1090
319 1090
7124 1092
471 1153
11085 1090
1308 1135
10840 1090
11033 1092
10795 1090
3493 1092
5401 1090
4032 1092
9650 1135
1780 1090
1317 647
7506 1090
10312 1090
3620 1090
2436 1146
7515 1092
3193 1090
8190 1079
7333 1146
727 1090
1384 1146
1515 1090
8739 1079
381 1133
8322 1147
9873 1079
9639 1092
7140 1146
7951 1146
7312 1092
916 1092
9049 1079
3343 1135
5741 1146
3087 1133
6747 1090
8139 1135
5491 1092
3095 1146
8688 1079
4517 1090
8387 1092
2920 1090
442 1092
3162 1090
7102 1090
1711 1090
5931 1135
2713 1092
4582 1092
7394 1147
10548 1090
7835 1079
1063 1133
2540 1090
11106 1135
2945 1153
185 1092
3402 1090
6198 1146
1496 1092
7906 1146
2598 1090
10955 1079
9595 1092
1444 1090
10117 1090
8803 1146
3991 1146
7418 1135
8236 1092
8021 1092
10052 1090
8563 1135
5375 1090
9559 1090
9140 1092
2662 1146
7114 1146
5084 1090
4131 1090
1606 1090
8330 1161
2411 1090
626 643
324 1090
4485 643
8291 1090
6246 1222
6191 1090
7406 1161
4605 1090
5351 1223
539 1090
7080 1224
