10808 1018
2693 1075
7586 512
8118 1075
6939 1018
1707 1018
6610 1078
1939 1079
5522 1022
2471 1079
3615 1022
2600 1079
660 1018
2235 1018
3356 1100
1564 1075
6023 1018
9191 1020
1552 1018
134 1078
11010 1022
3457 1018
9880 998
5557 1018
3145 1018
10540 1018
422 1074
290 1020
10842 1018
4535 1078
4022 1022
5479 1075
297 1075
4361 1079
6508 1020
10774 1020
3330 1022
4127 1078
5131 1079
6655 1022
10833 998
740 1022
7092 1018
5371 1079
2433 1022
2961 1018
3163 1078
3781 1018
3876 1018
652 1078
1476 1022
5817 1075
10142 1075
5205 1078
10134 1022
9000 1018
4800 1075
4559 1018
4995 1075
5524 1074
3832 1078
1048 1022
1185 1075
8217 1018
4581 1020
2386 1018
10178 998
2178 1078
4687 512
10357 1078
4515 1079
4448 1022
3939 1078
5059 1018
1113 1078
7599 1022
2328 1020
10104 1075
1598 1074
7698 1075
1925 1079
10306 1018
6313 1018
10646 1018
452 512
4512 1020
8425 1018
1480 1082
9472 1018
866 1074
337 1079
7854 1078
8134 1018
5440 1078
6166 1022
2931 1022
6463 1018
3235 1018
3085 1018
9479 1075
6967 1018
9795 1022
89 1075
4572 1079
7049 1020
4389 1018
7785 658
1222 1079
9813 1018
10264 1018
2671 1022
2958 1075
10818 1075
4616 1018
6394 1022
10887 1075
6816 536
12 1078
9815 1075
402 1079
2606 1079
3871 1018
6071 1018
1525 1022
5166 1018
9435 1018
9828 998
196 1018
9996 998
1139 1018
405 1018
4718 1075
5155 1020
7250 1022
8666 1022
9631 1075
1105 745
1699 1078
1985 1018
245 1020
328 1079
4779 1020
3655 1018
3470 1079
5482 1022
5907 1078
8381 1075
7508 1020
191 1079
2864 1022
9660 1020
9871 1074
11051 1078
5810 1075
7982 998
8942 1074
9543 1075
2059 1078
3764 1075
10090 1022
10401 998
7405 1075
925 1018
3849 1018
5587 1078
4983 1022
9040 1022
11062 1075
2348 1078
949 1078
2726 1078
4907 1022
7399 1018
8922 1018
3564 1020
4955 1079
8608 1022
4733 1022
4757 1022
1913 1078
10890 1018
6650 1018
10023 998
1661 1075
1227 1075
32 1018
8015 1075
1 1018
212 1022
3595 1020
4147 1018
10623 512
7883 1018
1826 1022
2269 1022
9632 998
6405 1018
2263 1128
5228 1020
8604 1078
9274 1075
2331 1018
7788 1018
8534 1022
10460 1022
8060 1020
9150 1018
3537 1079
1275 1079
5744 1078
5264 1020
8045 1022
5595 1079
420 1022
4861 1129
5073 1079
9806 998
3682 1018
9314 1018
333 1020
2501 1079
10058 1075
219 1018
3418 1079
5471 1130
9673 1020
3248 1022
4398 1018
5569 1018
3443 1018
6846 1018
5846 1018
6847 1022
7062 1075
8767 1018
4640 1018
1237 1022
7776 1018
5246 1022
9098 1022
3406 1018
3915 1022
6659 1020
6691 1018
10685 1078
8507 1078
5407 1018
8104 1018
8487 1018
3031 1020
5721 1022
10348 1020
1890 1131
3216 1078
607 1018
418 1018
2614 1079
3244 1022
793 1018
4263 1079
2185 1020
5764 1022
7919 1022
6547 1020
5699 1018
4866 1075
10282 1022
9637 1078
8309 1075
8944 1022
10694 1018
3806 1079
8310 1022
8090 998
1024 1020
2317 1079
10128 998
6626 1078
10167 1022
8470 1022
5139 1022
2315 1078
5384 1079
657 1022
5156 949
6631 1132
1206 1022
400 1018
2319 1075
3122 1078
9523 1018
4573 1018
10442 1018
2375 1075
5493 1018
1481 1075
11058 1078
1865 1022
2667 1075
7368 1018
640 1018
377 1018
10265 1075
9569 1018
9416 1018
1720 1078
4513 1022
4726 1075
8965 998
8984 1075
10254 1022
9089 1018
5880 1018
6564 1082
6596 1022
8549 1020
6652 1022
8169 998
5179 1022
7480 1018
2648 1079
1824 1018
1509 1079
1998 1018
6853 1022
7281 1018
954 1078
5546 1022
4203 512
278 1079
2762 1018
4434 1018
8003 1018
8698 1022
2218 1074
8682 1074
5628 1018
2738 1020
9316 1078
8501 1078
7483 1022
10252 1020
2745 1022
10051 1020
5835 1078
3138 1022
8056 1022
10908 1018
3361 1022
4035 1022
3370 1022
2247 1020
6654 1022
5313 1018
3149 1018
9105 1022
8335 1075
6280 1075
10288 1078
5339 1018
24 1022
3058 1075
10989 998
3545 1022
1703 1018
7404 1018
5481 1078
5784 1079
1675 1075
3588 512
7742 1022
256 1018
1634 1022
6696 1018
10589 1018
1274 1078
7492 1078
5819 1078
8906 1018
4475 1022
5030 1018
4603 1079
10166 1018
4918 1022
9136 1075
6087 1075
5690 1079
5763 1078
3749 1022
4369 1078
2290 1018
3153 1018
1923 1022
2887 1022
6043 1018
782 1079
10639 1018
2082 1079
3053 1022
8527 1075
581 1020
7923 1022
7577 1020
11050 1078
4332 1079
7546 1022
10414 1075
3468 1079
1777 1075
4958 1079
4876 1079
10604 998
4652 1079
2314 1078
8296 998
837 1018
177 1078
778 1075
4793 1018
4782 1020
4108 1018
1148 1018
9341 998
156 1022
5417 1022
9386 1020
8026 1018
3007 1079
5503 1018
9864 1100
6266 1074
6017 1075
4860 1079
6722 1075
5039 1018
6362 1075
4624 1022
7751 1075
2130 1074
564 1022
5506 1075
10116 1018
10505 1018
3527 1018
10920 1018
3483 1018
9982 1078
9193 1075
2078 1078
6725 1078
3508 1075
10816 1022
6942 1018
10575 1020
2311 1018
9883 1078
11004 1075
5429 1018
9130 1075
8334 1022
3585 1074
6827 1074
2064 1078
4969 1075
8605 998
403 1079
4666 1018
7095 1078
8986 1018
559 1018
9670 1018
8420 1018
3168 1020
614 1075
6163 1018
10836 1022
8560 1018
5758 1022
10053 1018
2264 1074
5239 1020
39 1022
722 1078
2911 1022
3337 1020
6015 1018
145 1022
5184 1018
9947 1078
277 1078
7099 1018
6240 1075
4201 1022
2894 1020
719 1022
4067 1075
7363 1075
609 1079
2459 1079
4216 1075
473 1020
10386 998
9697 1082
5733 1018
1489 1018
7070 998
2464 1075
9407 1018
8395 1074
10036 1022
108 1022
2562 1075
6964 1018
6098 1022
6664 1018
2020 1018
1919 1018
4872 1075
667 1022
10285 1018
1337 1078
604 1079
9032 1018
10628 1075
4317 1018
933 1078
11059 998
1034 1022
9229 1020
2576 1022
4608 1079
9898 1022
7344 1020
3715 1018
8684 1018
9551 1075
6775 1018
3993 1022
746 1018
3128 1079
4053 1018
7970 1074
5620 1018
9805 1022
7727 1020
11029 1018
9981 1018
7087 1078
10538 1018
8313 998
3342 1022
8156 1018
109 1022
6301 1018
2595 1018
7926 998
9961 1075
3946 1022
4546 1022
5697 1022
8262 1018
1900 1078
1697 1078
6943 1018
807 1075
4829 1018
811 1018
1937 1075
4891 1022
5719 1079
8833 1018
4488 1018
5731 1079
2038 1018
6585 1018
11063 1018
3711 1022
2885 1075
5717 1079
7093 1075
5650 1022
10149 1022
10182 1018
1827 1022
8352 998
1101 1020
5856 1018
3636 1079
3895 1018
6213 1075
10046 1018
9186 1022
1841 1078
6173 1018
4523 1075
5873 1022
3708 1078
8382 1020
5330 1078
5386 1018
920 1018
7264 1018
10682 1022
360 1075
8438 1022
1348 1020
10634 998
2171 1018
9710 1078
5727 1022
5293 1018
7137 1078
9173 1018
8513 1018
1127 1018
687 1022
10088 1018
4328 1078
366 1018
2392 1018
450 1018
7905 1018
10976 1075
5116 1018
8390 1018
5425 1018
5088 1079
266 1022
4352 1018
8159 1018
5209 1078
4119 1018
10085 1018
5507 1018
754 1079
3178 1022
4115 1018
2799 1022
3552 1020
6241 1022
8153 1022
1125 1075
162 1075
72 1020
4200 1020
1508 1078
5450 1075
10772 1018
368 1078
5374 1078
8409 998
8641 1020
7505 998
6084 1020
9940 1022
9573 1022
5841 1022
6445 1018
1187 1018
7285 1018
3999 1022
946 1075
9319 1075
5555 1022
1399 1020
676 1075
1350 1018
10176 1075
9500 1022
9430 998
917 1018
8569 998
5773 1075
7609 1078
1613 1079
9073 1022
10859 1075
779 1022
204 1074
9555 1022
9043 1022
2710 1022
10786 1022
7353 1090
2723 1133
3360 1092
10693 1092
2769 1134
3838 1135
1182 1090
4853 512
9480 512
9778 1090
878 1090
8912 1079
5302 1092
