7506 5
7507 102
7508 54
7509 20
7510 186
7511 65
7512 20
7513 302
7514 20
7515 2190
7516 31
7517 147
7518 147
7519 130
7520 21
7521 20
7522 37
7523 147
7524 20
7525 5
7526 10
7527 20
7528 113
7529 110
7530 31
7531 113
7532 57
7533 113
7534 147
7535 11
7536 183
7537 37
7538 879
7539 31
7540 65
7541 1191
7542 2143
7543 65
7544 65
7545 102
7546 31
7547 94
7548 37
7549 302
7550 31
7551 37
7552 2200
7553 302
7554 65
7555 65
7556 20
7557 46
7558 86
7559 191
7560 147
7561 30
7562 2144
7563 63
7564 1
7565 113
7566 102
7567 147
7568 65
7569 7
7570 147
7571 65
7572 63
7573 113
7574 138
7575 65
7576 65
7577 90
7578 46
7579 1
7580 2145
7581 102
7582 255
7583 167
7584 5
7585 153
7586 302
7587 21
7588 112
7589 25
7590 37
7591 185
7592 251
7593 147
7594 15
7595 886
7596 206
7597 186
7598 2231
7599 130
7600 147
7601 30
7602 302
7603 7
7604 102
7605 147
7606 63
7607 30
7608 30
7609 1
7610 113
7611 37
7612 2233
7613 25
7614 30
7615 1
7616 38
7617 30
7618 31
7619 2
7620 147
7621 7
7622 5
7623 65
7624 1
7625 7
7626 63
7627 2146
7628 35
7629 31
7630 115
7631 7
7632 57
7633 209
7634 302
7635 1
7636 2
7637 1
7638 113
7639 135
7640 1
7641 2180
7642 55
7643 135
7644 102
7645 140
7646 5
7647 206
7648 213
7649 302
7650 57
7651 209
7652 10
7653 302
7654 185
7655 31
7656 63
7657 15
7658 147
7659 11
7660 113
7661 153
7662 148
7663 65
7664 113
7665 21
7666 148
7667 5
7668 31
7669 4
7670 94
7671 147
7672 110
7673 20
7674 37
7675 2233
7676 113
7677 51
7678 186
7679 115
7680 7
7681 113
7682 5
7683 113
7684 302
7685 255
7686 5
7687 94
7688 20
7689 102
7690 63
7691 147
7692 94
7693 25
7694 1
7695 167
7696 30
7697 113
7698 57
7699 147
7700 65
7701 171
7702 51
7703 31
7704 15
7705 51
7706 5
7707 2147
7708 11
7709 36
7710 1
7711 25
7712 113
7713 1
7714 213
7715 209
7716 186
7717 65
7718 37
7719 5
7720 30
7721 135
7722 31
7723 65
7724 147
7725 63
7726 302
7727 25
7728 54
7729 37
7730 65
7731 7
7732 186
7733 183
7734 147
7735 35
7736 37
7737 5
7738 5
7739 2148
7740 245
7741 213
7742 2149
7743 31
7744 65
7745 21
7746 113
7747 186
7748 51
7749 30
7750 51
7751 94
7752 102
7753 31
7754 19
7755 65
7756 185
7757 140
7758 2226
7759 102
7760 51
7761 15
7762 65
7763 255
7764 113
7765 25
7766 186
7767 2150
7768 102
7769 31
7770 31
7771 2151
7772 113
7773 20
7774 1566
7775 37
7776 94
7777 113
7778 2152
7779 21
7780 35
7781 30
7782 65
7783 302
7784 1
7785 147
7786 112
7787 25
7788 65
7789 209
7790 255
7791 251
7792 147
7793 2153
7794 209
7795 31
7796 31
7797 2
7798 31
7799 185
7800 2200
7801 148
7802 302
7803 302
7804 167
7805 302
7806 7
7807 147
7808 2231
7809 30
7810 186
7811 37
7812 31
7813 102
7814 153
7815 14
7816 2154
7817 90
7818 20
7819 185
7820 15
7821 186
7822 31
7823 2241
7824 65
7825 213
7826 94
7827 63
7828 147
7829 5
7830 25
7831 113
7832 57
7833 94
7834 65
7835 57
7836 31
7837 167
7838 37
7839 185
7840 255
7841 7
7842 113
7843 5
7844 57
7845 186
7846 148
7847 1
7848 185
7849 113
7850 46
7851 186
7852 5
7853 185
7854 65
7855 130
7856 113
7857 183
7858 7
7859 65
7860 857
7861 147
7862 35
7863 63
7864 5
7865 147
7866 65
7867 1
7868 1
7869 21
7870 113
7871 65
7872 302
7873 30
7874 1
7875 209
7876 20
7877 5
7878 20
7879 255
7880 1
7881 37
7882 46
7883 65
7884 37
7885 65
7886 4
7887 113
7888 46
7889 46
7890 5
7891 65
7892 55
7893 2155
7894 302
7895 7
7896 90
7897 37
7898 7
7899 46
7900 140
7901 251
7902 35
7903 147
7904 213
7905 113
7906 209
7907 147
7908 113
7909 31
7910 65
7911 12
7912 113
7913 147
7914 302
7915 65
7916 30
7917 213
7918 113
7919 2156
7920 94
7921 30
7922 46
7923 153
7924 37
7925 1
7926 11
7927 206
7928 31
7929 5
7930 147
7931 37
7932 51
7933 31
7934 1
7935 19
7936 63
7937 5
7938 113
7939 31
7940 206
7941 37
7942 102
7943 65
7944 5
7945 15
7946 213
7947 7
7948 302
7949 36
7950 37
7951 112
7952 185
7953 1341
7954 113
7955 1
7956 251
7957 51
7958 5
7959 302
7960 213
7961 245
7962 51
7963 5
7964 302
7965 113
7966 37
7967 65
7968 35
7969 113
7970 1191
7971 65
7972 65
7973 2157
7974 63
7975 51
7976 15
7977 65
7978 30
7979 37
7980 20
7981 251
7982 1
7983 1
7984 63
7985 113
7986 37
7987 30
7988 113
7989 65
7990 65
7991 183
7992 37
7993 213
7994 37
7995 21
7996 5
7997 147
7998 37
7999 37
8000 213
8001 2255
8002 2
8003 147
8004 2158
8005 186
8006 302
8007 251
8008 185
8009 167
8010 167
8011 21
8012 38
8013 147
8014 113
8015 2159
8016 90
8017 65
8018 213
8019 251
8020 17
8021 1994
8022 206
8023 65
8024 113
8025 213
8026 65
8027 7
8028 65
8029 185
8030 31
8031 65
8032 65
8033 2226
8034 113
8035 11
8036 1
8037 65
8038 4
8039 135
8040 2262
8041 1
8042 2190
8043 206
8044 213
8045 94
8046 183
8047 113
8048 2
8049 112
8050 63
8051 213
8052 63
8053 31
8054 112
8055 110
8056 25
8057 12
8058 1
8059 65
8060 35
8061 7
8062 30
8063 7
8064 135
8065 32
8066 11
8067 11
8068 65
8069 147
8070 251
8071 186
8072 11
8073 302
8074 206
8075 2160
8076 46
8077 2181
8078 46
8079 147
8080 147
8081 206
8082 1997
8083 185
8084 147
8085 185
8086 63
8087 2181
8088 7
8089 7
8090 94
8091 147
8092 94
8093 255
8094 113
8095 857
8096 183
8097 147
8098 57
8099 15
8100 213
8101 65
8102 31
8103 302
8104 206
8105 65
8106 20
8107 147
8108 26
8109 140
8110 63
8111 1157
8112 2231
8113 302
8114 2226
8115 186
8116 2
8117 25
8118 147
8119 31
8120 113
8121 251
8122 2218
8123 1
8124 65
8125 245
8126 90
8127 1
8128 5
8129 1330
8130 20
8131 65
8132 185
8133 2161
8134 12
8135 5
8136 1166
8137 1157
8138 147
8139 147
8140 65
8141 115
8142 302
8143 113
8144 65
8145 11
8146 94
8147 113
8148 25
8149 37
8150 15
8151 113
8152 63
8153 2162
8154 5
8155 94
8156 302
8157 65
8158 37
8159 94
8160 86
8161 113
8162 37
8163 110
8164 113
8165 183
8166 102
8167 245
8168 65
8169 302
8170 213
8171 63
8172 110
8173 65
8174 213
8175 110
8176 37
8177 1
8178 2163
8179 112
8180 185
8181 65
8182 113
8183 147
8184 1
8185 51
8186 2226
8187 213
8188 112
8189 113
8190 25
8191 255
8192 57
8193 1315
8194 1
8195 147
8196 186
8197 186
8198 57
8199 14
8200 147
8201 110
8202 65
8203 213
8204 65
8205 37
8206 153
8207 1
8208 1
8209 147
8210 147
8211 37
8212 5
8213 65
8214 21
8215 38
8216 112
8217 10
8218 302
8219 11
8220 65
8221 302
8222 51
8223 35
8224 65
8225 25
8226 147
8227 206
8228 46
8229 65
8230 1
8231 185
8232 90
8233 31
8234 20
8235 5
8236 209
8237 5
8238 20
8239 2164
8240 25
8241 35
8242 112
8243 15
8244 209
8245 255
8246 21
8247 1
8248 46
8249 102
8250 147
8251 38
8252 30
8253 25
8254 147
8255 2218
8256 2187
8257 302
8258 302
8259 5
8260 31
8261 113
8262 245
8263 46
8264 251
8265 131
8266 147
8267 113
8268 112
8269 110
8270 37
8271 37
8272 30
8273 10
8274 138
8275 302
8276 30
8277 37
8278 30
8279 2165
8280 30
8281 251
8282 147
8283 213
8284 245
8285 113
8286 37
8287 213
8288 2166
8289 57
8290 2
8291 57
8292 1387
8293 185
8294 113
8295 167
8296 25
8297 65
8298 31
8299 5
8300 153
8301 255
8302 302
8303 1
8304 65
8305 30
8306 186
8307 112
8308 1387
8309 14
8310 113
8311 185
8312 213
8313 26
8314 14
8315 302
8316 10
8317 65
8318 2167
8319 209
8320 186
8321 20
8322 186
8323 7
8324 2200
8325 1
8326 35
8327 251
8328 25
8329 51
8330 2218
8331 302
8332 2181
8333 57
8334 15
8335 65
8336 25
8337 5
8338 115
8339 37
8340 186
8341 147
8342 5
8343 135
8344 51
8345 112
8346 255
8347 1
8348 1157
8349 94
8350 30
8351 1994
8352 61
8353 65
8354 147
8355 15
8356 7
8357 171
8358 251
8359 113
8360 46
8361 1
8362 7
8363 25
8364 65
8365 25
8366 213
8367 213
8368 37
8369 5
8370 31
8371 209
8372 11
8373 5
8374 213
8375 1375
8376 55
8377 102
8378 63
8379 94
8380 1
8381 51
8382 5
8383 65
8384 11
8385 37
8386 186
8387 251
8388 37
8389 113
8390 1
8391 54
8392 10
8393 302
8394 140
8395 5
8396 255
8397 206
8398 183
8399 5
8400 5
8401 1157
8402 35
8403 30
8404 7
8405 206
8406 140
8407 113
8408 302
8409 86
8410 147
8411 147
8412 21
8413 213
8414 15
8415 206
8416 245
8417 51
8418 115
8419 51
8420 12
8421 25
8422 57
8423 113
8424 37
8425 65
8426 171
8427 2169
8428 1
8429 5
8430 302
8431 5
8432 2170
8433 15
8434 113
8435 26
8436 255
8437 140
8438 31
8439 90
8440 37
8441 115
8442 30
8443 65
8444 113
8445 113
8446 65
8447 4
8448 140
8449 113
8450 5
8451 57
8452 2226
8453 5
8454 147
8455 20
8456 15
8457 1341
8458 35
8459 302
8460 255
8461 65
8462 110
8463 131
8464 5
8465 1
8466 26
8467 1161
8468 30
8469 65
8470 36
8471 30
8472 65
8473 213
8474 30
8475 36
8476 57
8477 113
8478 102
8479 213
8480 30
8481 20
8482 153
8483 65
8484 65
8485 63
8486 186
8487 5
8488 21
8489 31
8490 20
8491 2171
8492 5
8493 147
8494 5
8495 5
8496 185
8497 2172
8498 5
8499 147
8500 46
8501 57
8502 2173
8503 25
8504 65
8505 21
8506 65
8507 186
8508 46
8509 18
8510 31
8511 2174
8512 209
8513 65
8514 65
8515 65
8516 35
8517 86
8518 1
8519 183
8520 30
8521 148
8522 31
8523 857
8524 147
8525 113
8526 65
8527 63
8528 1
8529 206
8530 31
8531 65
8532 113
8533 130
8534 1
8535 25
8536 5
8537 206
8538 186
8539 63
8540 31
8541 65
8542 2175
8543 63
8544 10
8545 94
8546 51
8547 5
8548 886
8549 65
8550 31
8551 185
8552 213
8553 147
8554 213
8555 65
8556 113
8557 185
8558 90
8559 31
8560 209
8561 90
8562 302
8563 302
8564 65
8565 57
8566 5
8567 65
8568 31
8569 140
8570 1
8571 55
8572 20
8573 18
8574 302
8575 63
8576 65
8577 148
8578 46
8579 63
8580 14
8581 7
8582 12
8583 130
8584 94
8585 2235
8586 30
8587 147
8588 2255
8589 147
8590 31
8591 30
8592 65
8593 46
8594 113
8595 183
8596 153
8597 185
8598 148
8599 63
8600 5
8601 5
8602 186
8603 186
8604 1157
8605 186
8606 102
8607 140
8608 51
8609 20
8610 51
8611 22
8612 20
8613 90
8614 7
8615 51
8616 185
8617 5
8618 186
8619 2262
8620 94
8621 65
8622 90
8623 20
8624 30
8625 63
8626 206
8627 185
8628 102
8629 147
8630 147
8631 302
8632 20
8633 138
8634 46
8635 135
8636 147
8637 30
8638 167
8639 51
8640 65
8641 51
8642 63
8643 147
8644 186
8645 65
8646 113
8647 148
8648 15
8649 7
8650 90
8651 1988
8652 31
8653 167
8654 51
8655 65
8656 61
8657 65
8658 20
8659 65
8660 20
8661 20
8662 5
8663 102
8664 255
8665 206
8666 20
8667 209
8668 153
8669 65
8670 2241
8671 5
8672 255
8673 857
8674 2187
8675 147
8676 35
8677 156
8678 2241
8679 209
8680 1
8681 65
8682 102
8683 110
8684 147
8685 51
8686 147
8687 147
8688 1
8689 147
8690 90
8691 20
8692 147
8693 302
8694 65
8695 130
8696 2176
8697 135
8698 206
8699 51
8700 14
8701 14
8702 11
8703 206
8704 113
8705 102
8706 7
8707 65
8708 31
8709 5
8710 37
8711 102
8712 302
8713 148
8714 167
8715 2
8716 30
8717 1
8718 31
8719 245
8720 140
8721 153
8722 65
8723 5
8724 209
8725 65
8726 153
8727 2177
8728 11
8729 302
8730 51
8731 5
8732 2180
8733 21
8734 35
8735 2
8736 18
8737 183
8738 1
8739 302
8740 63
8741 54
8742 2178
8743 255
8744 5
8745 2235
8746 46
8747 51
8748 63
8749 2200
8750 1
8751 17
8752 147
8753 51
8754 206
8755 63
8756 140
