3787 1359
2231 1357
9869 1227
7435 1356
6406 1482
10061 1227
9478 1090
1416 1365
10571 1356
4279 1357
10261 1363
10371 1366
6904 1367
5430 1368
8017 1367
4837 1367
10817 1226
2193 1358
1655 1357
6648 1362
5380 1369
3292 1368
5720 1368
3006 1367
4749 1368
3426 1355
6499 518
5197 1355
5939 1368
3538 1367
7340 1359
1321 1483
9374 1227
6959 1373
19 1359
3355 1356
1306 1358
61 1355
9363 1366
4419 1367
3379 1367
3980 1357
2923 1362
9870 1360
3086 1362
7061 1235
2754 1235
3646 1367
2068 1369
5454 1360
3229 1363
10900 1227
10216 1226
9775 1226
5707 1362
8875 1227
8631 1365
312 1367
1915 1362
76 1379
9165 1368
863 1358
3716 1358
10358 1368
9680 1090
7868 1357
6457 1368
10313 1227
8423 1356
8546 1360
8940 1090
2719 1357
5858 1379
1037 1367
7672 1235
1750 1359
2198 1380
9800 1226
6089 1362
7324 1368
4306 1356
3340 1357
4029 1367
7298 1367
9862 1226
715 1356
3666 1357
8843 1357
10591 1226
2115 1381
3069 1484
8373 1356
4909 1357
572 1368
10031 1357
8329 1368
11043 1226
5111 1356
4598 1367
8610 1357
10568 1357
4224 1381
5610 1362
2568 1356
3643 1380
8195 1355
9730 1226
4401 1381
8950 1485
3394 1368
8740 1227
7379 1368
1856 1357
1584 1360
7534 1380
2276 1367
8764 1378
7131 1355
10607 1226
3872 1356
5958 1366
8275 1366
10909 1227
9068 1090
9679 1356
10144 1090
9486 1381
2206 1367
7864 1366
1398 1355
8079 1367
3209 1367
9097 1381
8127 1384
6891 1368
1441 1384
8206 1360
2544 1367
3320 1367
4096 1363
9860 1235
8934 1368
1067 1367
2676 1357
7944 1360
5705 1356
3410 1367
10098 1368
2957 1357
10629 1226
25 1356
7999 1360
8567 1355
269 1367
1478 1367
4615 1356
535 1378
10892 1090
3444 1384
1373 1365
5796 1368
7179 1235
2281 1367
9988 1362
9586 1368
4630 1362
10189 1090
184 1355
3632 1357
8096 1368
3480 1381
1261 1360
6123 1363
1378 1379
11017 1356
10829 1357
9521 1379
5160 1368
4550 1355
3125 1357
4633 1367
3132 1357
8368 1362
6975 1366
8876 1357
5448 1367
10853 1368
7621 1357
10232 1090
10527 1356
9906 1227
7936 1366
5080 1362
7538 1356
8701 1366
2735 1360
6697 1356
1713 1391
2851 1368
10878 1368
9696 1226
4755 829
2507 1391
7230 1363
996 1356
1449 1355
2372 1367
8398 1356
1743 1367
9417 1227
7323 1368
10586 1368
6194 1384
3942 1368
4289 1357
1513 1235
8497 1133
10145 1366
3704 1357
9700 1356
7004 1366
6122 1381
10779 1381
9174 1227
8553 1362
359 1368
5739 1358
2352 1362
6486 1381
1568 1367
1742 1358
1694 1357
10631 1226
10376 1486
2510 1357
5706 1358
1312 1368
6995 1367
10551 1357
5857 1235
6073 1235
4585 1235
8865 1356
6955 1368
4852 1360
5223 1379
6333 1367
8197 1368
8979 1226
2197 1367
6208 1368
2156 1360
6923 1356
8304 1381
6054 1381
4380 1367
8983 1000
11079 1235
2373 1487
1622 1367
4977 1356
10247 1367
7572 1367
1077 1362
9887 1226
9079 1227
4820 1360
3674 1367
3824 1366
8550 1235
4556 1356
10917 1362
10083 643
9142 1227
10964 1226
7494 1357
9802 643
4308 1360
4170 1357
4227 1368
674 1379
9204 1090
5232 1367
6295 1235
9902 1226
5252 1362
1111 1368
1106 1367
9453 1488
1391 1381
10220 1359
10184 1226
1235 1355
2277 1381
7828 1367
9134 1366
2750 1360
11012 1357
9876 1368
11046 1366
6429 1357
2382 1362
11018 1366
2361 1022
4858 1380
9483 1366
2213 1357
2200 1235
9109 1226
999 1357
1272 1367
5207 1360
7026 1357
4671 1362
8693 1357
9437 1227
353 1367
1459 1367
6848 1381
2618 1367
3848 1367
4244 1367
10783 1227
10133 1368
10701 1368
423 1368
1991 1381
5033 1356
1579 1235
7377 1360
6269 1384
9424 1226
4478 1358
6297 1356
458 1367
3823 1368
10610 1360
3160 1391
211 1227
1545 1363
10729 1368
6226 1366
4770 1381
8886 1226
4410 1362
10190 1380
9249 1226
129 1367
8987 1362
1695 1357
7793 1366
341 1384
4349 1367
5097 1363
2801 1380
6703 1384
7568 1366
299 1355
8554 1381
2369 1368
1898 1360
5712 1367
1626 1360
16 1378
10961 1090
7228 1365
9356 1373
8768 1090
3073 1381
10037 1355
166 1367
8315 1368
5210 1368
7260 1362
9731 1357
4459 1368
2294 1357
5754 1367
9531 1362
2047 1355
976 1367
3887 1363
8795 1356
7952 1367
3397 1368
10771 1357
1737 1367
10593 1227
6719 1360
2497 1365
4254 1367
4370 1357
3590 1384
2711 1356
8141 1357
5034 1357
6179 1075
9609 1226
9491 1368
2880 1363
9664 1226
2143 1367
723 1357
7446 1367
2358 1366
4938 1367
2680 1360
7981 1381
918 1380
9652 1356
4432 1368
7987 1368
7215 1357
1264 1489
8029 1367
8499 1356
4651 1367
1180 1235
10079 1368
567 1355
6409 1367
8584 1359
7366 1384
9852 1356
6139 1368
10169 1356
4072 1368
5602 1367
2151 1367
10383 1227
1821 1356
7153 1363
2036 1362
4399 1381
8680 1368
6669 1381
7455 1360
4834 1367
9036 1227
3250 1381
5296 1367
5993 1357
2528 1381
924 1357
828 1363
4579 1362
428 1367
4261 1362
7691 1380
8815 1360
9273 1356
10438 1368
2093 1356
6262 1380
8726 1227
2645 1356
1779 1357
10014 1355
3956 1367
8899 1490
4391 1357
6637 998
1609 1367
5984 994
9490 1226
6965 1356
6129 1379
9223 1227
9993 1356
5411 1366
3218 1367
5063 1367
339 1368
2187 1368
1307 1362
4752 1357
797 1355
8892 1381
10439 1368
465 1366
6851 1363
485 1367
10095 1090
5831 1356
5632 1356
9039 1226
6861 1357
7310 1362
10726 1090
787 1360
3091 1365
8207 1362
9583 1368
585 1368
9369 1226
6102 1367
5811 1360
2184 1366
8270 1378
7649 1379
10475 1357
8738 1090
10518 1226
6162 1356
3047 1366
4984 1381
11038 1362
6506 1359
3622 1367
10978 1090
10047 1360
4071 1369
9838 1362
627 1369
164 1357
9288 1366
6030 1362
9015 1226
4986 1368
10969 1226
1059 1381
8041 1367
8776 1356
4740 1235
133 1356
2120 1367
1477 1357
8072 1367
4276 1367
2545 1356
4286 1380
1126 1356
8100 1360
1157 1357
127 1368
9226 1226
2360 1368
8743 1226
10944 1384
1693 1363
2172 1357
9055 1090
10712 1355
8188 1367
8732 1357
6897 1367
343 1491
10187 643
9568 1356
1565 1356
1506 1360
1177 1367
8212 1367
5916 1367
11032 1356
6723 1366
1832 1362
9824 1368
9394 1356
1188 1362
2445 1020
6615 1357
7885 1356
2644 1367
4890 1367
6953 1357
1580 1367
2155 1357
7783 1356
5328 1362
4068 1356
1370 1355
1784 1355
10156 1356
1592 1359
10838 1492
10240 1090
6879 1357
1909 1367
7892 1367
5404 1365
2843 1360
340 1356
10143 1378
6268 1391
10848 1360
945 1368
10087 1380
17 1367
1714 1384
5926 1079
10065 1368
9590 1355
6140 1368
10255 1226
8070 1360
9557 1357
9449 1362
6432 1362
6501 1359
5134 1357
7588 1356
1334 1368
9651 1227
10785 1368
9362 1356
8113 1357
3175 1367
4827 1367
10110 1368
4646 1356
3395 1357
1154 1357
5044 1493
7614 1357
298 1368
1118 1357
9571 1357
3419 1367
9678 1227
1918 1368
6545 1366
7269 1359
449 1357
1172 1368
3161 1368
1314 1367
2291 1357
3205 1367
7990 1367
6627 1368
10959 1360
5585 1362
2091 1359
7448 1368
5432 1368
4179 1381
1304 1367
1325 1366
3364 1368
3359 1359
9137 1357
6642 1357
7682 1367
2161 1362
6448 1367
7204 1368
6738 1357
8889 1226
5089 1368
8587 1380
7514 1362
9322 1090
2881 1363
8261 1368
4956 1356
4591 1366
6934 1367
11107 1360
8393 1363
3789 1367
10700 1362
9390 1356
2389 1368
8137 1359
2019 1367
2615 1355
100 1356
7176 1367
6887 1384
527 1368
8522 1356
65 1367
4961 1369
8895 1235
3475 1357
10539 1357
479 1356
8419 1360
9925 1368
9470 1409
9564 1384
4772 1367
2642 30
6431 1366
1143 1384
10600 1366
2832 4
90 1368
4703 1494
2962 1495
6940 1409
3220 1496
10325 994
6569 1497
3955 1498
