4395 1731
886 1857
4095 1856
936 1857
7273 1857
8093 33
5308 903
10228 1858
6888 1858
7151 1731
3936 1863
6216 1620
2918 1858
9364 1731
5513 1858
4339 1868
4744 1731
2449 1731
1146 1858
401 1856
3828 1211
1470 1731
1456 1858
1830 1863
6761 1620
10618 1731
1971 1620
2646 1864
7678 1864
5353 1865
5760 1620
4348 888
9419 1864
5419 1620
3973 1864
2790 1857
1186 1731
3227 1863
7301 1857
4113 1731
4379 1620
140 1858
6093 1858
2612 1731
1488 1856
6307 1856
5047 1731
4126 1858
3109 1858
970 1731
8171 1858
4213 888
3148 1856
2242 1863
5946 1731
3529 1856
651 1864
7816 1858
7278 1856
8022 1856
2849 1857
7604 1731
1043 1864
1336 1856
4497 1856
1845 1857
8580 1856
11044 1865
3269 1731
4653 1858
8225 1858
6791 1620
2949 1857
7676 1620
10506 1731
9921 1703
2787 1620
5736 1863
1839 888
9657 1858
2549 1856
4857 1857
7610 1731
1355 1856
5597 1858
3540 1856
3718 1731
3233 1620
1339 1868
7853 1620
5863 1620
11057 1731
10239 1865
419 1865
7367 1620
752 1856
4536 1731
9312 1864
9468 1703
6317 1620
1170 1860
4541 1731
9858 1858
9116 1858
6456 2122
5533 1731
7975 1856
2216 1857
8376 1863
9025 1731
2955 1731
3382 1857
5510 1856
6322 1856
3261 1860
9522 1858
7842 888
2933 1858
673 1868
2136 1856
2182 1858
3431 1731
2081 1856
8434 1703
1455 1863
6481 1865
4064 1857
8623 2096
7429 1620
6342 1211
4175 1620
5467 1731
862 888
5154 1620
8260 1864
1983 1857
9933 1871
4921 1858
5521 1864
1505 1858
9704 1609
10894 1858
8854 1858
3940 33
1345 1865
8036 1865
3290 1858
6502 1857
9693 1868
8267 1856
4091 1857
8305 1731
4737 1620
8404 1858
870 1857
3927 1620
10038 1858
1448 1858
2430 1868
8830 1858
770 1864
8121 1858
8820 1858
2113 1620
1960 1858
6110 1858
8200 1863
8821 1731
4922 1858
5219 1858
6152 1864
492 1857
53 1858
6212 1731
439 1856
7420 1858
2775 1620
2419 1856
7567 1864
10837 1731
1760 1620
1673 1863
7643 1857
1943 1858
7645 1864
2811 1868
2325 1858
7679 1856
1877 1864
2336 1863
4839 1864
304 1865
3938 888
1863 1864
1806 1620
6288 1856
3748 1865
6784 1864
2853 1858
1758 1864
322 1731
1430 1864
5075 1857
4683 1865
7064 1731
416 873
3471 1731
2056 1858
4469 1864
6662 1864
8326 1620
3736 1856
7485 1863
2691 1856
3311 1858
7331 1620
8888 1865
7544 1731
3675 1857
1161 1620
1968 2097
2824 1620
2995 1856
1712 1857
7986 1857
1458 1858
4957 1731
7148 1731
8770 2098
3354 1731
7630 888
6114 1858
3435 1731
7921 1857
8318 1865
7279 1856
3428 1731
1817 888
1033 1858
10436 2099
6680 1857
815 1856
325 1731
913 1856
9840 1858
8597 1856
1050 1858
5885 1863
6796 1856
8990 1868
5783 1858
3318 1857
9289 1731
3627 1865
7753 1864
4765 1868
7460 1620
8222 888
2387 2100
2884 1858
2653 1856
5335 1857
3207 1860
761 1620
2486 1857
5616 1857
2301 1864
668 1856
2696 1731
8080 1620
3586 1856
6844 1858
3717 1858
6862 1864
6527 1620
6968 1864
7714 1865
2822 1856
780 1858
2160 1620
2592 1856
10915 1858
2233 1731
5123 1865
7611 1857
1902 1858
9562 1858
4269 888
3002 1858
4323 1731
7758 1857
92 1863
4510 1856
5068 1858
2997 1620
2211 1857
6850 1620
7634 888
9181 1864
3247 1856
6 1864
4408 1857
9518 1858
1247 1865
8601 1620
5785 1856
9585 1731
757 1858
1049 1856
2426 1864
10581 1858
9177 1864
9221 1868
7732 1864
6483 1857
1706 1858
5165 1863
7330 1858
6311 1858
9936 1858
10657 1731
8440 1857
2812 1858
1239 1865
10352 2101
5949 1731
4590 1731
6705 1858
6895 2102
4360 1858
7213 1864
8457 1857
7859 1856
8082 1856
1690 1856
5910 1856
1870 2122
5169 1858
7706 1856
2567 1863
7206 1731
7077 1857
6250 1620
1025 1863
3458 1858
3732 1858
6601 1731
6338 1856
8163 1856
519 1864
9246 1858
7345 1856
10463 1864
7989 1858
1283 1857
820 1856
5378 1864
5627 1731
84 1865
7117 1864
4480 1864
854 1858
9212 1863
6291 1620
5265 1863
10932 1858
2715 1864
1908 1858
6019 1731
10598 1858
6248 1731
4848 1858
3668 1858
9786 1731
10549 1858
3369 1731
3378 1856
1575 1856
9001 1863
1873 1731
8538 1856
9009 1703
6040 1857
3019 1731
10513 1860
3104 1865
1400 1856
7428 1620
8066 1856
3144 1865
10690 1858
9294 1731
5961 1856
2347 1868
6142 1856
1362 1856
4980 1858
2679 1857
2582 1865
8119 1864
769 1857
5761 1856
8138 1605
2942 1620
1092 1858
6075 1868
7598 1856
7421 1857
941 1620
10498 1731
3664 1856
8321 1863
4940 1856
8954 1858
97 1864
4008 888
7257 1858
3034 1857
1457 1856
3105 1620
6235 1731
8183 1858
9667 1858
8869 1863
8345 1731
7450 1856
2107 1856
4087 1731
5373 1860
10188 1731
5922 1857
6548 1857
146 1858
5390 1858
8232 1858
897 1863
10675 1858
8521 1865
1162 2103
7652 1857
6156 1856
8800 1858
8545 1857
10686 1864
6051 1858
2119 1609
1546 1858
1492 1864
7525 1731
1899 1620
7735 1858
9803 1703
10284 1731
825 1865
4411 1858
6402 1856
9958 1703
2810 1860
6505 1856
227 1731
3450 1857
919 1864
1889 1860
1382 1731
530 1858
3808 1731
498 1856
172 1731
1407 1731
10071 1731
10164 1731
10759 1858
3291 1620
1281 1857
7647 1863
6714 1863
7965 1864
4725 1857
376 1865
3778 1863
8758 1864
6339 1865
4604 1856
5529 1858
4316 1731
6814 1864
6234 1620
6424 1620
7452 1620
3427 2104
8985 1858
10760 1864
4888 1863
2624 1856
1322 1731
5243 1864
8158 1856
8154 1858
5001 1858
10683 1731
4785 1856
242 1857
326 1864
3845 1731
5170 1857
4374 1620
7675 1868
5559 1858
3126 1857
9616 1858
8543 1857
6419 1863
3550 1858
21 903
5262 1731
762 1731
6460 1731
5781 1857
3612 1198
4713 1857
2690 1858
1716 1856
7651 1731
2432 1858
8077 1731
6829 1620
9817 1858
8620 1858
2835 1620
1213 1864
1762 1609
4596 1858
2938 888
10009 1731
8316 1620
9597 1858
5428 1620
2338 1856
6818 1856
2448 1863
1179 1620
6104 888
8052 1864
4686 1858
5463 1856
2303 1858
6823 1858
6270 1865
367 1858
2538 1857
11000 1703
2285 1731
2243 1731
8392 1863
1768 1731
8728 1858
6715 1865
3473 1857
1078 1856
3478 1856
5437 1857
10199 1703
6265 1857
5008 1620
2427 1856
5988 1868
6281 1857
1651 1865
5497 1858
2046 1868
6935 1863
7008 1864
7794 2105
3152 1856
1576 1731
6681 33
7156 1857
4812 1857
9917 1863
6663 1863
8152 1620
1150 1858
3680 1856
4531 1731
6651 1864
9628 1864
7666 1865
1280 1858
9769 1858
2848 1620
2513 1860
616 1856
85 1856
2385 1856
2371 1857
8075 1858
3886 1858
2530 1863
3679 1858
7796 1863
9764 1868
3796 1856
203 1857
3681 1857
8055 1864
1397 1731
2128 1865
7052 1856
2365 1620
285 1865
6476 1856
8535 1856
279 1857
1997 1731
3048 1864
7482 1620
1463 1863
7044 2106
218 1620
4795 1858
575 1856
10819 1864
9042 21
5807 1863
6064 1858
4154 1620
10541 1703
3898 1620
3800 1858
8294 1858
1385 1731
7132 1856
4333 1856
5972 1857
4775 1856
4728 1864
6910 1864
2016 1868
252 1856
5026 1858
1330 1858
1020 1871
2481 1731
4684 1864
6031 1857
425 888
5708 1856
3998 1856
8696 1864
6042 1860
2412 1856
462 1731
1193 1864
9431 1863
2975 1858
1958 1731
1654 1865
10560 1858
5509 1731
698 1731
8231 1858
9029 1858
4626 1858
6320 1856
10596 1731
4464 1731
7157 1856
6358 1858
5567 1856
3050 1864
2337 1858
8448 1856
272 1620
206 1858
9245 1858
4158 1731
347 888
9262 1703
3854 1858
7838 1864
1349 2107
10089 1205
10534 1886
205 2108
7888 2109
23 2110
2896 2111
8167 2112
6841 2113
8544 2114
10723 1886
634 1393
6985 2115
1632 2116
4777 1886
10851 2117
