9485 63
9486 20
9487 815
9488 736
9489 600
9490 80
9491 999
9492 998
9493 20
9494 20
9495 893
9496 1001
9497 20
9498 603
9499 80
9500 73
9501 1001
9502 20
9503 1002
9504 999
9505 1002
9506 795
9507 999
9508 1002
9509 1002
9510 20
9511 1002
9512 901
9513 20
9514 1002
9515 1002
9516 610
9517 600
9518 1002
9519 600
9520 20
9521 1002
9522 20
9523 20
9524 90
9525 1002
9526 20
9527 41
9528 80
9529 20
9530 41
9531 80
9532 815
9533 901
9534 20
9535 815
9536 41
9537 73
9538 90
9539 1003
9540 815
9541 1001
9542 20
9543 1055
9544 789
9545 815
9546 1005
9547 139
9548 1002
9549 20
9550 20
9551 893
9552 998
9553 90
9554 815
9555 1001
9556 20
9557 1002
9558 20
9559 63
9560 600
9561 20
9562 1002
9563 1002
9564 1002
9565 736
9566 20
9567 1001
9568 998
9569 999
9570 20
9571 63
9572 80
9573 20
9574 20
9575 815
9576 1002
9577 20
9578 20
9579 789
9580 20
9581 1002
9582 1002
9583 999
9584 600
9585 815
9586 727
9587 1001
9588 73
9589 736
9590 1001
9591 1002
9592 20
9593 20
9594 20
9595 1002
9596 63
9597 20
9598 80
9599 600
9600 901
9601 20
9602 727
9603 789
9604 20
9605 20
9606 15
9607 20
9608 1010
9609 1001
9610 20
9611 998
9612 736
9613 600
9614 603
9615 1001
9616 90
9617 789
9618 1010
9619 90
9620 789
9621 815
9622 600
9623 20
9624 1002
9625 1002
9626 41
9627 1002
9628 1002
9629 1001
9630 901
9631 20
9632 20
9633 893
9634 600
9635 893
9636 1001
9637 815
9638 1002
9639 80
9640 80
9641 20
9642 999
9643 20
9644 41
9645 998
9646 41
9647 1002
9648 815
9649 1002
9650 999
9651 80
9652 80
9653 20
9654 1002
9655 600
9656 20
9657 789
9658 80
9659 1002
9660 20
9661 999
9662 815
9663 1002
9664 20
9665 20
9666 20
9667 1001
9668 1001
9669 20
9670 20
9671 80
9672 1002
9673 1002
9674 600
9675 600
9676 600
9677 73
9678 999
9679 736
9680 901
9681 736
9682 1001
9683 789
9684 789
9685 999
9686 1002
9687 600
9688 795
9689 1002
9690 20
9691 727
9692 20
9693 1001
9694 1001
9695 90
9696 80
9697 1002
9698 20
9699 789
9700 600
9701 20
9702 1002
9703 1001
9704 1002
9705 20
9706 1001
9707 20
9708 815
9709 1010
9710 63
9711 1077
9712 600
9713 15
9714 815
9715 789
9716 1002
9717 20
9718 80
9719 1002
9720 20
9721 789
9722 815
9723 815
9724 1002
9725 20
9726 736
9727 789
9728 20
9729 20
9730 1002
9731 20
9732 789
9733 1001
9734 736
9735 999
9736 20
9737 20
9738 20
9739 901
9740 20
9741 1001
9742 815
9743 80
9744 1002
9745 80
9746 600
9747 20
9748 815
9749 20
9750 80
9751 1001
9752 789
9753 1001
9754 600
9755 20
9756 20
9757 815
9758 901
9759 80
9760 600
9761 20
9762 789
9763 1002
9764 789
9765 999
9766 80
9767 789
9768 1002
9769 20
9770 1002
9771 600
9772 20
9773 901
9774 1002
9775 1002
9776 80
9777 41
9778 727
9779 603
9780 1002
9781 1002
9782 893
9783 20
9784 603
9785 20
9786 1002
9787 20
9788 80
9789 20
9790 139
9791 1002
9792 1001
9793 20
9794 600
9795 1001
9796 20
9797 815
9798 1002
9799 600
9800 815
9801 1002
9802 1002
9803 20
9804 727
9805 1002
9806 1001
9807 999
9808 73
9809 815
9810 1001
9811 20
9812 1001
9813 789
9814 1002
9815 80
9816 998
9817 63
9818 20
9819 20
9820 20
9821 20
9822 603
9823 1001
9824 63
9825 20
9826 41
9827 1001
9828 20
9829 600
9830 901
9831 1002
9832 789
9833 1001
9834 20
9835 789
9836 603
9837 20
9838 20
9839 80
9840 999
9841 1002
9842 1089
9843 1002
9844 901
9845 1002
9846 815
9847 815
9848 20
9849 600
9850 20
9851 20
9852 999
9853 789
9854 41
9855 20
9856 80
9857 1002
9858 1002
9859 1002
9860 815
9861 600
9862 1002
9863 1002
9864 80
9865 80
9866 20
9867 20
9868 20
9869 815
9870 901
9871 815
9872 1001
9873 80
9874 20
9875 1002
9876 80
9877 789
9878 80
9879 20
9880 1002
9881 41
9882 20
9883 20
9884 20
9885 20
9886 63
9887 1001
9888 815
9889 736
9890 1002
9891 736
9892 901
9893 998
9894 789
9895 63
9896 41
9897 1002
9898 815
9899 901
9900 80
9901 90
9902 1002
9903 815
9904 600
9905 727
9906 600
9907 1002
9908 1002
9909 795
9910 603
9911 20
9912 20
9913 1001
9914 80
9915 603
9916 80
9917 20
9918 20
9919 1001
9920 1002
9921 1001
9922 80
9923 41
9924 1077
9925 20
9926 20
9927 63
9928 20
9929 1002
9930 80
9931 1002
9932 20
9933 20
9934 1002
9935 1002
9936 20
9937 901
9938 20
9939 901
9940 80
9941 815
9942 1001
9943 1002
9944 1001
9945 20
9946 20
9947 1001
9948 1002
9949 1002
9950 789
9951 20
9952 20
9953 20
9954 1001
9955 20
9956 1002
9957 1010
9958 80
9959 901
9960 80
9961 1089
9962 789
9963 1010
9964 1001
9965 815
9966 20
9967 727
9968 1002
9969 1003
9970 815
9971 901
9972 20
9973 999
9974 600
9975 20
9976 63
9977 736
9978 20
9979 20
9980 815
9981 789
9982 1002
9983 20
9984 1001
9985 1002
9986 139
9987 901
9988 80
9989 20
9990 815
9991 1001
9992 41
9993 1002
9994 20
9995 1002
9996 1002
9997 20
9998 600
9999 1002
10000 1002
10001 1002
10002 20
10003 20
10004 1002
10005 20
10006 1002
10007 1002
10008 600
10009 1001
10010 789
10011 20
10012 41
10013 20
10014 41
10015 20
10016 20
10017 1002
10018 1001
10019 20
10020 41
10021 736
10022 901
10023 736
10024 600
10025 20
10026 1001
10027 600
10028 1001
10029 727
10030 1001
10031 41
10032 20
10033 603
10034 815
10035 801
10036 41
10037 59
10038 1002
10039 20
10040 999
10041 1001
10042 736
10043 1001
10044 1002
10045 1001
10046 901
10047 20
10048 998
10049 736
10050 901
10051 727
10052 80
10053 20
10054 20
10055 20
10056 1002
10057 41
10058 20
10059 600
10060 90
10061 815
10062 20
10063 20
10064 789
10065 20
10066 20
10067 1002
10068 20
10069 20
10070 80
10071 1001
10072 999
10073 41
10074 20
10075 1002
10076 20
10077 80
10078 1002
10079 893
10080 20
10081 801
10082 603
10083 795
10084 999
10085 901
10086 20
10087 999
10088 20
10089 1001
10090 20
10091 1001
10092 736
10093 789
10094 1002
10095 80
10096 80
10097 139
10098 1002
10099 41
10100 63
10101 1002
10102 1001
10103 1001
10104 41
10105 20
10106 1002
10107 736
10108 90
10109 600
10110 736
10111 1001
10112 1002
10113 893
10114 80
10115 1002
10116 20
10117 815
10118 815
10119 20
10120 1002
10121 20
10122 1002
10123 1001
10124 15
10125 20
10126 600
10127 1001
10128 20
10129 20
10130 1002
10131 20
10132 1001
10133 1001
10134 1002
10135 20
10136 20
10137 1002
10138 1001
10139 20
10140 20
10141 893
10142 1002
10143 901
10144 1002
10145 1002
10146 893
10147 1002
10148 600
10149 600
10150 20
10151 789
10152 20
10153 893
10154 1001
10155 999
10156 1002
10157 20
10158 80
10159 80
10160 20
10161 600
10162 1001
10163 20
10164 80
10165 1002
10166 80
10167 815
10168 999
10169 20
10170 815
10171 736
10172 600
10173 736
10174 63
10175 80
10176 80
10177 63
10178 80
10179 901
10180 998
10181 1002
10182 1002
10183 1002
10184 20
10185 20
10186 815
10187 20
10188 789
10189 1010
10190 20
10191 20
10192 736
10193 20
10194 63
10195 815
10196 41
10197 50
10198 1002
10199 1002
10200 1010
10201 1002
10202 1002
10203 789
10204 20
10205 736
10206 789
10207 999
10208 1001
10209 1002
10210 80
10211 80
10212 73
10213 1002
10214 41
10215 789
10216 20
10217 20
10218 789
10219 1002
10220 1056
10221 1002
10222 795
10223 1001
10224 90
10225 736
10226 80
10227 1002
10228 20
10229 1001
10230 1001
10231 20
10232 999
10233 20
10234 20
10235 736
10236 736
10237 63
10238 20
10239 20
10240 1002
10241 80
10242 1001
10243 63
10244 1001
10245 603
10246 999
10247 20
10248 20
10249 727
10250 20
10251 1002
10252 20
10253 600
10254 1002
10255 20
10256 1002
10257 90
10258 901
10259 789
10260 20
10261 600
10262 80
10263 1001
10264 999
10265 999
10266 600
10267 1001
10268 41
10269 789
10270 1002
10271 999
10272 20
10273 736
10274 41
10275 789
10276 1001
10277 1001
10278 41
10279 893
10280 1002
10281 139
10282 80
10283 1002
10284 789
10285 600
10286 789
10287 736
10288 1002
10289 613
10290 815
10291 1002
10292 1002
10293 893
10294 63
10295 41
10296 1002
10297 1057
10298 789
10299 600
10300 600
10301 1091
10302 20
10303 1001
10304 815
10305 41
10306 600
10307 20
10308 600
10309 20
10310 20
10311 41
10312 600
10313 914
10314 893
10315 893
10316 1002
10317 20
10318 20
10319 999
10320 1001
10321 90
10322 90
10323 80
10324 20
10325 20
10326 41
10327 999
10328 600
10329 63
10330 80
10331 815
10332 999
10333 20
10334 1002
10335 80
10336 1002
10337 80
10338 41
10339 90
10340 1001
10341 80
10342 1001
10343 20
10344 893
10345 727
10346 999
10347 789
10348 1001
10349 63
10350 795
10351 20
10352 20
10353 901
10354 20
10355 41
10356 603
10357 1002
10358 815
10359 80
10360 790
10361 789
10362 20
10363 80
10364 20
10365 815
10366 80
10367 20
10368 789
10369 41
10370 603
10371 736
10372 736
10373 56
10374 1001
10375 20
10376 20
10377 20
10378 914
10379 1002
10380 20
10381 20
10382 20
10383 736
10384 73
10385 1002
10386 901
10387 999
10388 1002
10389 80
10390 600
10391 1001
10392 1002
10393 1002
10394 1001
10395 1002
10396 20
10397 1002
10398 80
10399 815
10400 20
10401 893
10402 1002
10403 20
10404 80
10405 893
10406 20
10407 1002
10408 80
10409 736
10410 73
10411 20
10412 20
10413 20
10414 901
10415 600
10416 41
10417 20
10418 795
10419 815
10420 1001
10421 1002
10422 815
10423 1002
10424 1001
10425 20
10426 1001
10427 20
10428 1001
10429 20
10430 901
10431 901
10432 63
10433 20
10434 41
10435 20
10436 603
10437 789
10438 1002
10439 789
10440 20
10441 1002
10442 20
10443 999
10444 893
10445 815
10446 1002
10447 1002
10448 1002
10449 1002
10450 1002
10451 80
10452 90
10453 789
10454 20
10455 1002
10456 736
10457 20
10458 20
10459 133
10460 80
10461 914
10462 1002
10463 0
10464 20
10465 20
10466 20
10467 80
10468 893
10469 41
10470 1002
10471 1002
10472 20
10473 1002
10474 815
10475 1001
10476 50
10477 20
10478 1001
10479 1001
10480 20
10481 20
10482 80
10483 815
10484 600
10485 20
10486 80
10487 1002
10488 999
10489 999
10490 603
10491 1002
10492 20
10493 789
10494 80
10495 1002
10496 1001
10497 80
10498 789
10499 789
10500 1001
10501 789
10502 1002
10503 600
10504 20
10505 789
10506 1001
10507 1002
10508 600
10509 80
10510 1002
10511 815
10512 1001
10513 1002
10514 20
10515 20
10516 789
10517 20
10518 789
10519 41
10520 20
10521 600
10522 999
10523 20
10524 20
10525 901
10526 789
10527 80
10528 600
10529 600
10530 815
10531 63
10532 1002
10533 1001
10534 80
10535 1001
10536 1001
10537 999
10538 901
10539 1001
10540 20
10541 20
10542 795
10543 41
10544 20
10545 727
10546 1002
10547 815
10548 901
10549 1002
10550 20
10551 1058
10552 20
10553 73
10554 999
10555 1001
10556 20
10557 789
10558 1002
10559 80
10560 901
10561 20
10562 80
10563 139
10564 20
10565 815
10566 815
10567 901
10568 20
10569 20
10570 20
10571 736
10572 1002
10573 795
10574 789
10575 20
10576 789
10577 603
10578 20
10579 90
10580 600
10581 1002
10582 1001
10583 597
10584 1001
10585 20
10586 20
10587 600
10588 63
10589 20
10590 1002
10591 901
10592 901
10593 73
10594 20
10595 999
10596 20
10597 20
10598 80
10599 603
10600 1002
10601 901
10602 20
10603 727
10604 41
10605 41
10606 748
10607 20
10608 20
10609 600
10610 80
10611 999
10612 80
10613 20
10614 727
10615 20
10616 789
10617 789
10618 20
10619 20
10620 20
10621 41
10622 1001
10623 736
10624 901
10625 727
10626 1002
10627 20
10628 795
10629 815
10630 63
10631 600
10632 727
10633 603
10634 20
10635 1001
10636 600
10637 736
10638 600
10639 1002
10640 998
10641 613
10642 20
10643 789
10644 1001
10645 41
10646 603
10647 20
10648 815
10649 20
10650 20
10651 90
10652 41
10653 20
10654 20
10655 732
10656 815
10657 1001
10658 80
10659 901
10660 80
10661 893
10662 20
10663 789
10664 736
10665 20
10666 603
10667 736
10668 1002
10669 603
10670 41
10671 600
10672 600
10673 20
10674 736
10675 1002
10676 1001
10677 1002
10678 789
10679 815
10680 795
10681 20
10682 736
10683 1001
10684 789
10685 789
10686 1002
10687 1002
10688 1002
10689 600
10690 80
10691 603
10692 600
10693 600
10694 1002
10695 815
10696 20
10697 815
10698 20
10699 20
10700 789
10701 20
10702 1001
10703 20
10704 90
10705 815
10706 80
10707 1002
10708 999
10709 1001
10710 1002
10711 41
10712 815
10713 80
10714 1002
10715 1002
10716 600
10717 80
10718 789
10719 41
10720 1002
10721 901
10722 20
10723 1002
10724 1002
10725 1002
10726 901
10727 789
10728 893
10729 20
10730 20
10731 999
10732 789
10733 600
10734 1002
10735 736
10736 893
10737 20
10738 41
10739 815
10740 20
10741 20
10742 1001
10743 600
10744 80
10745 1002
10746 20
10747 1002
10748 20
10749 20
10750 1001
10751 789
10752 999
10753 1002
10754 20
10755 20
10756 1010
10757 815
10758 20
10759 815
10760 20
10761 1001
10762 20
10763 20
10764 80
10765 41
10766 41
10767 901
10768 20
10769 1001
10770 20
10771 20
10772 80
10773 815
10774 901
10775 901
10776 20
10777 727
10778 603
10779 20
10780 600
10781 999
10782 20
10783 29
10784 80
10785 736
10786 901
10787 1002
10788 80
10789 999
10790 815
10791 600
10792 1001
10793 815
10794 1001
10795 20
10796 80
10797 789
10798 815
10799 20
10800 20
10801 1002
10802 20
10803 600
10804 20
10805 41
10806 20
10807 20
10808 20
10809 20
10810 999
10811 999
10812 20
10813 80
10814 1002
10815 20
10816 1002
10817 1002
10818 1001
10819 20
10820 1010
10821 80
10822 80
10823 1002
10824 80
10825 63
10826 20
10827 20
10828 901
10829 80
10830 1002
10831 600
10832 1001
10833 1002
10834 20
10835 736
10836 1010
10837 1001
10838 600
10839 90
10840 789
10841 1002
10842 20
10843 80
10844 73
10845 1002
10846 789
10847 901
10848 20
10849 139
10850 20
10851 1002
10852 20
10853 1002
10854 999
10855 1002
10856 41
10857 20
10858 20
10859 600
10860 41
10861 1002
10862 41
10863 1001
10864 20
10865 789
10866 139
10867 1001
10868 736
10869 789
10870 20
10871 1001
10872 1002
10873 20
10874 901
10875 80
10876 600
10877 20
10878 73
10879 600
10880 80
10881 80
10882 80
10883 20
10884 90
10885 20
10886 20
10887 20
10888 1002
10889 63
10890 20
10891 789
10892 789
10893 999
10894 41
10895 1002
10896 1002
10897 1002
10898 20
10899 901
10900 1001
10901 600
10902 20
10903 41
10904 603
10905 20
10906 1001
10907 20
10908 1002
10909 20
10910 20
10911 63
10912 20
10913 1001
10914 1002
10915 815
10916 893
10917 1001
10918 20
10919 815
10920 1001
10921 1001
10922 20
10923 90
10924 600
10925 1001
10926 901
10927 63
10928 1002
10929 815
10930 1001
10931 20
10932 1002
10933 1002
10934 1002
10935 90
10936 20
10937 20
10938 20
10939 1001
10940 1001
10941 901
10942 20
10943 736
10944 603
10945 80
10946 999
10947 1002
10948 20
10949 1002
10950 1005
10951 999
10952 1001
10953 815
10954 80
10955 20
10956 600
10957 736
10958 20
10959 20
10960 20
10961 20
10962 1005
10963 1002
10964 789
10965 90
10966 1002
10967 1002
10968 80
10969 727
10970 80
10971 1001
10972 1001
10973 20
10974 80
10975 20
10976 80
10977 1001
10978 815
10979 789
10980 1001
10981 789
10982 20
10983 80
10984 1002
10985 736
10986 1002
10987 789
10988 801
10989 1002
10990 1002
10991 80
10992 815
10993 815
10994 20
10995 600
10996 20
10997 600
10998 1002
10999 1001
11000 20
11001 1001
11002 901
11003 600
11004 20
11005 90
11006 20
11007 20
11008 80
11009 815
11010 20
11011 20
11012 20
11013 600
11014 815
11015 795
11016 815
11017 815
11018 999
11019 20
11020 901
11021 80
11022 1002
11023 600
11024 20
11025 815
11026 736
11027 20
11028 1091
11029 600
11030 815
11031 901
11032 999
11033 1001
11034 1001
11035 80
11036 41
11037 20
11038 80
11039 20
11040 901
11041 41
11042 1002
11043 20
11044 600
11045 20
11046 1002
11047 20
11048 80
11049 20
11050 20
11051 20
11052 901
11053 901
11054 1002
11055 1002
11056 20
11057 41
11058 1001
11059 41
11060 998
11061 63
11062 1002
11063 1001
11064 1002
11065 80
11066 20
11067 999
11068 1002
11069 1001
11070 20
11071 41
11072 139
11073 41
11074 1001
11075 815
11076 998
11077 789
11078 603
11079 73
11080 20
11081 907
11082 20
11083 600
11084 789
11085 1002
11086 1010
11087 20
11088 20
11089 20
11090 603
11091 600
11092 20
11093 727
11094 901
11095 789
11096 1002
11097 815
11098 80
11099 1002
11100 90
11101 1001
11102 901
11103 998
11104 90
11105 20
11106 815
11107 1001
11108 41
11109 20
11110 20
11111 20
11112 795
11113 20
11114 999
11115 1002
11116 80
11117 41
11118 1002
11119 789
11120 999
11121 20
11122 1001
11123 20
11124 901
11125 63
11126 901
11127 603
11128 795
11129 1002
11130 20
11131 603
11132 600
11133 80
11134 20
11135 20
11136 20
11137 41
11138 789
11139 789
11140 727
11141 1002
11142 20
11143 20
11144 789
11145 1001
11146 41
11147 80
11148 80
11149 20
11150 1001
11151 20
11152 20
11153 736
11154 901
11155 815
11156 999
11157 1002
11158 41
11159 736
11160 80
11161 20
11162 999
11163 20
11164 80
11165 1002
11166 1001
11167 1003
11168 20
11169 20
11170 20
11171 815
11172 20
11173 815
11174 901
11175 789
11176 789
11177 41
11178 63
11179 815
11180 20
11181 1001
11182 736
11183 29
11184 901
11185 20
11186 90
11187 41
11188 1002
11189 901
11190 80
11191 901
11192 20
11193 891
11194 789
11195 815
11196 20
11197 20
11198 20
11199 63
11200 999
11201 815
11202 20
11203 736
11204 1002
11205 80
11206 914
11207 901
11208 80
11209 80
11210 1001
11211 1002
11212 815
11213 1002
11214 20
11215 90
11216 999
11217 20
11218 20
11219 1001
11220 20
11221 90
11222 1002
11223 789
11224 20
11225 789
11226 41
11227 1001
11228 1002
11229 901
11230 1002
11231 20
11232 998
11233 815
11234 41
11235 80
11236 600
11237 1001
11238 789
11239 1001
11240 20
11241 1002
11242 1002
11243 1001
11244 20
11245 90
11246 600
11247 63
11248 1002
11249 1002
11250 20
11251 1001
11252 139
11253 901
11254 600
11255 1002
11256 1002
11257 1002
11258 1002
11259 20
11260 1001
11261 20
11262 20
11263 20
11264 815
11265 1002
11266 1001
11267 1001
11268 80
11269 1002
11270 1001
11271 1010
11272 901
11273 20
11274 736
11275 815
11276 1002
11277 20
11278 1002
11279 1001
11280 20
11281 20
11282 20
11283 20
11284 41
11285 41
11286 20
11287 815
11288 20
11289 789
11290 20
11291 41
11292 80
11293 901
11294 815
11295 20
11296 20
11297 41
11298 789
11299 20
11300 789
11301 20
11302 41
11303 80
11304 1002
11305 20
11306 20
11307 20
11308 1001
11309 20
11310 1001
11311 1002
11312 600
11313 20
11314 815
11315 1002
11316 1002
11317 20
11318 1059
11319 815
11320 603
11321 1002
11322 789
11323 1002
11324 1002
11325 789
11326 1002
11327 789
11328 73
11329 20
11330 1002
11331 41
11332 603
11333 90
11334 20
11335 1001
11336 1002
11337 20
11338 1002
11339 815
11340 41
11341 789
11342 999
11343 80
11344 20
11345 1001
11346 1002
11347 63
11348 736
11349 80
11350 815
11351 80
11352 20
11353 815
11354 600
11355 736
11356 999
11357 1002
11358 998
11359 1002
11360 600
11361 1001
11362 1001
11363 41
11364 80
11365 1002
11366 600
11367 901
11368 1002
11369 20
11370 41
11371 1015
11372 597
11373 45
11374 1060
11375 1061
11376 1062
11377 914
11378 634
11379 1063
11380 1015
11381 597
