24661 1655
24662 258
24663 258
24664 11
24665 885
24666 258
24667 1653
24668 1
24669 258
24670 885
24671 1938
24672 77
24673 11
24674 11
24675 258
24676 258
24677 258
24678 885
24679 885
24680 1546
24681 212
24682 258
24683 258
24684 10
24685 258
24686 885
24687 886
24688 11
24689 962
24690 134
24691 258
24692 885
24693 1
24694 65
24695 2170
24696 1546
24697 1695
24698 1668
24699 1655
24700 885
24701 1668
24702 258
24703 885
24704 1
24705 53
24706 1546
24707 1546
24708 1653
24709 52
24710 885
24711 885
24712 885
24713 1940
24714 885
24715 2261
24716 65
24717 1668
24718 1689
24719 2179
24720 885
24721 885
24722 53
24723 1668
24724 1546
24725 1655
24726 1546
24727 3
24728 1075
24729 204
24730 885
24731 131
24732 10
24733 11
24734 885
24735 885
24736 1583
24737 885
24738 1546
24739 1655
24740 238
24741 142
24742 295
24743 885
24744 1
24745 1505
24746 1104
24747 134
24748 134
24749 134
24750 102
24751 134
24752 134
24753 134
24754 204
24755 134
24756 1653
24757 18
24758 134
24759 1946
24760 885
24761 102
24762 1668
24763 258
24764 102
24765 258
24766 1965
24767 885
24768 134
24769 1214
24770 1940
24771 134
24772 134
24773 885
24774 1546
24775 1668
24776 1668
24777 1546
24778 52
24779 204
24780 600
24781 1655
24782 69
24783 204
24784 1668
24785 885
24786 204
24787 139
24788 962
24789 885
24790 1655
24791 134
24792 11
24793 600
24794 232
24795 885
24796 885
24797 1668
24798 1296
24799 1546
24800 1948
24801 885
24802 885
24803 1546
24804 184
24805 129
24806 1668
24807 1668
24808 65
24809 139
24810 139
24811 885
24812 11
24813 885
24814 10
24815 962
24816 893
24817 1546
24818 65
24819 1583
24820 1946
24821 1975
24822 139
24823 1
24824 139
24825 1668
24826 885
24827 82
24828 258
24829 902
24830 893
24831 1655
24832 139
24833 82
24834 131
24835 962
24836 962
24837 134
24838 885
24839 102
24840 102
24841 102
24842 102
24843 102
24844 102
24845 885
24846 1950
24847 885
24848 82
24849 149
24850 1950
24851 1663
24852 1663
24853 885
24854 129
24855 1950
24856 53
24857 1546
24858 885
24859 134
24860 1655
24861 893
24862 1546
24863 962
24864 134
24865 1946
24866 12
24867 1668
24868 1946
24869 885
24870 885
24871 1946
24872 1655
24873 902
24874 885
24875 1952
24876 134
24877 82
24878 962
24879 2170
24880 11
24881 11
24882 11
24883 1946
24884 1668
24885 885
24886 1946
24887 1546
24888 1946
24889 885
24890 258
24891 23
24892 258
24893 1946
24894 885
24895 882
24896 962
24897 1583
24898 885
24899 1668
24900 885
24901 204
24902 1546
24903 2170
24904 1668
24905 1583
24906 1546
24907 1546
24908 1546
24909 1546
24910 1666
24911 1546
24912 1546
24913 258
24914 1546
24915 885
24916 885
24917 2134
24918 36
24919 902
24920 1075
24921 1075
24922 1546
24923 1680
24924 885
24925 1583
24926 1583
24927 0
24928 1593
24929 69
24930 134
24931 885
24932 1583
24933 885
24934 885
24935 885
24936 1546
24937 11
24938 885
24939 885
24940 1224
24941 885
24942 11
24943 11
24944 1668
24945 131
24946 1655
24947 11
24948 11
24949 1653
24950 11
24951 885
24952 11
24953 1655
24954 1946
24955 885
24956 885
24957 295
24958 134
24959 885
24960 1075
24961 134
24962 600
24963 258
24964 1546
24965 1663
24966 885
24967 1546
24968 885
24969 885
24970 1505
24971 41
24972 134
24973 1546
24974 272
24975 11
24976 1
24977 204
24978 1583
24979 1940
24980 1663
24981 82
24982 1946
24983 258
24984 1505
24985 885
24986 1075
24987 258
24988 11
24989 69
24990 272
24991 1653
24992 65
24993 885
24994 885
24995 1546
24996 885
24997 885
24998 885
24999 885
25000 102
25001 258
25002 1668
25003 65
25004 11
25005 885
25006 885
25007 1546
25008 77
25009 885
25010 1938
25011 885
25012 102
25013 885
25014 885
25015 134
25016 1655
25017 1546
25018 885
25019 1946
25020 962
25021 1946
25022 1655
25023 2208
25024 11
25025 2265
25026 885
25027 1075
25028 885
25029 104
25030 885
25031 295
25032 1655
25033 204
25034 272
25035 885
25036 1546
25037 11
25038 18
25039 134
25040 885
25041 238
25042 1546
25043 885
25044 258
25045 1653
25046 10
25047 885
25048 1075
25049 69
25050 885
25051 1546
25052 1655
25053 3
25054 902
25055 238
25056 1668
25057 1583
25058 885
25059 1965
25060 885
25061 1075
25062 139
25063 882
25064 23
25065 1668
25066 885
25067 885
25068 11
25069 11
25070 1975
25071 3
25072 1546
25073 139
25074 1583
25075 885
25076 11
25077 885
25078 1668
25079 1546
25080 885
25081 1583
25082 134
25083 139
25084 1653
25085 139
25086 962
25087 258
25088 1668
25089 139
25090 885
25091 884
25092 1962
25093 1546
25094 1668
25095 1946
25096 885
25097 891
25098 134
25099 1546
25100 885
25101 258
25102 91
25103 1965
25104 11
25105 1668
25106 11
25107 104
25108 134
25109 1940
25110 1546
25111 134
25112 204
25113 885
25114 104
25115 104
25116 1940
25117 1546
25118 11
25119 962
25120 1653
25121 1546
25122 129
25123 52
25124 204
25125 885
25126 258
25127 45
25128 885
25129 1962
25130 238
25131 258
25132 1946
25133 102
25134 65
25135 134
25136 204
25137 1546
25138 1653
25139 134
25140 885
25141 104
25142 1668
25143 134
25144 11
25145 11
25146 1668
25147 2267
25148 134
25149 962
25150 1968
25151 885
25152 885
25153 10
25154 134
25155 1075
25156 272
25157 11
25158 258
25159 885
25160 11
25161 258
25162 1952
25163 1653
25164 1680
25165 272
25166 11
25167 1946
25168 1
25169 3
25170 104
25171 11
25172 258
25173 11
25174 885
25175 1946
25176 258
25177 258
25178 134
25179 11
25180 204
25181 104
25182 258
25183 104
25184 10
25185 104
25186 104
25187 1965
25188 3
25189 1940
25190 104
25191 28
25192 885
25193 1505
25194 28
25195 962
25196 104
25197 104
25198 11
25199 258
25200 3
25201 104
25202 889
25203 1583
25204 1946
25205 104
25206 295
25207 104
25208 104
25209 962
25210 902
25211 885
25212 885
25213 104
25214 1946
25215 1075
25216 104
25217 885
25218 295
25219 1075
25220 1946
25221 102
25222 102
25223 10
25224 1946
25225 2269
25226 139
25227 102
25228 258
25229 1971
25230 941
25231 885
25232 1297
25233 1653
25234 258
25235 1303
25236 1303
25237 2262
25238 1971
25239 885
25240 885
25241 102
25242 11
25243 10
25244 885
25245 295
25246 204
25247 11
25248 1505
25249 1546
25250 1546
25251 885
25252 885
25253 295
25254 962
25255 1546
25256 238
25257 102
25258 102
25259 102
25260 1655
25261 1655
25262 1668
25263 1653
25264 1653
25265 1668
25266 3
25267 1583
25268 258
25269 2271
25270 65
25271 10
25272 885
25273 885
25274 1695
25275 104
25276 1940
25277 1971
25278 885
25279 104
25280 28
25281 65
25282 885
25283 10
25284 10
25285 1303
25286 885
25287 2164
25288 1527
25289 10
25290 258
25291 258
25292 3
25293 10
25294 134
25295 10
25296 10
25297 10
25298 10
25299 1695
25300 104
25301 10
25302 10
25303 1297
25304 10
25305 868
25306 258
25307 134
25308 139
25309 10
25310 1075
25311 1695
25312 885
25313 11
25314 27
25315 2164
25316 2208
25317 11
25318 907
25319 139
25320 1075
25321 10
25322 1546
25323 3
25324 65
25325 139
25326 10
25327 258
25328 258
25329 139
25330 10
25331 139
25332 104
25333 885
25334 139
25335 258
25336 1695
25337 204
25338 885
25339 258
25340 258
25341 10
25342 1075
25343 885
25344 134
25345 11
25346 10
25347 1546
25348 885
25349 10
25350 11
25351 885
25352 885
25353 52
25354 3
25355 3
25356 1680
25357 1946
25358 885
25359 272
25360 1655
25361 102
25362 885
25363 134
25364 134
25365 204
25366 2205
25367 134
25368 1965
25369 65
25370 258
25371 885
25372 904
25373 134
25374 11
25375 1075
25376 258
25377 885
25378 134
25379 1946
25380 893
25381 134
25382 3
25383 885
25384 885
25385 1952
25386 204
25387 295
25388 129
25389 238
25390 1668
25391 65
25392 1946
25393 1946
25394 885
25395 295
25396 1946
25397 1946
25398 1583
25399 1583
25400 1546
25401 1583
25402 26
25403 1296
25404 1583
25405 885
25406 45
25407 18
25408 11
25409 1583
25410 1653
25411 885
25412 1296
25413 129
25414 962
25415 885
25416 65
25417 885
25418 1965
25419 11
25420 1583
25421 885
25422 11
25423 1946
25424 1505
25425 204
25426 134
25427 204
25428 885
25429 1946
25430 885
25431 1655
25432 11
25433 258
25434 1583
25435 102
25436 1946
25437 1583
25438 1668
25439 11
25440 1946
25441 10
25442 1583
25443 1965
25444 1668
25445 1653
25446 1546
25447 1946
25448 1583
25449 1655
25450 1546
25451 1583
25452 53
25453 65
25454 1655
25455 1965
25456 1546
25457 885
25458 134
25459 134
25460 134
25461 1946
25462 1968
25463 885
25464 30
25465 1666
25466 204
25467 18
25468 885
25469 1583
25470 1946
25471 1946
25472 33
25473 885
25474 134
25475 11
25476 65
25477 129
25478 1965
25479 1656
25480 1666
25481 1655
25482 1655
25483 885
25484 1946
25485 204
25486 1302
25487 1075
25488 1977
25489 1655
25490 1583
25491 1946
25492 1965
25493 1946
25494 295
25495 885
25496 1946
25497 10
25498 204
25499 885
25500 1965
25501 1583
25502 1977
25503 1946
25504 134
25505 2200
25506 1655
25507 1977
25508 134
25509 1546
25510 1546
25511 129
25512 65
25513 1583
25514 1104
25515 1505
25516 258
25517 1946
25518 139
25519 1546
25520 1965
25521 1946
25522 1946
25523 134
25524 258
25525 11
25526 214
25527 27
25528 1946
25529 204
25530 134
25531 1946
25532 885
25533 139
25534 139
25535 11
25536 0
25537 65
25538 1946
25539 1546
25540 1655
25541 65
25542 1075
25543 129
25544 885
25545 1655
25546 1680
25547 904
25548 885
25549 139
25550 89
25551 2272
25552 139
25553 139
25554 2273
25555 2274
25556 1583
25557 10
25558 1103
25559 11
25560 885
25561 885
25562 258
25563 3
25564 134
25565 885
25566 941
25567 1583
25568 1505
25569 134
25570 1653
25571 1952
25572 1940
25573 1946
25574 1653
25575 1977
25576 1946
25577 941
25578 2275
25579 1075
25580 885
25581 185
25582 1666
25583 134
25584 1946
25585 11
25586 941
25587 184
25588 1104
25589 885
25590 885
25591 1546
25592 1946
25593 1527
25594 885
25595 204
25596 272
25597 885
25598 1681
25599 1681
25600 18
25601 1104
25602 14
25603 885
25604 10
25605 23
25606 1948
25607 1075
25608 89
25609 104
25610 45
25611 238
25612 204
25613 885
25614 1527
25615 1527
25616 65
25617 1546
25618 65
25619 104
25620 2268
25621 11
25622 272
25623 1302
25624 11
25625 2276
25626 885
25627 53
25628 962
25629 893
25630 885
25631 1653
25632 885
25633 258
25634 1965
25635 1952
25636 11
25637 885
25638 1583
25639 962
25640 885
25641 1104
25642 1579
25643 1579
25644 1940
25645 134
25646 129
25647 1104
25648 295
25649 258
25650 258
25651 1655
25652 885
25653 65
25654 139
25655 1104
25656 91
25657 885
25658 1546
25659 885
25660 1505
25661 1655
25662 10
25663 10
25664 23
25665 258
25666 11
25667 885
25668 885
25669 238
25670 1546
25671 885
25672 204
25673 1583
25674 11
25675 162
25676 204
25677 885
25678 102
25679 52
25680 3
25681 162
25682 884
25683 893
25684 1653
25685 11
25686 48
25687 1104
25688 69
25689 962
25690 89
25691 204
25692 11
25693 1666
25694 258
25695 258
25696 1666
25697 962
25698 893
25699 1075
25700 134
25701 102
25702 962
25703 1075
25704 1965
25705 258
25706 258
25707 1663
25708 1583
25709 295
25710 139
25711 139
25712 10
25713 258
25714 885
25715 65
25716 1965
25717 885
25718 1680
25719 26
25720 1075
25721 1655
25722 102
25723 272
25724 1583
25725 65
25726 1075
25727 204
25728 149
25729 1203
25730 102
25731 1668
25732 33
25733 1653
25734 238
25735 102
25736 885
25737 885
25738 1546
25739 1546
25740 184
25741 962
25742 139
25743 1104
25744 241
25745 1104
25746 1653
25747 295
25748 2264
25749 885
25750 1940
25751 885
25752 885
25753 1663
25754 134
25755 134
25756 11
25757 258
25758 1940
25759 1583
25760 204
25761 238
25762 886
25763 1104
25764 1653
25765 11
25766 11
25767 1
25768 204
25769 1946
25770 1666
25771 1583
25772 886
25773 962
25774 139
25775 1104
25776 204
25777 1546
25778 1546
25779 1104
25780 10
25781 102
25782 1655
25783 11
25784 885
25785 131
25786 885
25787 139
25788 1546
25789 1653
25790 258
25791 102
25792 1938
25793 1668
25794 1653
25795 139
25796 962
25797 1668
25798 204
25799 962
25800 885
25801 1
25802 1946
25803 11
25804 10
25805 185
25806 893
25807 1583
25808 885
25809 962
25810 82
25811 885
25812 1680
25813 204
25814 11
25815 82
25816 10
25817 1214
25818 885
25819 11
25820 885
25821 1655
25822 100
25823 885
25824 139
25825 885
25826 885
25827 258
25828 91
25829 885
25830 11
25831 885
25832 11
25833 885
25834 885
25835 1653
25836 139
25837 885
25838 885
25839 82
25840 11
25841 36
25842 885
25843 885
25844 1655
25845 1695
25846 1104
25847 258
25848 1940
25849 131
25850 131
25851 885
25852 1680
25853 258
25854 258
25855 258
25856 258
25857 258
25858 1653
25859 258
25860 258
25861 258
25862 258
25863 1663
25864 258
25865 185
25866 258
25867 885
25868 1583
25869 1583
25870 1583
25871 258
25872 1583
25873 1583
25874 82
25875 258
25876 1655
25877 1583
25878 1527
25879 184
25880 1583
25881 258
25882 258
25883 893
25884 258
25885 1695
25886 258
25887 1527
25888 204
25889 1583
25890 258
25891 258
25892 258
25893 258
25894 1583
25895 258
25896 885
25897 258
25898 1583
25899 1546
25900 1583
25901 2205
25902 139
25903 2021
25904 1583
25905 258
25906 1940
25907 885
25908 885
25909 1668
25910 1583
25911 11
25912 1653
25913 2263
25914 885
25915 127
25916 1583
25917 885
25918 885
25919 82
25920 184
25921 885
25922 40
25923 204
25924 885
25925 886
25926 1583
25927 18
25928 1104
25929 2259
25930 127
25931 885
25932 1655
25933 102
25934 1583
25935 134
25936 786
25937 1940
25938 1546
25939 258
25940 11
25941 1104
25942 1546
25943 885
25944 1993
25945 142
25946 1583
25947 2278
25948 1104
25949 1104
25950 52
25951 1993
25952 885
25953 258
25954 885
25955 786
25956 886
25957 204
25958 885
25959 962
25960 258
25961 2279
25962 1995
25963 258
25964 962
25965 962
25966 69
25967 238
25968 204
25969 82
25970 11
25971 204
25972 204
25973 11
25974 134
25975 1996
25976 885
25977 1996
25978 941
25979 885
25980 204
25981 11
25982 232
25983 1302
25984 238
25985 1655
25986 204
25987 1655
25988 893
25989 1946
25990 11
25991 10
25992 885
25993 1655
25994 184
25995 885
25996 885
25997 885
25998 26
25999 11
26000 1527
26001 1948
26002 1505
26003 1583
26004 885
26005 10
26006 1104
26007 1583
26008 1583
26009 1940
26010 786
26011 786
26012 962
26013 1668
26014 11
26015 11
26016 29
26017 885
26018 1583
26019 10
26020 11
26021 1653
26022 258
26023 1546
26024 204
26025 102
26026 1505
26027 1583
26028 885
26029 1946
26030 2281
26031 91
26032 885
26033 886
26034 131
26035 134
26036 1689
26037 1104
26038 885
26039 11
26040 1214
26041 885
26042 10
26043 1940
26044 885
26045 1940
26046 962
26047 1546
26048 1546
26049 1975
26050 1666
26051 1668
26052 1653
26053 1668
26054 1583
26055 3
26056 2282
26057 885
26058 2277
26059 885
26060 11
26061 1965
26062 10
26063 10
26064 1965
26065 1546
26066 885
26067 139
26068 885
26069 131
26070 102
26071 295
26072 885
26073 885
26074 1505
26075 885
26076 885
26077 129
26078 204
26079 11
26080 214
26081 1583
26082 786
26083 33
26084 885
26085 885
26086 885
26087 1583
26088 11
26089 295
26090 885
26091 885
26092 1668
26093 1653
26094 885
26095 885
26096 885
26097 139
26098 1668
26099 1993
26100 1075
26101 134
26102 139
26103 885
26104 885
26105 1546
26106 786
26107 238
26108 11
26109 82
26110 885
26111 885
26112 82
26113 1546
26114 2280
26115 885
26116 238
26117 885
26118 885
26119 258
26120 184
26121 1975
26122 258
26123 1
26124 102
26125 885
26126 258
26127 893
26128 885
26129 885
26130 1214
26131 1579
26132 10
26133 3
26134 102
26135 907
26136 1655
26137 885
26138 1965
26139 53
26140 1653
26141 11
26142 1695
26143 1655
26144 11
26145 131
26146 52
26147 1583
26148 1583
26149 52
26150 1655
26151 258
26152 1583
26153 20
26154 295
26155 139
26156 11
26157 885
26158 295
26159 238
26160 20
26161 11
26162 885
26163 258
26164 11
26165 1965
26166 786
26167 140
26168 238
26169 885
26170 69
26171 69
26172 1946
26173 885
26174 139
26175 139
26176 786
26177 786
26178 1946
26179 127
26180 139
26181 1946
26182 1075
26183 886
26184 11
26185 1965
26186 10
26187 1655
26188 139
26189 1297
26190 885
26191 962
26192 1104
26193 139
26194 238
26195 1546
26196 885
26197 885
26198 295
26199 139
26200 885
26201 1104
26202 139
26203 184
26204 204
26205 238
26206 82
26207 1975
26208 53
26209 139
26210 258
26211 885
26212 238
26213 139
26214 212
26215 258
26216 885
26217 238
26218 1940
26219 1505
26220 786
26221 885
26222 885
26223 139
26224 11
26225 885
26226 139
26227 1546
26228 1975
26229 885
26230 1655
26231 1297
26232 885
26233 131
26234 11
26235 885
26236 2270
26237 1104
26238 1975
26239 104
26240 258
26241 886
26242 1655
26243 184
26244 1546
26245 885
26246 1546
26247 1655
26248 1940
26249 139
26250 1655
26251 885
26252 1583
26253 1546
26254 134
26255 885
26256 1546
26257 885
26258 885
26259 1583
26260 1655
26261 1975
26262 238
26263 941
26264 238
26265 1546
26266 1965
26267 2200
26268 33
26269 1655
26270 1965
26271 89
26272 1546
26273 238
26274 1952
26275 238
26276 1940
26277 139
26278 11
26279 258
26280 11
26281 1940
26282 258
26283 258
26284 885
26285 104
26286 184
26287 885
26288 885
26289 139
26290 1940
26291 258
26292 885
26293 885
26294 258
26295 885
26296 885
26297 885
26298 139
26299 1696
26300 204
26301 885
26302 909
26303 131
26304 885
26305 11
26306 885
26307 1668
26308 893
26309 11
26310 2200
26311 184
26312 941
26313 1696
26314 885
26315 2260
26316 11
26317 258
26318 11
26319 11
26320 11
26321 258
26322 885
26323 1940
26324 258
26325 2179
26326 2266
26327 238
26328 1224
26329 204
26330 885
26331 1940
26332 885
26333 11
26334 11
26335 1104
26336 1546
26337 258
26338 885
26339 907
26340 131
26341 258
26342 885
26343 258
26344 258
26345 258
26346 1583
26347 885
26348 962
26349 885
26350 11
26351 1940
26352 885
26353 885
26354 258
26355 885
26356 258
26357 1663
26358 258
26359 131
26360 131
26361 885
26362 885
26363 185
26364 258
26365 1695
26366 1546
26367 82
26368 885
26369 885
26370 1297
26371 10
26372 1965
26373 258
26374 885
26375 2283
26376 295
26377 238
26378 885
26379 175
26380 204
26381 11
26382 885
26383 1995
26384 41
26385 1104
26386 1583
26387 184
26388 962
26389 258
26390 1695
26391 1975
26392 1546
26393 0
26394 1666
26395 1940
26396 258
26397 3
26398 1224
26399 11
26400 885
26401 885
26402 10
26403 10
26404 65
26405 238
26406 258
26407 1297
26408 258
26409 65
26410 89
26411 1505
26412 1583
26413 885
26414 2284
26415 65
26416 184
26417 1583
26418 885
26419 10
26420 885
26421 10
26422 214
26423 1214
26424 175
26425 11
26426 885
26427 885
26428 204
26429 1668
26430 885
26431 258
26432 65
26433 272
26434 962
26435 238
26436 295
26437 11
26438 65
26439 1214
26440 238
26441 885
26442 48
26443 885
26444 1940
26445 2006
26446 1583
26447 272
26448 885
26449 885
26450 1505
26451 1965
26452 1583
26453 2006
26454 1494
26455 1583
26456 1965
26457 600
26458 131
26459 65
26460 885
26461 885
26462 149
26463 1696
26464 885
26465 885
26466 1297
26467 885
26468 902
26469 885
26470 89
26471 1965
26472 1940
26473 909
26474 131
26475 36
26476 131
26477 55
26478 214
26479 238
26480 258
26481 1075
26482 1668
26483 885
26484 885
26485 1583
26486 1505
26487 2232
26488 65
26489 2232
26490 1583
26491 184
26492 65
26493 1303
26494 65
26495 885
26496 65
26497 1583
26498 65
26499 889
26500 1303
26501 65
26502 1965
26503 889
26504 65
26505 1965
26506 2232
26507 188
26508 65
26509 1940
26510 1583
26511 65
26512 1940
26513 65
26514 65
26515 69
26516 885
26517 885
26518 885
26519 258
26520 885
26521 11
26522 1075
26523 2176
26524 2176
26525 2176
26526 2176
26527 2176
26528 65
26529 885
26530 134
26531 1075
26532 1
26533 134
26534 11
26535 258
26536 65
26537 65
26538 77
26539 204
26540 184
26541 1965
26542 1075
26543 184
26544 11
26545 885
26546 1546
26547 1203
26548 11
26549 1583
26550 102
26551 295
26552 3
26553 134
26554 65
26555 53
26556 885
26557 65
