5560 13
5561 4
5562 88
5563 38
5564 13
5565 27
5566 4
5567 75
5568 201
5569 31
5570 205
5571 122
5572 44
5573 17
5574 1124
5575 100
5576 51
5577 905
5578 196
5579 21
5580 213
5581 104
5582 34
5583 173
5584 157
5585 972
5586 47
5587 11
5588 173
5589 3
5590 55
5591 13
5592 212
5593 34
5594 217
5595 137
5596 206
5597 113
5598 8
5599 201
5600 75
5601 119
5602 16
5603 3
5604 127
5605 120
5606 151
5607 80
5608 21
5609 32
5610 972
5611 26
5612 75
5613 13
5614 100
5615 789
5616 75
5617 166
5618 56
5619 110
5620 31
5621 44
5622 206
5623 47
5624 26
5625 73
5626 87
5627 81
5628 31
5629 114
5630 21
5631 75
5632 24
5633 21
5634 113
5635 47
5636 37
5637 34
5638 13
5639 1132
5640 41
5641 1124
5642 143
5643 49
5644 117
5645 119
5646 8
5647 100
5648 5
5649 59
5650 23
5651 99
5652 102
5653 102
5654 75
5655 92
5656 114
5657 149
5658 151
5659 4
5660 84
5661 897
5662 73
5663 131
5664 33
5665 13
5666 143
5667 68
5668 120
5669 102
5670 82
5671 37
5672 76
5673 114
5674 134
5675 1231
5676 100
5677 82
5678 13
5679 120
5680 13
5681 36
5682 100
5683 213
5684 117
5685 25
5686 118
5687 1279
5688 37
5689 4
5690 137
5691 8
5692 47
5693 9
5694 114
5695 55
5696 100
5697 23
5698 38
5699 31
5700 68
5701 41
5702 99
5703 75
5704 33
5705 24
5706 1156
5707 972
5708 103
5709 76
5710 63
5711 47
5712 16
5713 1044
5714 905
5715 8
5716 8
5717 137
5718 100
5719 137
5720 105
5721 23
5722 166
5723 3
5724 3
5725 120
5726 8
5727 23
5728 139
5729 21
5730 104
5731 137
5732 68
5733 31
5734 25
5735 134
5736 81
5737 8
5738 110
5739 1156
5740 82
5741 17
5742 87
5743 86
5744 11
5745 101
5746 99
5747 1279
5748 212
5749 41
5750 202
5751 39
5752 34
5753 151
5754 16
5755 146
5756 21
5757 131
5758 23
5759 76
5760 75
5761 75
5762 149
5763 11
5764 23
5765 206
5766 13
5767 119
5768 68
5769 73
5770 2
5771 1279
5772 126
5773 78
5774 789
5775 134
5776 32
5777 86
5778 76
5779 71
5780 893
5781 103
5782 3
5783 113
5784 137
5785 75
5786 76
5787 3
5788 47
5789 137
5790 39
5791 82
5792 100
5793 221
5794 206
5795 44
5796 1279
5797 39
5798 213
5799 3
5800 9
5801 8
5802 8
5803 1232
5804 1279
5805 44
5806 3
5807 81
5808 137
5809 34
5810 78
5811 105
5812 13
5813 78
5814 47
5815 905
5816 789
5817 78
5818 134
5819 11
5820 27
5821 119
5822 157
5823 100
5824 202
5825 36
5826 212
5827 151
5828 25
5829 82
5830 51
5831 24
5832 13
5833 893
5834 134
5835 11
5836 5
5837 9
5838 13
5839 82
5840 149
5841 23
5842 8
5843 134
5844 157
5845 86
5846 31
5847 75
5848 86
5849 149
5850 92
5851 27
5852 37
5853 157
5854 82
5855 58
5856 31
5857 105
5858 1233
5859 5
5860 100
5861 134
5862 55
5863 75
5864 13
5865 38
5866 87
5867 218
5868 13
5869 972
5870 33
5871 86
5872 33
5873 23
5874 9
5875 33
5876 4
5877 8
5878 100
5879 26
5880 31
5881 82
5882 68
5883 95
5884 9
5885 81
5886 13
5887 31
5888 3
5889 4
5890 80
5891 134
5892 17
5893 49
5894 37
5895 110
5896 8
5897 118
5898 39
5899 49
5900 13
5901 13
5902 206
5903 118
5904 36
5905 110
5906 82
5907 11
5908 55
5909 118
5910 75
5911 126
5912 17
5913 82
5914 68
5915 86
5916 16
5917 100
5918 102
5919 8
5920 8
5921 82
5922 103
5923 883
5924 143
5925 34
5926 137
5927 119
5928 9
5929 37
5930 213
5931 120
5932 114
5933 119
5934 49
5935 3
5936 206
5937 905
5938 38
5939 105
5940 82
5941 39
5942 39
5943 120
5944 87
5945 102
5946 81
5947 8
5948 33
5949 81
5950 994
5951 25
5952 9
5953 75
5954 25
5955 137
5956 8
5957 97
5958 76
5959 44
5960 231
5961 75
5962 3
5963 27
5964 4
5965 100
5966 86
5967 34
5968 8
5969 87
5970 110
5971 13
5972 103
5973 1234
5974 883
5975 8
5976 8
5977 37
5978 33
5979 33
5980 149
5981 58
5982 32
5983 131
5984 76
5985 32
5986 76
5987 87
5988 113
5989 101
5990 27
5991 214
5992 114
5993 76
5994 137
5995 119
5996 86
5997 58
5998 75
5999 75
6000 13
6001 33
6002 49
6003 120
6004 37
6005 37
6006 41
6007 80
6008 27
6009 110
6010 1132
6011 156
6012 41
6013 39
6014 9
6015 31
6016 1235
6017 78
6018 104
6019 102
6020 1236
6021 4
6022 27
6023 31
6024 114
6025 100
6026 75
6027 95
6028 27
6029 114
6030 4
6031 75
6032 202
6033 13
6034 8
6035 86
6036 92
6037 100
6038 34
6039 127
6040 103
6041 51
6042 81
6043 31
6044 1129
6045 100
6046 49
6047 205
6048 972
6049 82
6050 114
6051 113
6052 1124
6053 47
6054 784
6055 55
6056 38
6057 73
6058 118
6059 13
6060 100
6061 218
6062 34
6063 3
6064 113
6065 26
6066 118
6067 143
6068 32
6069 25
6070 13
6071 31
6072 33
6073 105
6074 17
6075 113
6076 212
6077 39
6078 217
6079 87
6080 120
6081 1279
6082 4
6083 87
6084 63
6085 51
6086 8
6087 78
6088 1132
6089 972
6090 47
6091 173
6092 86
6093 113
6094 80
6095 122
6096 95
6097 213
6098 23
6099 8
6100 3
6101 134
6102 16
6103 8
6104 75
6105 173
6106 31
6107 25
6108 33
6109 143
6110 113
6111 87
6112 126
6113 120
6114 113
6115 122
6116 41
6117 55
6118 100
6119 84
6120 36
6121 27
6122 784
6123 15
6124 39
6125 5
6126 218
6127 76
6128 131
6129 757
6130 77
6131 114
6132 51
6133 46
6134 119
6135 8
6136 9
6137 143
6138 139
6139 105
6140 105
6141 87
6142 75
6143 26
6144 82
6145 100
6146 13
6147 73
6148 134
6149 41
6150 27
6151 17
6152 5
6153 73
6154 13
6155 110
6156 75
6157 184
6158 92
6159 3
6160 33
6161 131
6162 24
6163 31
6164 32
6165 1325
6166 23
6167 37
6168 139
6169 206
6170 80
6171 21
6172 36
6173 31
6174 51
6175 110
6176 87
6177 51
6178 55
6179 120
6180 75
6181 143
6182 201
6183 39
6184 113
6185 119
6186 33
6187 13
6188 87
6189 119
6190 52
6191 103
6192 231
6193 119
6194 798
6195 137
6196 37
6197 49
6198 17
6199 213
6200 24
6201 231
6202 114
6203 9
6204 100
6205 97
6206 119
6207 73
6208 105
6209 127
6210 8
6211 76
6212 81
6213 78
6214 100
6215 8
6216 75
6217 13
6218 87
6219 154
6220 32
6221 8
6222 218
6223 114
6224 100
6225 120
6226 76
6227 47
6228 119
6229 47
6230 143
6231 118
6232 13
6233 206
6234 75
6235 81
6236 41
6237 41
6238 25
6239 13
6240 78
6241 23
6242 92
6243 87
6244 17
6245 8
6246 113
6247 114
6248 81
6249 32
6250 75
6251 1325
6252 27
6253 3
6254 120
6255 140
6256 143
6257 100
6258 25
6259 114
6260 4
6261 44
6262 76
6263 73
6264 905
6265 103
6266 78
6267 68
6268 15
6269 798
6270 74
6271 13
6272 13
6273 143
6274 202
6275 8
6276 114
6277 118
6278 25
6279 102
6280 78
6281 103
6282 79
6283 4
6284 82
6285 75
6286 134
6287 13
6288 75
6289 201
6290 41
6291 75
6292 32
6293 44
6294 149
6295 105
6296 34
6297 24
6298 1279
6299 100
6300 4
6301 31
6302 205
6303 8
6304 41
6305 27
6306 120
6307 75
6308 8
6309 4
6310 208
6311 113
6312 206
6313 31
6314 25
6315 146
6316 157
6317 75
6318 36
6319 26
6320 75
6321 39
6322 75
6323 100
6324 34
6325 47
6326 1279
6327 75
6328 47
6329 231
6330 87
6331 3
6332 100
6333 16
6334 131
6335 131
6336 17
6337 34
6338 75
6339 74
6340 100
6341 13
6342 113
6343 120
6344 206
6345 17
6346 78
6347 149
6348 3
6349 49
6350 151
6351 25
6352 61
6353 68
6354 205
6355 36
6356 87
6357 120
6358 113
6359 17
6360 76
6361 8
6362 78
6363 4
6364 4
6365 8
6366 87
6367 4
6368 3
6369 47
6370 110
6371 231
6372 104
6373 131
6374 87
6375 100
6376 34
6377 151
6378 1325
6379 4
6380 41
6381 104
6382 165
6383 8
6384 41
6385 9
6386 173
6387 149
6388 143
6389 149
6390 100
6391 100
6392 122
6393 39
6394 23
6395 13
6396 218
6397 21
6398 86
6399 196
6400 100
6401 1325
6402 75
6403 8
6404 82
6405 31
6406 118
6407 114
6408 61
6409 16
6410 68
6411 13
6412 77
6413 86
6414 206
6415 97
6416 21
6417 33
6418 61
6419 81
6420 84
6421 131
6422 92
6423 146
6424 75
6425 213
6426 9
6427 137
6428 92
6429 76
6430 206
6431 76
6432 972
6433 206
6434 8
6435 118
6436 157
6437 25
6438 119
6439 47
6440 86
6441 68
6442 77
6443 209
6444 82
6445 31
6446 8
6447 231
6448 16
6449 127
6450 165
6451 87
6452 37
6453 76
6454 87
6455 95
6456 13
6457 105
6458 86
6459 4
6460 81
6461 126
6462 213
6463 31
6464 13
6465 114
6466 134
6467 95
6468 88
6469 27
6470 8
6471 79
6472 5
6473 38
6474 13
6475 137
6476 75
6477 100
6478 140
6479 25
6480 149
6481 74
6482 143
6483 103
6484 82
6485 37
6486 784
6487 49
6488 51
6489 100
6490 118
6491 206
6492 21
6493 36
6494 56
6495 38
6496 25
6497 114
6498 46
6499 76
6500 110
6501 15
6502 103
6503 73
6504 87
6505 75
6506 15
6507 49
6508 63
6509 86
6510 213
6511 25
6512 86
6513 154
6514 119
6515 13
6516 49
6517 134
6518 13
6519 92
6520 134
6521 41
6522 134
6523 143
6524 145
6525 100
6526 79
6527 75
6528 37
6529 75
6530 92
6531 34
6532 119
6533 95
6534 897
6535 82
6536 119
6537 134
6538 99
6539 73
6540 86
6541 134
6542 76
6543 114
6544 36
6545 76
6546 28
6547 63
6548 75
6549 49
6550 100
6551 212
6552 92
6553 8
6554 49
6555 25
6556 1239
6557 134
6558 1240
6559 17
6560 154
6561 100
6562 39
6563 27
6564 23
6565 131
6566 196
6567 1279
6568 212
6569 82
6570 1132
6571 100
6572 9
6573 100
6574 206
6575 119
6576 217
6577 8
6578 205
6579 118
6580 208
6581 26
6582 99
6583 68
6584 13
6585 31
6586 31
6587 12
6588 1279
6589 151
6590 37
6591 143
6592 13
6593 21
6594 76
6595 32
6596 23
6597 21
6598 34
6599 38
6600 27
6601 81
6602 143
6603 82
6604 100
6605 95
6606 46
6607 789
6608 88
6609 39
6610 11
6611 131
6612 32
6613 119
6614 92
6615 76
6616 154
6617 41
6618 13
6619 73
6620 25
6621 4
6622 41
6623 34
6624 763
6625 140
6626 11
6627 105
6628 4
6629 92
6630 75
6631 68
6632 52
6633 1279
6634 82
6635 206
6636 13
6637 63
6638 231
6639 149
6640 994
6641 87
6642 76
6643 25
6644 23
6645 100
6646 134
6647 32
6648 972
6649 82
6650 31
6651 5
6652 23
6653 893
6654 23
6655 23
6656 184
6657 47
6658 25
6659 63
6660 13
6661 100
6662 5
6663 81
6664 31
6665 218
6666 114
6667 21
6668 231
6669 784
6670 4
6671 184
