12510 186
12511 37
12512 2469
12513 186
12514 186
12515 153
12516 302
12517 135
12518 54
12519 148
12520 57
12521 153
12522 30
12523 186
12524 63
12525 186
12526 46
12527 20
12528 110
12529 186
12530 51
12531 102
12532 15
12533 3256
12534 140
12535 102
12536 46
12537 112
12538 26
12539 86
12540 167
12541 63
12542 167
12543 46
12544 110
12545 186
12546 186
12547 147
12548 51
12549 186
12550 147
12551 90
12552 185
12553 147
12554 90
12555 147
12556 46
12557 113
12558 30
12559 46
12560 2
12561 63
12562 1994
12563 302
12564 51
12565 20
12566 115
12567 94
12568 3258
12569 131
12570 46
12571 302
12572 186
12573 251
12574 30
12575 57
12576 302
12577 206
12578 30
12579 206
12580 206
12581 148
12582 206
12583 113
12584 54
12585 7
12586 46
12587 147
12588 251
12589 206
12590 209
12591 209
12592 46
12593 302
12594 112
12595 147
12596 102
12597 20
12598 147
12599 206
12600 209
12601 206
12602 251
12603 65
12604 36
12605 63
12606 153
12607 213
12608 2
12609 30
12610 30
12611 3259
12612 302
12613 90
12614 46
12615 57
12616 113
12617 206
12618 43
12619 46
12620 3260
12621 3261
12622 302
12623 213
12624 112
12625 186
12626 206
12627 30
12628 1994
12629 5
12630 302
12631 115
12632 65
12633 1191
12634 185
12635 25
12636 26
12637 206
12638 1994
12639 206
12640 153
12641 20
12642 302
12643 147
12644 51
12645 167
12646 206
12647 213
12648 147
12649 886
12650 90
12651 37
12652 185
12653 3345
12654 186
12655 102
12656 112
12657 3300
12658 130
12659 113
12660 110
12661 113
12662 30
12663 21
12664 25
12665 206
12666 206
12667 879
12668 63
12669 185
12670 20
12671 113
12672 147
12673 206
12674 38
12675 302
12676 213
12677 30
12678 113
12679 186
12680 1988
12681 7
12682 25
12683 213
12684 36
12685 5
12686 1191
12687 206
12688 46
12689 147
12690 30
12691 102
12692 186
12693 51
12694 138
12695 102
12696 3356
12697 147
12698 30
12699 7
12700 46
12701 5
12702 186
12703 63
12704 213
12705 147
12706 42
12707 32
12708 185
12709 147
12710 206
12711 147
12712 206
12713 302
12714 302
12715 2787
12716 302
12717 65
12718 110
12719 186
12720 26
12721 147
12722 31
12723 147
12724 1406
12725 186
12726 65
12727 20
12728 46
12729 1566
12730 185
12731 206
12732 185
12733 147
12734 43
12735 30
12736 94
12737 879
12738 147
12739 186
12740 206
12741 191
12742 65
12743 3302
12744 35
12745 206
12746 65
12747 209
12748 63
12749 147
12750 110
12751 94
12752 302
12753 209
12754 3316
12755 37
12756 147
12757 65
12758 113
12759 209
12760 147
12761 185
12762 185
12763 147
12764 251
12765 46
12766 94
12767 213
12768 191
12769 302
12770 2469
12771 65
12772 113
12773 147
12774 213
12775 302
12776 147
12777 213
12778 213
12779 30
12780 65
12781 102
12782 245
12783 51
12784 2813
12785 46
12786 38
12787 26
12788 186
12789 147
12790 25
12791 3363
12792 31
12793 302
12794 167
12795 113
12796 1157
12797 20
12798 7
12799 25
12800 3358
12801 5
12802 26
12803 5
12804 251
12805 31
12806 302
12807 302
12808 102
12809 209
12810 251
12811 1626
12812 113
12813 5
12814 113
12815 255
12816 51
12817 17
12818 113
12819 20
12820 14
12821 138
12822 206
12823 57
12824 213
12825 113
12826 36
12827 7
12828 115
12829 3262
12830 147
12831 102
12832 57
12833 147
12834 57
12835 35
12836 130
12837 186
12838 35
12839 63
12840 147
12841 57
12842 51
12843 3263
12844 206
12845 46
12846 186
12847 65
12848 30
12849 57
12850 206
12851 57
12852 153
12853 30
12854 30
12855 25
12856 147
12857 186
12858 3352
12859 147
12860 113
12861 251
12862 25
12863 4
12864 113
12865 185
12866 147
12867 302
12868 113
12869 147
12870 65
12871 7
12872 57
12873 57
12874 147
12875 185
12876 65
12877 213
12878 186
12879 147
12880 94
12881 51
12882 140
12883 186
12884 147
12885 51
12886 186
12887 147
12888 251
12889 186
12890 255
12891 3264
12892 7
12893 30
12894 213
12895 25
12896 20
12897 63
12898 86
12899 5
12900 113
12901 30
12902 115
12903 113
12904 46
12905 57
12906 302
12907 185
12908 65
12909 3300
12910 57
12911 186
12912 102
12913 94
12914 130
12915 115
12916 147
12917 147
12918 113
12919 30
12920 147
12921 7
12922 213
12923 7
12924 186
12925 147
12926 46
12927 46
12928 186
12929 3356
12930 110
12931 46
12932 110
12933 46
12934 302
12935 130
12936 213
12937 94
12938 102
12939 886
12940 63
12941 3265
12942 30
12943 1994
12944 186
12945 30
12946 147
12947 7
12948 206
12949 3073
12950 186
12951 302
12952 147
12953 46
12954 90
12955 20
12956 7
12957 7
12958 886
12959 147
12960 147
12961 30
12962 147
12963 3316
12964 130
12965 185
12966 209
12967 209
12968 20
12969 206
12970 213
12971 1994
12972 130
12973 38
12974 30
12975 102
12976 167
12977 153
12978 63
12979 7
12980 65
12981 147
12982 57
12983 30
12984 1191
12985 25
12986 186
12987 1161
12988 209
12989 148
12990 1
12991 302
12992 255
12993 1994
12994 3266
12995 302
12996 30
12997 3352
12998 10
12999 147
13000 30
13001 113
13002 147
13003 30
13004 147
13005 2226
13006 113
13007 2818
13008 147
13009 110
13010 186
13011 37
13012 206
13013 26
13014 147
13015 35
13016 186
13017 57
13018 26
13019 886
13020 213
13021 5
13022 30
13023 2495
13024 30
13025 186
13026 65
13027 147
13028 185
13029 30
13030 63
13031 20
13032 302
13033 1994
13034 186
13035 213
13036 51
13037 3268
13038 148
13039 186
13040 886
13041 110
13042 57
13043 94
13044 90
13045 130
13046 186
13047 130
13048 12
13049 46
13050 94
13051 7
13052 113
13053 209
13054 206
13055 57
13056 147
13057 251
13058 147
13059 63
13060 1566
13061 65
13062 3269
13063 147
13064 14
13065 3345
13066 55
13067 20
13068 115
13069 186
13070 251
13071 186
13072 302
13073 30
13074 113
13075 1994
13076 302
13077 113
13078 153
13079 65
13080 94
13081 113
13082 115
13083 2813
13084 2770
13085 57
13086 147
13087 113
13088 213
13089 1191
13090 3270
13091 147
13092 1191
13093 7
13094 943
13095 1380
13096 25
13097 2469
13098 86
13099 148
13100 25
13101 209
13102 147
13103 209
13104 57
13105 147
13106 20
13107 167
13108 186
13109 886
13110 302
13111 206
13112 206
13113 20
13114 147
13115 7
13116 2732
13117 14
13118 110
13119 51
13120 65
13121 167
13122 140
13123 185
13124 130
13125 51
13126 206
13127 57
13128 185
13129 206
13130 12
13131 113
13132 186
13133 46
13134 113
13135 30
13136 185
13137 57
13138 209
13139 94
13140 186
13141 63
13142 26
13143 20
13144 10
13145 17
13146 7
13147 51
13148 46
13149 7
13150 186
13151 94
13152 255
13153 51
13154 206
13155 185
13156 147
13157 94
13158 113
13159 147
13160 213
13161 206
13162 186
13163 302
13164 206
13165 206
13166 30
13167 3271
13168 20
13169 1775
13170 113
13171 65
13172 213
13173 148
13174 30
13175 147
13176 186
13177 37
13178 65
13179 1191
13180 7
13181 186
13182 65
13183 63
13184 37
13185 167
13186 57
13187 113
13188 32
13189 51
13190 5
13191 147
13192 113
13193 30
13194 135
13195 43
13196 1994
13197 206
13198 63
13199 37
13200 46
13201 4
13202 30
13203 3298
13204 26
13205 186
13206 186
13207 7
13208 57
13209 57
13210 147
13211 1994
13212 1994
13213 209
13214 185
13215 30
13216 65
13217 857
13218 209
13219 1191
13220 5
13221 113
13222 147
13223 302
13224 186
13225 879
13226 206
13227 102
13228 63
13229 148
13230 186
13231 2
13232 186
13233 113
13234 185
13235 55
13236 2809
13237 186
13238 147
13239 186
13240 90
13241 63
13242 25
13243 185
13244 209
13245 1997
13246 186
13247 19
13248 32
13249 63
13250 147
13251 94
13252 213
13253 20
13254 2732
13255 7
13256 131
13257 30
13258 51
13259 30
13260 14
13261 147
13262 147
13263 30
13264 147
13265 20
13266 186
13267 186
13268 147
13269 25
13270 186
13271 26
13272 51
13273 3299
13274 2776
13275 51
13276 209
13277 57
13278 1191
13279 886
13280 51
13281 251
13282 3273
13283 57
13284 4
13285 1191
13286 186
13287 94
13288 186
13289 3274
13290 113
13291 3275
13292 186
13293 206
13294 1157
13295 112
13296 14
13297 7
13298 255
13299 112
13300 113
13301 213
13302 51
13303 3276
13304 65
13305 147
13306 130
13307 115
13308 130
13309 65
13310 63
13311 113
13312 30
13313 213
13314 185
13315 36
13316 3277
13317 65
13318 147
13319 879
13320 57
13321 30
13322 186
13323 147
13324 1994
13325 30
13326 113
13327 1996
13328 37
13329 113
13330 3363
13331 30
13332 185
13333 3371
13334 115
13335 25
13336 25
13337 18
13338 94
13339 302
13340 102
13341 186
13342 147
13343 185
13344 186
13345 65
13346 213
13347 51
13348 46
13349 36
13350 1191
13351 110
13352 302
13353 886
13354 879
13355 20
13356 3278
13357 38
13358 12
13359 147
13360 7
13361 186
13362 206
13363 55
13364 38
13365 186
13366 51
13367 302
13368 37
13369 147
13370 12
13371 206
13372 3041
13373 3279
13374 209
13375 21
13376 130
13377 30
13378 25
13379 90
13380 51
13381 36
13382 213
13383 2226
13384 186
13385 3050
13386 63
13387 1
13388 94
13389 186
13390 113
13391 1
13392 135
13393 147
13394 51
13395 90
13396 148
13397 57
13398 1566
13399 113
13400 148
13401 206
13402 63
13403 57
13404 7
13405 94
13406 167
13407 148
13408 147
13409 185
13410 57
13411 147
13412 138
13413 63
13414 206
13415 206
13416 186
13417 86
13418 886
13419 1191
13420 130
13421 30
13422 37
13423 113
13424 51
13425 186
13426 130
13427 102
13428 3300
13429 186
13430 90
13431 94
13432 19
13433 46
13434 113
13435 30
13436 186
13437 185
13438 26
13439 209
13440 20
13441 1157
13442 5
13443 130
13444 186
13445 186
13446 153
13447 186
13448 30
13449 148
13450 147
13451 37
13452 19
13453 147
13454 185
13455 102
13456 206
13457 30
13458 30
13459 57
13460 65
13461 25
13462 209
13463 206
13464 186
13465 57
13466 209
13467 46
13468 113
13469 302
13470 25
13471 30
13472 26
13473 57
13474 30
13475 37
13476 14
13477 63
13478 30
13479 302
13480 1566
13481 55
13482 3352
13483 57
13484 2017
13485 46
13486 169
13487 63
13488 30
13489 130
13490 206
13491 30
13492 86
13493 251
13494 153
13495 46
13496 63
13497 25
13498 63
13499 30
13500 94
13501 209
13502 65
13503 130
13504 113
13505 206
13506 7
13507 186
13508 18
13509 57
13510 26
13511 63
13512 185
13513 213
13514 115
13515 302
13516 147
13517 1191
13518 130
13519 153
13520 2783
13521 302
13522 213
13523 1157
13524 886
13525 30
13526 2
13527 147
13528 147
13529 65
13530 113
13531 135
13532 94
13533 15
13534 1157
13535 113
13536 57
13537 185
13538 206
13539 186
13540 147
13541 255
13542 209
13543 46
13544 115
13545 46
13546 5
13547 186
13548 186
13549 186
13550 113
13551 12
13552 130
13553 206
13554 26
13555 206
13556 186
13557 113
13558 147
13559 3299
13560 185
13561 302
13562 147
13563 3298
13564 65
13565 147
13566 140
13567 3280
13568 65
13569 90
13570 3281
13571 46
13572 94
13573 1161
13574 209
13575 3282
13576 186
13577 213
13578 130
13579 186
13580 113
13581 209
13582 1191
13583 147
13584 7
13585 147
13586 90
13587 94
13588 37
13589 30
13590 113
13591 130
13592 140
13593 65
13594 112
13595 30
13596 112
13597 57
13598 3371
13599 42
13600 140
13601 186
13602 20
13603 63
13604 147
13605 113
13606 302
13607 186
13608 102
13609 19
13610 46
13611 115
13612 186
13613 185
13614 51
13615 110
13616 1
13617 57
13618 20
13619 1
13620 3371
13621 167
13622 302
13623 879
13624 94
13625 110
13626 46
13627 209
13628 213
13629 185
13630 186
13631 110
13632 30
13633 19
13634 186
13635 213
13636 51
13637 63
13638 130
13639 186
13640 5
13641 51
13642 35
13643 147
13644 1994
13645 20
13646 65
13647 112
13648 3302
13649 186
13650 86
13651 213
13652 113
13653 302
13654 110
13655 2813
13656 51
13657 30
13658 147
13659 37
13660 3283
13661 148
13662 206
13663 46
13664 30
13665 51
13666 51
13667 110
13668 3284
13669 57
13670 206
13671 57
13672 35
13673 186
13674 167
13675 3285
13676 46
13677 186
13678 135
13679 185
13680 3286
13681 26
13682 213
13683 57
13684 20
13685 147
13686 302
13687 186
13688 147
13689 209
13690 302
13691 3287
13692 30
13693 51
13694 3288
13695 153
13696 3289
13697 30
13698 886
13699 37
13700 147
13701 213
13702 148
13703 186
13704 302
13705 94
13706 35
13707 112
13708 251
13709 113
13710 1
13711 147
13712 51
13713 2218
13714 46
13715 46
13716 206
13717 51
13718 3352
13719 1
13720 63
13721 185
13722 30
13723 113
13724 3290
13725 25
13726 46
13727 3358
13728 302
13729 65
13730 302
13731 186
13732 2226
13733 63
13734 102
13735 185
13736 185
13737 147
13738 140
13739 30
13740 206
13741 3291
13742 147
13743 63
13744 167
13745 302
13746 206
13747 46
13748 264
13749 3293
13750 113
13751 20
13752 51
13753 51
13754 65
13755 30
13756 886
13757 147
13758 185
13759 302
13760 102
