2346 720
5502 889
8199 892
1778 891
1365 696
430 892
8074 720
5492 891
1062 892
8444 891
6739 720
5093 891
6572 892
3829 891
6989 33
4987 0
8044 891
10005 889
2665 891
3312 891
4932 720
571 892
7032 891
8823 696
4002 0
5286 891
310 891
11081 889
1529 889
6120 696
6889 889
2390 889
10139 720
2309 889
546 891
1023 889
7940 720
2258 891
9865 889
9946 9
5794 0
9779 892
3825 0
861 720
9139 720
4609 888
6185 899
9016 1043
2557 897
1940 898
4673 891
9905 891
2838 720
5933 899
7509 720
3983 720
7415 720
802 0
10477 888
2166 720
3246 897
529 899
1949 892
1805 891
4456 0
9457 0
5596 0
7729 0
4440 696
5893 891
2883 0
9056 891
8472 888
10566 891
8009 888
10992 720
7966 0
3265 891
10476 1044
9365 720
5245 720
11 888
4564 0
9745 720
3972 889
9995 1045
7247 891
2785 720
1029 888
4503 696
5096 33
516 720
1837 891
898 720
763 0
9184 720
4262 889
7669 891
3076 891
1709 889
2733 720
5396 891
8204 696
3366 696
3348 720
6514 720
5899 891
8451 889
4268 696
1354 720
6912 891
1569 720
11054 696
8482 720
4499 720
8613 720
8007 897
4731 889
3494 888
5303 889
1240 696
648 903
8746 889
7748 720
1692 682
7459 33
522 889
9222 0
2732 891
4232 720
4799 891
8509 889
6549 891
9991 696
7778 696
292 891
603 891
7536 888
2840 891
9593 0
4743 891
6956 696
1731 0
3025 720
8928 720
1735 696
4766 892
5213 891
9997 891
681 0
7552 897
9293 0
8724 720
9469 0
9203 891
5237 888
9368 0
1794 720
5850 898
9851 0
8287 720
3541 0
6344 0
9672 891
3928 0
10993 891
9623 696
10662 889
8975 0
4551 696
5927 720
10 892
7865 891
3051 720
10974 720
6422 889
8853 720
2265 696
10206 891
9412 891
10122 891
3557 0
10665 892
2656 696
10761 898
4702 720
2006 891
3404 0
1504 720
3092 696
6036 889
9308 891
6233 0
2428 889
7983 696
9759 889
9211 898
9837 0
9425 897
6735 889
7122 897
454 889
2575 892
7737 889
790 720
5272 696
8850 891
80 891
1010 891
7618 0
9782 683
6614 889
5338 696
9978 0
8582 696
193 903
1089 0
3613 0
10292 891
5400 888
3881 0
6318 696
5767 720
8317 720
95 903
10257 891
10709 892
4291 891
6740 899
54 891
7978 891
8914 891
7422 720
776 903
3080 0
1795 892
1006 891
3422 891
5495 696
1204 889
6920 889
7212 0
1667 720
6197 891
3467 720
7381 891
5168 891
4451 891
2969 898
3302 891
7144 0
10516 682
6169 0
4846 888
3756 891
9196 0
249 903
909 1046
5601 30
9401 891
432 0
4534 1047
10308 1048
2743 888
9897 0
3130 891
10353 0
8123 889
951 903
4118 889
6242 889
7109 889
6687 889
9886 696
3408 0
5504 696
6972 891
9875 720
7739 891
7407 897
6575 897
2601 898
656 903
7314 696
8870 720
2469 0
8539 898
2357 889
1107 889
843 889
9859 897
2095 891
6554 891
2149 888
6999 891
4936 891
2219 898
7346 696
5508 891
1502 696
4006 0
7244 892
355 891
1970 892
6532 720
4066 0
3222 891
7029 889
9575 0
10084 891
5902 0
9498 889
5825 696
9882 696
7489 891
5904 696
1392 720
478 0
4767 889
942 0
9619 889
5248 675
4445 33
3901 892
2861 889
3833 696
5765 0
859 889
8964 720
2740 891
9357 891
9833 696
524 0
9918 891
10485 889
3245 891
5167 720
816 891
11052 888
9113 891
9236 696
9005 889
975 891
8756 0
6762 892
6635 0
887 903
10972 696
10231 0
10363 889
5530 720
7595 897
553 903
9662 0
4704 0
1486 720
2940 891
10195 888
2221 679
4637 889
10378 892
7964 891
3056 891
5928 892
9458 696
2728 720
4387 891
5304 891
8704 679
3143 889
10271 891
6206 899
6487 891
2062 720
4185 888
11098 696
6863 891
8557 0
4109 898
8143 0
2037 891
6613 720
7412 720
4021 0
8627 0
7386 889
3174 684
3420 891
711 903
1454 0
5655 889
6969 696
8458 888
3652 0
5208 720
105 903
1195 720
8675 891
7441 696
7316 33
5041 892
4218 891
56 720
3530 889
5203 892
10468 888
9054 891
4137 696
10659 720
858 676
8585 889
4167 891
10270 889
9950 888
2489 891
5884 892
4774 891
6438 720
1060 889
1282 675
6193 720
5622 0
964 903
1230 891
4754 16
4742 888
10338 0
6941 696
7813 891
2586 696
3623 0
8460 0
6428 889
5618 888
9132 0
595 903
9489 696
1926 891
3951 891
4695 889
1869 0
523 903
6349 891
7311 696
3116 891
3067 696
481 903
963 889
1744 891
5257 888
7943 720
1764 891
7469 891
3851 889
1465 33
427 903
6783 889
7945 891
6414 0
9990 0
6530 889
4412 696
3212 720
6228 720
7887 0
10063 0
10390 891
5103 889
1757 696
8791 684
491 889
2420 0
9812 33
10462 889
2731 891
9591 0
6493 696
7722 889
4223 891
8280 891
9668 889
4592 720
4319 720
9072 720
6355 696
6944 892
1507 720
46 891
619 891
408 720
3628 33
6552 889
6536 720
8759 891
10939 720
429 1049
4486 892
2640 891
7777 891
216 903
3183 889
8478 0
6189 720
8652 891
4925 898
6807 889
9304 892
1721 720
902 903
2596 891
4568 892
9383 0
3814 0
8273 897
14 903
8602 897
9024 0
4311 0
8504 720
47 889
9393 888
9465 720
2215 0
8198 720
736 0
5934 891
4595 889
4482 889
10800 888
4994 680
165 892
3363 0
5643 891
10789 898
5821 720
9943 889
417 903
2512 889
308 888
4438 0
4161 0
3968 889
512 903
10579 1050
7079 888
10674 720
4079 891
2453 720
9708 0
893 891
6172 696
3251 720
151 899
947 891
358 889
5287 0
5995 897
1442 720
8574 0
2183 0
818 889
9011 889
10369 720
3963 0
332 891
4618 720
7549 888
4937 720
6507 891
10897 720
3561 891
9058 696
3506 891
10350 891
4476 28
3578 898
5365 0
8699 891
1424 891
671 903
4617 0
10776 892
482 903
7058 720
4112 0
2558 891
5009 696
4302 889
4567 892
904 903
4898 0
939 0
8446 720
2100 891
4870 898
3111 897
10235 889
2043 0
901 891
5359 696
3003 889
10696 33
9661 696
5837 892
8144 898
2900 0
2090 889
5109 891
8053 892
5451 696
9372 1051
2698 720
1129 0
248 903
111 889
4174 891
4061 889
504 0
5259 888
6134 720
8170 891
1358 898
8379 720
1289 0
59 903
9399 0
5645 720
10950 899
130 898
5952 892
5115 889
957 903
5157 889
538 891
6002 891
372 891
4326 0
4363 0
9727 0
2275 891
11076 891
8258 889
2282 0
6544 696
9580 898
5488 889
2633 891
7392 696
1141 0
1040 891
3142 720
6629 889
1284 1052
4895 889
6433 0
8272 889
5372 891
10097 891
5387 891
9768 696
10863 0
4249 720
7221 720
8320 720
295 720
1840 891
5049 720
7045 888
6857 898
9080 696
3798 0
6519 889
1131 891
8498 889
237 0
228 891
7275 888
6516 891
5549 720
8603 696
10874 891
974 676
10655 720
3499 888
9810 891
8852 720
2655 891
7001 696
6046 891
3856 891
6430 0
2041 1053
313 1054
5634 903
5250 1055
4341 1056
