7530 1063
9505 1063
5692 1220
3695 622
2015 1220
1361 1044
4985 1063
9658 1223
8473 1063
9799 622
7427 1219
7291 1220
4804 1286
5947 1063
7718 1223
8639 1295
851 622
938 1220
1438 1293
9847 1296
7365 622
2344 1220
6976 1297
6099 1063
3172 1298
1876 1293
5777 1044
5648 622
6369 1296
6361 1299
11077 1286
4413 1062
52 1220
4643 1044
5025 622
7391 1219
5713 1297
5896 1219
8873 1286
2349 1293
8142 1300
7752 1219
6446 1063
4705 1301
9957 1063
6092 1044
3376 1220
4899 1219
3543 1044
731 1044
5848 1044
3924 1044
7971 1223
6221 1223
10449 1301
1897 1293
7543 1063
5797 1293
7653 1286
8364 1295
2907 1296
8417 1063
2106 1054
4107 1303
10758 1286
6013 1293
5790 1293
4781 1286
3812 1293
3815 1293
6780 1220
236 1286
6303 1219
5915 1044
208 1301
3684 1301
9114 622
2441 1295
5859 1219
533 1286
3375 622
9612 1301
4560 1063
1360 1044
3194 1303
3479 1044
4672 1301
6434 1219
9842 1219
5277 1298
7571 1063
6275 1219
8111 1063
8191 1044
2903 1286
7107 1219
4619 1063
6790 1220
3197 1296
6016 1387
4299 622
1538 622
8953 1044
3380 1044
8067 1220
4070 1301
8278 1223
1202 1301
5192 1293
6403 1223
7535 1063
8663 1301
10557 1223
174 1044
6880 1063
11082 1063
2126 1044
635 1286
10266 1063
5996 1044
3846 1044
10443 1296
10922 809
7600 1286
3734 1293
6577 1063
1018 1300
6760 1219
7607 622
8265 1223
1813 1044
8753 1297
10684 1295
6418 1300
2286 1296
6470 1219
6509 1044
5092 1044
8043 1300
8350 1220
4000 1295
2467 1293
9455 1219
6135 1063
503 1044
5726 1223
10478 1223
10605 1044
8572 1300
1415 1293
2875 1044
8897 622
4265 1286
5334 1044
5941 1293
3045 622
9540 1063
1556 1293
5956 1063
10744 1044
8126 1063
10345 1063
7195 1219
8695 1223
7896 1054
10309 622
5202 1044
4599 1063
2701 1286
3755 1286
3830 1044
5187 1298
3667 1297
3223 1293
5737 1063
6190 622
2683 1303
2207 1286
6632 1044
5058 620
1745 1293
4423 1293
8336 1063
1635 1044
4676 1286
7488 1220
3870 1293
8946 1219
9149 1063
5435 1301
11034 1220
5523 1219
5836 622
10209 1044
8586 1223
2966 1044
2971 1301
10372 1044
4498 1293
5363 1044
7000 1286
2965 1044
540 1220
3919 1303
6561 1298
179 1044
10278 1063
1244 1044
4796 1293
6393 1293
3894 1293
6227 1296
6383 1063
8856 1044
5098 1296
10010 1044
783 1286
2797 1293
4375 1044
6321 1293
7002 1223
3641 1286
4466 1296
7072 1063
7210 1300
643 1296
8716 1301
7962 1063
4169 1296
6423 1301
1816 1044
10311 1303
7592 1220
5751 1293
10717 1044
4816 1044
8872 1219
2356 1044
10809 1295
764 1298
5877 1063
9189 1063
9127 1298
1490 1286
3867 1044
8323 1063
9719 1220
11069 1300
7339 1286
4097 1293
10423 1063
1319 1220
6408 1300
5344 1293
6365 1063
4750 1044
2632 1044
3549 1293
5968 1063
6245 1063
8019 809
8541 1044
2333 1044
4807 1293
10763 1063
9495 1286
8332 1223
5646 1219
5586 1220
3813 1044
3273 1293
10553 1044
1849 1296
1386 1295
7899 1286
1977 1286
7879 1300
2058 1296
3436 1286
8048 1044
6903 1219
5919 1063
8621 622
5635 1296
10741 1300
10891 1044
6103 1063
739 1044
11013 1044
10082 1303
5305 1223
1846 1044
9513 1223
3082 1298
8842 1063
7554 1223
3598 1293
6052 1303
8893 1301
9019 1286
10697 1301
7770 1223
4885 1296
5406 1219
8481 1388
10931 1220
7744 1063
9103 1300
10118 1286
6183 1293
3761 1293
3649 1293
5898 1293
6513 1286
4334 1296
4496 1044
7708 1295
7010 1063
2763 1220
5323 1303
8600 1044
2976 1301
7548 1063
6684 1044
10074 1223
8338 1044
7967 1286
3944 1286
5397 1301
5348 1223
5802 1063
4934 1219
374 1220
1260 1301
7995 1044
486 1044
5140 1301
541 1301
9510 1223
5242 1299
9671 1286
8968 622
9167 1044
9467 1063
5966 1044
5216 1286
9448 1298
7009 1293
5291 1063
5691 1063
9146 622
69 1300
7928 622
2876 1286
10738 1044
7402 1044
7910 1223
309 1220
11100 622
2752 1293
1402 1389
7066 1063
5048 1063
435 1295
3326 622
9061 1223
4394 1297
233 622
8616 1223
9464 1063
5920 1219
10907 1063
9477 1223
7121 1286
2140 1061
6215 1063
2781 1044
5211 1223
9320 1223
6034 1063
6553 1223
3151 1220
990 1044
6315 1301
5976 1063
5755 1301
5439 1293
11088 1220
3899 1044
10926 1220
8165 1286
8792 1390
6952 1220
3880 1220
1687 1044
6744 1044
7268 1286
6901 1044
7890 1219
6908 1293
7033 1044
2741 1044
6774 1044
809 1293
8931 1220
6675 1220
7248 1219
1993 1044
5206 1286
5220 1223
9527 1223
935 1044
3519 1220
261 1220
9892 1308
10394 1286
433 1044
9724 1298
9515 1063
6472 622
1739 1220
96 1054
5676 1063
9735 1223
8591 1063
5598 1219
3842 1044
10531 1063
5144 1219
830 622
7289 1223
7205 1223
9423 1219
4449 1044
3671 1044
3610 1391
630 1044
7219 1301
3061 1286
5004 1219
6859 1286
5370 1044
5942 1293
4030 1303
2834 1044
10197 1286
4304 1044
4867 1223
307 1298
8205 1298
3659 1044
8845 1044
9338 1044
7343 1301
7111 1063
3676 1293
5091 1220
930 1301
4082 1293
8847 1392
7680 1287
4457 1286
9542 1286
4539 1301
7352 1220
7695 1044
3634 1286
3182 1293
499 1293
10687 1220
5341 1063
8712 1286
3864 1293
7060 1293
5367 1223
1672 622
8995 1299
7382 1219
5459 1219
3164 1293
58 622
9519 622
5234 1044
683 1293
3990 1293
8614 1220
4569 1301
4098 1293
8974 1044
9160 1044
7108 1301
2088 1044
3723 1293
1066 1295
9774 1044
5306 1219
5550 1301
4106 1296
9257 1220
9714 1044
8861 1296
4238 622
2919 1303
8362 1296
3637 1286
42 1293
2892 1293
4083 1286
8234 1286
6977 1044
6292 1223
7852 1303
10359 1044
8255 1296
4801 1303
9960 1223
10077 1301
6090 1220
3448 1293
8073 1301
7456 1223
10676 1044
5079 1286
3325 1220
8707 622
1848 1293
9254 1301
3071 1286
3700 1296
3154 1220
6820 1044
7417 1300
3822 1044
7623 1223
5716 1063
4274 1220
10942 1220
11064 1286
1499 1303
6709 1063
7909 1044
684 1220
6210 1223
9250 1044
10227 1223
9459 1044
3077 1293
5447 1293
7253 1063
6124 1293
6086 1223
5399 1393
8359 1223
6328 1220
9429 1220
4658 1219
8622 1223
6308 1223
3331 1044
7347 1219
2946 1303
11045 1223
2837 1293
10119 1219
7389 1223
5178 1044
10421 1044
6657 1296
10517 1286
1002 1301
10704 1223
5199 1063
5801 1223
6440 1044
3631 1286
7709 1286
6562 1293
5094 1293
6068 1223
892 1044
4973 1286
8804 1298
4661 1044
6229 1296
5357 1223
2456 1297
4729 1063
2959 1061
4881 1219
5288 1044
6219 1286
2232 1044
11060 1223
2926 1286
10103 1044
9347 1044
1637 1044
1670 1301
3157 1044
9976 1219
6352 1300
3555 1293
6035 1044
8495 1063
8588 1044
9927 1219
6947 1219
8956 1295
1164 1286
5715 1299
10500 1295
9877 1286
2818 1044
3934 622
8775 1044
5788 1220
8916 1063
8506 1296
4028 1296
8729 1298
10885 1223
6125 622
7522 1219
5574 1303
7747 1301
5037 1223
5456 1308
8503 1044
1428 1044
9336 1044
1022 1298
9302 1219
755 1044
3150 1044
7351 1220
1658 1293
6077 1293
6830 1063
3933 1296
5991 1286
9434 1303
7227 1220
10590 1286
6674 1298
5368 1293
5518 1063
10141 1286
6925 1044
2071 622
4180 1220
5641 1303
4044 1044
6987 1293
10124 1044
11083 1219
4912 1223
9524 1063
9225 1063
9643 1063
552 1044
6884 622
10078 1223
5743 1044
11002 1223
3784 1293
6053 1220
2032 1296
5121 1286
7636 1063
10486 1063
3553 622
8766 1220
9596 1296
317 1044
1090 1296
7988 1223
6398 1044
3697 1286
10373 1223
6867 1296
10341 1220
4735 1044
6616 1286
6609 1293
11099 1063
6106 1313
699 1394
2980 1315
1256 1313
1541 1315
10798 1395
6644 1317
7976 1317
7453 1293
6346 1396
5426 1313
