7588 188
7589 3
7590 4
7591 77
7592 188
7593 204
7594 62
7595 188
7596 53
7597 0
7598 5
7599 188
7600 272
7601 77
7602 1080
7603 77
7604 188
7605 188
7606 188
7607 204
7608 188
7609 295
7610 1080
7611 100
7612 3
7613 26
7614 172
7615 1170
7616 188
7617 172
7618 210
7619 188
7620 188
7621 77
7622 103
7623 103
7624 188
7625 188
7626 100
7627 188
7628 62
7629 7
7630 172
7631 188
7632 130
7633 53
7634 1172
7635 243
7636 188
7637 495
7638 103
7639 77
7640 103
7641 142
7642 62
7643 103
7644 30
7645 495
7646 1175
7647 172
7648 62
7649 62
7650 82
7651 188
7652 210
7653 5
7654 53
7655 30
7656 188
7657 188
7658 204
7659 7
7660 77
7661 188
7662 130
7663 188
7664 70
7665 140
7666 30
7667 188
7668 210
7669 188
7670 53
7671 3
7672 103
7673 103
7674 104
7675 103
7676 62
7677 20
7678 62
7679 30
7680 62
7681 210
7682 210
7683 100
7684 210
7685 7
7686 210
7687 77
7688 1
7689 188
7690 138
7691 53
7692 65
7693 188
7694 130
7695 62
7696 188
7697 188
7698 188
7699 222
7700 140
7701 77
7702 188
7703 210
7704 188
7705 170
7706 188
7707 188
7708 188
7709 5
7710 188
7711 188
7712 5
7713 170
7714 170
7715 77
7716 3
7717 170
7718 77
7719 103
7720 188
7721 204
7722 1176
7723 1
7724 170
7725 170
7726 170
7727 272
7728 172
7729 170
7730 170
7731 170
7732 170
7733 170
7734 170
7735 170
7736 103
7737 170
7738 170
7739 82
7740 188
7741 170
7742 77
7743 86
7744 1080
7745 170
7746 188
7747 5
7748 5
7749 1177
7750 103
7751 130
7752 62
7753 170
7754 786
7755 188
7756 140
7757 142
7758 11
7759 188
7760 170
7761 91
7762 188
7763 7
7764 172
7765 7
7766 188
7767 170
7768 188
7769 1
7770 7
7771 172
7772 1
7773 786
7774 7
7775 65
7776 77
7777 170
7778 188
7779 100
7780 188
7781 188
7782 786
7783 188
7784 3
7785 82
7786 62
7787 1163
7788 1
7789 77
7790 54
7791 1167
7792 1
7793 1179
7794 210
7795 170
7796 170
7797 188
7798 91
7799 222
7800 1
7801 62
7802 140
7803 1178
7804 188
7805 170
7806 5
7807 188
7808 188
7809 188
7810 188
7811 188
7812 605
7813 210
7814 170
7815 170
7816 1
7817 77
7818 77
7819 1103
7820 5
7821 77
7822 130
7823 1180
7824 103
7825 1174
7826 52
7827 188
7828 103
7829 12
7830 1182
7831 170
7832 188
7833 188
7834 62
7835 210
7836 7
7837 605
7838 188
7839 605
7840 7
7841 100
7842 170
7843 170
7844 1183
7845 30
7846 222
7847 272
7848 8
7849 172
7850 77
7851 31
7852 272
7853 62
7854 1
7855 188
7856 272
7857 170
7858 5
7859 20
7860 77
7861 1
7862 12
7863 188
7864 1184
7865 77
7866 188
7867 170
7868 8
7869 188
7870 31
7871 188
7872 170
7873 170
7874 170
7875 188
7876 879
7877 1
7878 5
7879 188
7880 170
7881 140
7882 170
7883 170
7884 5
7885 879
7886 170
7887 188
7888 170
7889 170
7890 170
7891 3
7892 170
7893 188
7894 188
7895 170
7896 77
7897 188
7898 77
7899 1
7900 181
7901 170
7902 188
7903 879
7904 170
7905 170
7906 8
7907 77
7908 272
7909 210
7910 170
7911 680
7912 1
7913 1
7914 170
7915 188
7916 170
7917 170
7918 170
7919 170
7920 170
7921 170
7922 1
7923 170
7924 170
7925 879
7926 130
7927 170
7928 188
7929 170
7930 210
7931 1185
7932 210
7933 879
7934 170
7935 170
7936 100
7937 7
7938 210
7939 84
7940 181
7941 170
7942 170
7943 188
7944 100
7945 170
7946 30
7947 1
7948 1
7949 210
7950 8
7951 1
7952 272
7953 31
7954 1
7955 1
7956 188
7957 1
7958 1
7959 1
7960 1
7961 241
7962 1
7963 210
7964 210
7965 879
7966 1
7967 1
7968 100
7969 1
7970 1
7971 1
7972 188
7973 1
7974 210
7975 1
7976 1
7977 210
7978 1
7979 188
7980 8
7981 605
7982 5
7983 170
7984 1
7985 210
7986 5
7987 1
7988 172
7989 1
7990 1
7991 170
7992 1
7993 1
7994 100
7995 170
7996 12
7997 1
7998 1186
7999 1
8000 62
8001 1
8002 188
8003 1
8004 1
8005 1
8006 170
8007 1
8008 1
8009 7
8010 1
8011 100
8012 170
8013 130
8014 170
8015 62
8016 100
8017 188
8018 170
8019 7
8020 170
8021 663
8022 170
8023 188
8024 170
8025 170
8026 7
8027 20
8028 100
8029 210
8030 882
8031 882
8032 127
8033 884
8034 272
8035 884
8036 786
8037 882
8038 1085
8039 1181
8040 155
8041 882
8042 882
8043 882
8044 885
8045 1187
8046 127
8047 146
8048 170
8049 12
8050 882
8051 110
8052 882
8053 262
8054 886
8055 886
8056 882
8057 882
8058 241
8059 146
8060 146
8061 55
8062 102
8063 891
8064 48
8065 146
8066 886
8067 889
8068 11
8069 884
8070 886
8071 12
8072 12
8073 272
8074 1169
8075 31
8076 889
8077 1134
8078 890
8079 891
8080 262
8081 886
8082 55
8083 1084
8084 127
8085 882
8086 127
8087 127
8088 106
8089 893
8090 12
8091 146
8092 89
8093 89
8094 12
8095 12
8096 12
8097 12
8098 12
8099 12
8100 12
8101 12
8102 12
8103 12
8104 12
8105 214
8106 214
8107 12
8108 214
8109 12
8110 127
8111 889
8112 12
8113 12
8114 214
8115 12
8116 12
8117 884
8118 12
8119 12
8120 12
8121 12
8122 12
8123 12
8124 12
8125 214
8126 12
8127 12
8128 12
8129 12
8130 12
8131 214
8132 12
8133 12
8134 214
8135 12
8136 12
8137 127
8138 214
8139 12
8140 12
8141 102
8142 214
8143 12
8144 214
8145 214
8146 12
8147 12
8148 214
8149 214
8150 214
8151 12
8152 214
8153 214
8154 214
8155 214
8156 12
8157 12
8158 12
8159 214
8160 214
8161 214
8162 12
8163 214
8164 12
8165 12
8166 12
8167 214
8168 214
8169 214
8170 214
8171 12
8172 214
8173 214
8174 12
8175 12
8176 882
8177 214
8178 262
8179 214
8180 12
8181 214
8182 12
8183 12
8184 12
8185 12
8186 12
8187 214
8188 12
8189 214
8190 12
8191 214
8192 214
8193 214
8194 214
8195 12
8196 12
8197 214
8198 262
8199 214
8200 12
8201 12
8202 14
8203 12
8204 12
8205 12
8206 214
8207 12
8208 12
8209 214
8210 12
8211 12
8212 884
8213 214
8214 214
8215 907
8216 12
8217 12
8218 214
8219 214
8220 214
8221 214
8222 12
8223 12
8224 214
8225 12
8226 12
8227 12
8228 12
8229 214
8230 214
8231 214
8232 214
8233 12
8234 214
8235 214
8236 214
8237 12
8238 12
8239 214
8240 12
8241 214
8242 12
8243 214
8244 884
8245 12
8246 12
8247 214
8248 12
8249 214
8250 214
8251 12
8252 214
8253 884
8254 884
8255 12
8256 12
8257 214
8258 14
8259 214
8260 214
8261 214
8262 214
8263 12
8264 12
8265 12
8266 12
8267 12
8268 214
8269 12
8270 12
8271 214
8272 214
8273 1191
8274 214
8275 214
8276 214
8277 214
8278 214
8279 12
8280 12
8281 12
8282 12
8283 214
8284 76
8285 214
8286 12
8287 12
8288 214
8289 12
8290 214
8291 214
8292 12
8293 214
8294 12
8295 12
8296 214
8297 12
8298 12
8299 214
8300 896
8301 214
8302 214
8303 12
8304 12
8305 214
8306 12
8307 12
8308 12
8309 214
8310 12
8311 214
8312 12
8313 12
8314 12
8315 214
8316 262
8317 214
8318 214
8319 214
8320 12
8321 12
8322 214
8323 214
8324 12
8325 12
8326 884
8327 214
8328 12
8329 12
8330 882
8331 12
8332 214
8333 907
8334 12
8335 12
8336 214
8337 214
8338 56
8339 214
8340 12
8341 12
8342 214
8343 214
8344 214
8345 12
8346 6
8347 214
8348 214
8349 214
8350 214
8351 882
8352 12
8353 12
8354 12
8355 214
8356 214
8357 214
8358 146
8359 214
8360 12
8361 12
8362 12
8363 214
8364 127
8365 12
8366 214
8367 0
8368 12
8369 214
8370 214
8371 214
8372 214
8373 214
8374 214
8375 12
8376 12
8377 12
8378 1195
8379 6
8380 898
8381 214
8382 214
8383 214
8384 214
8385 12
8386 893
8387 214
8388 214
8389 214
8390 12
8391 12
8392 884
8393 12
8394 12
8395 12
8396 214
8397 12
8398 30
8399 214
8400 904
8401 12
8402 214
8403 12
8404 214
8405 214
8406 12
8407 214
8408 12
8409 214
8410 12
8411 12
8412 214
8413 12
8414 12
8415 214
8416 893
8417 891
8418 214
8419 12
8420 214
8421 12
8422 214
8423 12
8424 214
8425 12
8426 12
8427 12
8428 1173
8429 12
8430 214
8431 146
8432 12
8433 902
8434 12
8435 12
8436 12
8437 214
8438 12
8439 12
8440 130
8441 12
8442 214
8443 214
8444 12
8445 214
8446 12
8447 12
8448 12
8449 55
8450 12
8451 12
8452 214
8453 12
8454 155
8455 12
8456 127
8457 214
8458 12
8459 12
8460 12
8461 214
8462 214
8463 127
8464 12
8465 12
8466 214
8467 12
8468 12
8469 50
8470 884
8471 882
8472 214
8473 12
8474 12
8475 12
8476 893
8477 214
8478 12
8479 884
8480 12
8481 50
8482 146
8483 884
8484 12
8485 214
8486 12
8487 214
8488 214
8489 12
8490 893
8491 12
8492 12
8493 214
8494 214
8495 14
8496 12
8497 50
8498 882
8499 12
8500 214
8501 214
8502 31
8503 12
8504 12
8505 12
8506 36
8507 214
8508 12
8509 886
8510 50
8511 12
8512 82
8513 12
8514 884
8515 12
8516 31
8517 12
8518 12
8519 12
8520 214
8521 214
8522 12
8523 272
8524 6
8525 214
8526 12
8527 12
8528 884
8529 50
8530 893
8531 12
8532 12
8533 12
8534 214
8535 214
8536 904
8537 12
8538 902
8539 214
8540 12
8541 12
8542 12
8543 214
8544 214
8545 214
8546 12
8547 6
8548 12
8549 214
8550 1164
8551 214
8552 1189
8553 12
8554 272
8555 272
8556 12
8557 12
8558 262
8559 214
8560 272
8561 214
8562 272
8563 214
8564 907
8565 31
8566 12
8567 214
8568 55
8569 12
8570 110
8571 31
8572 12
8573 12
8574 12
8575 12
8576 50
8577 1197
8578 130
8579 907
8580 12
8581 262
8582 272
8583 12
8584 214
8585 12
8586 214
8587 214
8588 214
8589 898
8590 214
8591 272
8592 12
8593 214
8594 262
8595 12
8596 214
8597 214
8598 50
8599 12
8600 214
8601 214
8602 31
8603 886
8604 12
8605 70
8606 214
8607 127
8608 39
8609 886
8610 214
8611 12
8612 214
8613 893
8614 12
8615 12
8616 12
8617 884
8618 214
8619 884
8620 12
8621 14
8622 884
8623 605
8624 12
8625 12
8626 884
8627 882
8628 886
8629 142
8630 12
8631 214
8632 76
8633 896
8634 6
8635 12
8636 214
8637 12
8638 884
8639 26
8640 886
8641 6
8642 886
8643 886
8644 262
8645 1079
8646 139
8647 146
8648 907
8649 214
8650 907
8651 12
8652 12
8653 907
8654 12
8655 907
8656 1199
8657 907
8658 12
8659 14
8660 214
8661 12
8662 12
8663 12
8664 907
8665 214
8666 5
8667 907
8668 14
8669 907
8670 12
8671 907
8672 214
8673 12
8674 6
8675 907
8676 907
8677 907
8678 907
8679 907
8680 907
8681 907
8682 907
8683 907
8684 907
8685 907
8686 882
8687 12
8688 884
8689 907
8690 127
8691 907
8692 907
8693 907
8694 295
8695 110
8696 907
8697 907
8698 12
8699 214
8700 12
8701 907
8702 12
8703 886
8704 1194
8705 12
8706 907
8707 907
8708 50
8709 907
8710 907
8711 907
8712 907
8713 907
8714 139
8715 5
8716 907
8717 139
8718 214
8719 214
8720 3
8721 907
8722 12
8723 12
8724 12
8725 12
8726 12
8727 6
8728 12
8729 907
8730 786
8731 6
8732 12
8733 907
8734 907
8735 907
8736 70
8737 12
8738 172
8739 214
8740 12
8741 1200
8742 6
8743 907
8744 146
8745 907
8746 12
8747 907
8748 127
8749 1079
8750 907
8751 907
8752 12
8753 214
8754 879
8755 12
8756 6
8757 146
8758 89
8759 12
8760 12
8761 214
8762 272
8763 907
8764 12
8765 6
8766 6
8767 172
8768 214
8769 907
8770 184
8771 214
8772 214
8773 214
8774 907
8775 884
8776 891
8777 907
8778 907
8779 214
8780 214
8781 12
8782 12
8783 12
8784 214
8785 214
8786 6
8787 214
8788 907
8789 127
8790 1192
8791 12
8792 907
8793 12
8794 139
8795 12
8796 127
8797 907
8798 12
8799 12
8800 262
8801 12
8802 898
8803 907
8804 907
8805 272
8806 272
8807 33
8808 884
8809 146
8810 127
8811 907
8812 272
8813 12
8814 12
8815 907
8816 12
8817 12
8818 214
8819 896
8820 1056
8821 127
8822 884
8823 884
8824 127
8825 214
8826 1126
8827 262
8828 127
8829 14
8830 12
8831 214
8832 77
8833 12
8834 907
8835 77
8836 891
8837 884
8838 882
8839 214
8840 882
8841 884
8842 12
8843 45
8844 62
8845 262
8846 262
8847 62
8848 45
8849 146
8850 129
8851 55
8852 12
8853 214
8854 886
8855 1168
8856 129
8857 127
8858 889
8859 55
8860 127
8861 886
8862 12
8863 12
8864 1079
8865 45
8866 62
8867 139
8868 214
8869 214
8870 12
8871 214
8872 12
8873 100
8874 882
8875 214
8876 5
8877 12
8878 904
8879 262
8880 139
8881 127
8882 272
8883 204
8884 31
8885 214
8886 127
8887 127
8888 31
8889 907
8890 907
8891 884
8892 904
8893 605
8894 127
8895 902
8896 12
8897 6
8898 214
8899 12
8900 214
8901 31
8902 214
8903 214
8904 12
8905 214
8906 214
8907 214
8908 214
8909 14
8910 12
8911 214
8912 214
8913 214
8914 884
8915 214
8916 214
8917 1084
8918 214
8919 14
8920 214
8921 886
8922 886
8923 214
8924 214
8925 14
8926 12
8927 214
8928 907
8929 1201
8930 12
8931 907
8932 214
8933 214
8934 127
8935 214
8936 907
8937 214
8938 3
8939 1202
8940 907
8941 214
8942 904
8943 884
8944 127
8945 884
8946 214
8947 214
8948 5
8949 214
8950 214
8951 131
8952 214
8953 127
8954 3
8955 904
8956 12
8957 884
8958 907
8959 882
8960 1193
8961 907
8962 127
8963 272
8964 5
8965 12
8966 127
8967 12
8968 907
8969 907
8970 127
8971 1077
8972 12
8973 12
8974 884
8975 896
8976 3
8977 127
8978 5
8979 890
8980 142
8981 91
8982 91
8983 886
8984 884
8985 893
8986 45
8987 91
8988 886
8989 127
8990 14
8991 127
8992 904
8993 12
8994 12
8995 1085
8996 882
8997 886
8998 890
8999 91
9000 884
9001 1198
9002 886
9003 12
9004 889
9005 907
9006 12
9007 127
9008 14
9009 904
9010 1204
9011 916
9012 907
9013 70
9014 139
9015 916
9016 882
9017 1077
9018 12
9019 882
9020 886
9021 12
9022 886
9023 3
9024 1205
9025 884
9026 884
9027 1165
9028 12
9029 907
9030 605
9031 605
9032 146
9033 907
9034 14
9035 1206
9036 53
9037 916
9038 891
9039 904
9040 272
9041 882
9042 12
9043 12
9044 884
9045 127
9046 884
9047 262
9048 14
9049 3
9050 214
9051 272
9052 214
9053 214
9054 214
9055 907
9056 214
9057 214
9058 214
9059 214
9060 214
9061 214
9062 214
9063 214
9064 1166
9065 214
9066 214
9067 214
9068 214
9069 214
9070 214
9071 214
9072 214
9073 214
9074 214
9075 214
9076 214
9077 214
9078 214
9079 214
9080 214
9081 12
9082 214
9083 214
9084 214
9085 214
9086 886
9087 891
9088 886
9089 907
9090 12
9091 10
9092 48
9093 886
9094 1060
9095 904
9096 886
9097 12
9098 882
9099 41
9100 41
9101 182
9102 155
9103 5
9104 12
9105 886
9106 127
9107 41
9108 886
9109 48
9110 41
9111 14
9112 886
9113 886
9114 886
9115 3
9116 12
9117 904
9118 1207
9119 891
9120 127
9121 886
9122 1208
9123 272
9124 84
9125 916
9126 886
9127 127
9128 889
9129 272
9130 272
9131 33
9132 272
9133 272
9134 1134
9135 272
9136 272
9137 272
9138 262
9139 139
9140 904
9141 31
9142 127
9143 1209
9144 889
9145 1210
9146 106
9147 886
9148 605
9149 262
9150 1134
9151 100
9152 101
9153 907
9154 86
9155 12
9156 5
9157 916
9158 884
9159 904
9160 884
9161 12
9162 262
9163 886
9164 41
9165 272
9166 77
9167 1211
9168 12
9169 139
9170 1190
9171 916
9172 272
9173 77
9174 1103
9175 882
9176 1188
9177 12
9178 12
9179 12
9180 104
9181 1103
9182 907
9183 241
9184 272
9185 885
9186 272
9187 272
9188 916
9189 921
9190 921
9191 921
9192 921
9193 921
9194 921
9195 921
9196 921
9197 188
9198 921
9199 921
9200 921
9201 921
9202 921
9203 921
9204 921
9205 921
9206 921
9207 921
9208 921
9209 921
9210 921
9211 188
9212 921
9213 921
9214 921
9215 921
9216 921
9217 921
9218 921
9219 921
9220 921
9221 921
9222 921
9223 921
9224 921
9225 1171
9226 921
9227 921
9228 921
9229 188
9230 921
9231 921
9232 921
9233 921
9234 921
9235 921
9236 921
9237 921
9238 921
9239 921
9240 921
9241 921
9242 146
9243 921
9244 921
9245 921
9246 922
9247 1084
9248 272
9249 921
9250 921
9251 921
9252 921
9253 921
9254 921
9255 921
9256 188
9257 272
9258 106
9259 272
9260 127
9261 921
9262 922
9263 922
9264 886
9265 921
9266 886
9267 204
9268 605
9269 886
9270 1212
9271 886
9272 922
9273 886
9274 921
9275 886
9276 886
9277 921
9278 605
9279 921
9280 921
9281 886
9282 921
9283 10
9284 904
9285 921
9286 188
9287 921
9288 886
9289 921
9290 12
9291 921
9292 886
9293 886
9294 921
9295 921
9296 921
9297 921
9298 904
9299 921
9300 272
9301 31
9302 921
9303 921
9304 921
9305 886
9306 188
9307 890
9308 102
9309 210
9310 12
9311 55
9312 1196
9313 139
9314 272
9315 12
9316 891
9317 12
9318 921
9319 110
9320 605
9321 12
9322 605
9323 605
9324 12
9325 41
9326 889
9327 605
9328 921
9329 12
9330 12
9331 605
9332 12
9333 182
9334 916
9335 12
9336 921
9337 188
9338 889
9339 241
9340 188
9341 262
9342 39
9343 12
9344 921
9345 605
9346 5
9347 921
9348 904
9349 921
9350 605
9351 605
9352 921
9353 921
9354 605
9355 146
9356 921
9357 921
9358 86
9359 605
9360 12
9361 14
9362 884
9363 12
9364 605
9365 916
9366 1126
9367 1203
9368 12
9369 127
9370 921
9371 12
9372 12
9373 127
9374 786
9375 886
9376 921
9377 12
9378 12
9379 886
9380 12
9381 31
9382 12
9383 921
9384 921
9385 127
9386 12
9387 12
9388 786
9389 48
9390 12
9391 12
9392 272
9393 204
9394 12
9395 12
9396 786
9397 12
9398 12
9399 907
9400 921
9401 921
9402 921
9403 127
9404 127
9405 921
9406 55
9407 127
9408 127
9409 12
9410 170
9411 210
9412 12
9413 12
9414 12
9415 12
9416 12
9417 1213
9418 12
9419 142
9420 884
9421 921
9422 182
9423 12
9424 55
9425 50
9426 605
9427 267
9428 921
9429 272
9430 786
9431 62
9432 12
9433 12
9434 55
9435 12
9436 12
9437 295
9438 921
9439 146
9440 146
9441 48
9442 605
9443 605
9444 188
9445 12
9446 886
9447 14
9448 12
9449 921
9450 605
9451 893
9452 884
9453 1126
9454 12
9455 3
9456 921
9457 605
9458 110
9459 101
9460 921
9461 921
9462 898
9463 101
9464 101
9465 101
9466 882
9467 31
9468 55
9469 101
9470 33
9471 101
9472 886
9473 916
9474 12
9475 921
9476 886
9477 91
9478 12
9479 33
9480 33
9481 33
9482 33
9483 786
9484 893
