2883 649
2884 649
2885 649
2886 649
2887 649
2888 649
2889 649
2890 649
2891 649
2892 649
2893 649
2894 649
2895 649
2896 649
2897 649
2898 649
2899 649
2900 649
2901 649
2902 649
2903 649
2904 649
2905 649
2906 649
2907 649
2908 649
2909 649
2910 649
2911 649
2912 649
2913 649
2914 649
2915 649
2916 649
2917 649
2918 649
2919 649
2920 649
2921 649
2922 649
2923 649
2924 649
2925 649
2926 649
2927 649
2928 649
2929 649
2930 649
2931 649
2932 649
2933 649
2934 649
2935 649
2936 649
2937 649
2938 649
2939 649
2940 649
2941 649
2942 649
2943 649
2944 649
2945 649
2946 649
2947 649
2948 649
2949 649
2950 649
2951 649
2952 649
2953 649
2954 649
2955 649
2956 649
2957 649
2958 649
2959 649
2960 649
2961 649
2962 765
2963 766
2964 600
2965 766
2966 766
2967 766
2968 768
2969 766
2970 766
2971 769
2972 766
2973 768
2974 768
2975 766
2976 766
2977 766
2978 766
2979 766
2980 766
2981 766
2982 766
2983 766
2984 766
2985 766
2986 8
2987 766
2988 766
2989 766
2990 766
2991 766
2992 766
2993 766
2994 766
2995 766
2996 8
2997 766
2998 31
2999 766
3000 766
3001 766
3002 766
3003 766
3004 766
3005 766
3006 768
3007 766
3008 766
3009 766
3010 766
3011 766
3012 766
3013 765
3014 765
3015 766
3016 8
3017 563
3018 766
3019 766
3020 766
3021 766
3022 766
3023 766
3024 766
3025 766
3026 766
3027 766
3028 766
3029 766
3030 766
3031 766
3032 768
3033 766
3034 766
3035 769
3036 766
3037 600
3038 768
3039 766
3040 769
3041 766
3042 769
3043 766
3044 766
3045 768
3046 766
3047 766
3048 769
3049 766
3050 766
3051 766
3052 768
3053 766
3054 766
3055 770
3056 770
3057 770
3058 770
3059 770
3060 770
3061 770
3062 770
3063 770
3064 770
3065 770
3066 770
3067 770
3068 770
3069 770
3070 770
3071 770
3072 770
3073 770
3074 770
3075 770
3076 770
3077 770
3078 770
3079 770
3080 770
3081 770
3082 770
3083 770
3084 770
3085 770
3086 770
3087 770
3088 770
3089 770
3090 770
3091 770
3092 770
3093 770
3094 770
3095 770
3096 770
3097 770
3098 455
3099 455
3100 455
3101 455
3102 455
3103 455
3104 455
3105 455
3106 455
3107 455
3108 455
3109 455
3110 455
3111 455
3112 455
3113 455
3114 455
3115 455
3116 455
3117 455
3118 455
3119 455
3120 455
3121 455
3122 455
3123 455
3124 455
3125 455
3126 431
3127 455
3128 455
3129 455
3130 455
3131 455
3132 455
3133 455
3134 455
3135 455
3136 455
3137 455
3138 483
3139 455
3140 455
3141 455
3142 455
3143 455
3144 455
3145 455
3146 455
3147 455
3148 455
3149 455
3150 455
3151 455
3152 455
3153 455
3154 455
3155 455
3156 455
3157 455
3158 455
3159 455
3160 455
3161 455
3162 455
3163 772
3164 772
3165 772
3166 772
3167 772
3168 772
3169 772
3170 772
3171 772
3172 772
3173 772
3174 772
3175 772
3176 772
3177 772
3178 772
3179 772
3180 772
3181 772
3182 772
3183 772
3184 772
3185 772
3186 772
3187 772
3188 772
3189 115
3190 49
3191 774
3192 115
3193 774
3194 115
3195 49
3196 22
3197 115
3198 49
3199 115
3200 49
3201 49
3202 49
3203 49
3204 115
3205 49
3206 774
3207 49
3208 49
3209 93
3210 776
3211 776
3212 49
3213 49
3214 49
3215 115
3216 115
3217 93
3218 774
3219 49
3220 49
3221 49
3222 49
3223 115
3224 776
3225 776
3226 115
3227 776
3228 49
3229 49
3230 115
3231 776
3232 776
3233 49
3234 49
3235 49
3236 49
3237 49
3238 49
3239 115
3240 49
3241 49
3242 49
3243 49
3244 774
3245 49
3246 776
3247 115
3248 776
3249 49
3250 49
3251 49
3252 49
3253 115
3254 115
3255 115
3256 776
3257 776
3258 49
3259 774
3260 49
3261 49
3262 601
3263 123
3264 770
3265 601
3266 123
3267 54
3268 123
3269 778
3270 123
3271 123
3272 54
3273 444
3274 778
3275 123
3276 123
3277 123
3278 123
3279 123
3280 444
3281 123
3282 123
3283 123
3284 123
3285 123
3286 770
3287 54
3288 54
3289 123
3290 54
3291 770
3292 123
3293 123
3294 601
3295 123
3296 781
3297 780
3298 781
3299 781
3300 781
3301 96
3302 782
3303 781
3304 429
3305 429
3306 783
3307 781
3308 88
3309 429
3310 429
3311 781
3312 780
3313 781
3314 785
3315 781
3316 96
3317 785
3318 429
3319 96
3320 783
3321 785
3322 96
3323 96
3324 781
3325 429
3326 781
3327 429
3328 96
3329 785
3330 619
3331 429
3332 781
3333 785
3334 782
3335 96
3336 785
3337 783
3338 429
3339 429
3340 781
3341 783
3342 785
3343 96
3344 781
3345 781
3346 785
3347 781
3348 619
3349 619
3350 96
3351 781
3352 781
3353 22
3354 429
3355 429
3356 781
3357 781
3358 781
3359 429
3360 781
3361 95
3362 801
3363 112
3364 13
3365 13
3366 95
3367 615
3368 790
3369 791
3370 790
3371 790
3372 4
3373 790
3374 790
3375 790
3376 790
3377 790
3378 790
3379 790
3380 790
3381 790
3382 790
3383 790
3384 790
3385 790
3386 790
3387 790
3388 790
3389 790
3390 790
3391 31
3392 791
3393 790
3394 790
3395 790
3396 790
3397 790
3398 790
3399 791
3400 791
3401 791
3402 790
3403 790
3404 790
3405 790
3406 790
3407 791
3408 790
3409 791
3410 790
3411 790
3412 791
3413 790
3414 790
3415 790
3416 791
3417 790
3418 791
3419 791
3420 790
3421 790
3422 790
3423 791
3424 791
3425 790
3426 790
3427 791
3428 790
3429 791
3430 790
3431 790
3432 790
3433 790
3434 791
3435 790
3436 790
3437 790
3438 790
3439 790
3440 790
3441 791
3442 790
3443 790
3444 790
3445 790
3446 790
3447 790
3448 790
3449 790
3450 790
3451 790
3452 4
3453 790
3454 792
3455 791
3456 791
3457 790
3458 790
3459 790
3460 790
3461 791
3462 790
3463 790
3464 790
3465 790
3466 790
3467 790
3468 790
3469 790
3470 790
3471 790
3472 790
3473 790
3474 790
3475 791
3476 791
3477 791
3478 790
3479 790
3480 791
3481 790
3482 790
3483 790
3484 790
3485 790
3486 790
3487 791
3488 790
3489 790
3490 791
3491 790
3492 790
3493 791
3494 792
3495 790
3496 790
3497 790
3498 790
3499 790
3500 790
3501 790
3502 790
3503 791
3504 790
3505 791
3506 790
3507 790
3508 790
3509 790
3510 790
3511 93
3512 790
3513 790
3514 790
3515 790
3516 108
3517 108
3518 772
3519 108
3520 772
3521 108
3522 108
3523 108
3524 108
3525 108
3526 108
3527 108
3528 832
3529 108
3530 108
3531 772
3532 108
3533 108
3534 108
3535 108
3536 108
3537 108
3538 108
3539 796
3540 766
3541 108
3542 108
3543 108
3544 108
3545 108
3546 108
3547 108
3548 796
3549 108
3550 108
3551 8
3552 8
3553 8
3554 797
3555 797
3556 797
3557 797
3558 797
3559 797
3560 8
3561 8
3562 8
3563 8
3564 8
3565 8
3566 8
3567 8
3568 797
3569 8
3570 8
3571 8
3572 8
3573 797
3574 797
3575 797
3576 797
3577 8
3578 797
3579 797
3580 797
3581 8
3582 797
3583 8
3584 797
3585 797
3586 797
3587 797
3588 797
3589 797
3590 8
3591 8
3592 797
3593 8
3594 797
3595 8
3596 797
3597 8
3598 797
3599 797
3600 797
3601 797
3602 8
3603 797
3604 8
3605 797
3606 797
3607 8
3608 797
3609 797
3610 8
3611 46
3612 798
3613 46
3614 46
3615 798
3616 46
3617 798
3618 46
3619 46
3620 46
3621 798
3622 46
3623 46
3624 798
3625 46
3626 46
3627 46
3628 798
3629 798
3630 46
3631 46
3632 46
3633 798
3634 46
3635 46
3636 798
3637 798
3638 46
3639 798
3640 798
3641 46
3642 46
3643 46
3644 46
3645 46
3646 798
3647 46
3648 46
3649 581
3650 46
3651 798
3652 46
3653 46
3654 46
3655 46
3656 46
3657 46
3658 798
3659 46
3660 798
3661 46
3662 798
3663 798
3664 46
3665 798
3666 46
3667 46
3668 46
3669 798
3670 798
3671 798
3672 46
3673 46
3674 46
3675 112
3676 798
3677 798
3678 798
3679 46
3680 46
3681 46
3682 46
3683 46
3684 46
3685 798
3686 798
3687 46
3688 46
3689 798
3690 46
3691 46
3692 798
3693 798
3694 46
3695 46
3696 565
3697 472
3698 48
3699 576
3700 45
3701 565
3702 497
3703 48
3704 565
3705 611
3706 611
3707 611
3708 45
3709 611
3710 565
3711 798
3712 45
3713 611
3714 611
3715 611
3716 611
3717 611
3718 472
3719 611
3720 45
3721 565
3722 565
3723 45
3724 801
3725 801
3726 443
3727 801
3728 100
3729 443
3730 801
3731 801
3732 801
3733 801
3734 801
3735 801
3736 801
3737 801
3738 801
3739 801
3740 801
3741 801
3742 801
3743 443
3744 801
3745 801
3746 802
3747 76
3748 776
3749 76
3750 776
3751 76
3752 776
3753 802
3754 776
3755 776
3756 26
3757 76
3758 76
3759 802
3760 802
3761 802
3762 776
3763 776
3764 776
3765 76
3766 802
3767 76
3768 76
3769 776
3770 802
3771 24
3772 776
3773 776
3774 76
3775 803
3776 776
3777 776
3778 776
3779 776
3780 776
3781 776
3782 76
3783 776
3784 601
3785 776
3786 76
3787 776
3788 776
3789 776
3790 776
3791 776
3792 802
3793 776
3794 776
3795 76
3796 802
3797 76
3798 776
3799 803
3800 802
3801 776
3802 776
3803 76
3804 776
3805 776
3806 802
3807 776
3808 776
3809 776
3810 776
3811 802
3812 802
3813 803
3814 601
3815 776
3816 776
3817 802
3818 776
3819 802
3820 776
3821 776
3822 26
3823 776
3824 776
3825 776
3826 776
3827 76
3828 776
3829 776
3830 76
3831 76
3832 776
3833 802
3834 776
3835 123
3836 776
3837 776
3838 76
3839 776
3840 776
3841 802
3842 76
3843 802
