3753 1565
3754 186
3755 10
3756 167
3757 63
3758 147
3759 5
3760 20
3761 46
3762 46
3763 147
3764 302
3765 148
3766 31
3767 90
3768 65
3769 183
3770 135
3771 1529
3772 1580
3773 46
3774 63
3775 213
3776 167
3777 185
3778 153
3779 20
3780 94
3781 1530
3782 102
3783 245
3784 11
3785 10
3786 113
3787 153
3788 113
3789 5
3790 171
3791 1406
3792 112
3793 90
3794 35
3795 1581
3796 21
3797 1581
3798 167
3799 90
3800 65
3801 302
3802 94
3803 32
3804 251
3805 130
3806 251
3807 183
3808 20
3809 1
3810 148
3811 25
3812 57
3813 25
3814 5
3815 19
3816 206
3817 183
3818 186
3819 213
3820 37
3821 17
3822 21
3823 35
3824 167
3825 5
3826 113
3827 32
3828 147
3829 65
3830 113
3831 857
3832 25
3833 46
3834 1
3835 43
3836 140
3837 30
3838 65
3839 30
3840 1531
3841 206
3842 63
3843 186
3844 10
3845 94
3846 65
3847 147
3848 147
3849 63
3850 21
3851 90
3852 113
3853 57
3854 65
3855 245
3856 54
3857 1584
3858 5
3859 135
3860 25
3861 1611
3862 51
3863 113
3864 31
3865 213
3866 138
3867 14
3868 140
3869 167
3870 147
3871 10
3872 1
3873 32
3874 147
3875 18
3876 206
3877 57
3878 15
3879 206
3880 19
3881 147
3882 57
3883 46
3884 42
3885 206
3886 37
3887 206
3888 65
3889 140
3890 302
3891 25
3892 37
3893 1532
3894 213
3895 12
3896 102
3897 5
3898 65
3899 12
3900 14
3901 186
3902 10
3903 1581
3904 4
3905 65
3906 1102
3907 1533
3908 213
3909 12
3910 1
3911 65
3912 11
3913 57
3914 113
3915 35
3916 38
3917 19
3918 1157
3919 1622
3920 18
3921 213
3922 147
3923 1577
3924 65
3925 147
3926 63
3927 5
3928 167
3929 140
3930 1534
3931 167
3932 5
3933 209
3934 1584
3935 57
3936 46
3937 5
3938 51
3939 21
3940 57
3941 19
3942 46
3943 65
3944 110
3945 10
3946 37
3947 113
3948 55
3949 65
3950 14
3951 37
3952 1341
3953 5
3954 113
3955 65
3956 65
3957 167
3958 10
3959 140
3960 113
3961 37
3962 135
3963 54
3964 31
3965 185
3966 251
3967 10
3968 147
3969 65
3970 302
3971 10
3972 113
3973 46
3974 245
3975 1535
3976 65
3977 1536
3978 31
3979 110
3980 2
3981 65
3982 57
3983 57
3984 1
3985 5
3986 209
3987 31
3988 167
3989 30
3990 18
3991 5
3992 57
3993 20
3994 65
3995 5
3996 251
3997 30
3998 32
3999 183
4000 112
4001 25
4002 185
4003 35
4004 113
4005 65
4006 38
4007 65
4008 140
4009 2
4010 213
4011 1
4012 140
4013 61
4014 251
4015 1537
4016 31
4017 65
4018 65
4019 65
4020 5
4021 206
4022 32
4023 35
4024 209
4025 65
4026 12
4027 20
4028 65
4029 1
4030 1538
4031 1
4032 186
4033 43
4034 167
4035 86
4036 5
4037 11
4038 135
4039 57
4040 10
4041 140
4042 183
4043 20
4044 183
4045 113
4046 1583
4047 65
4048 167
4049 51
4050 31
4051 31
4052 90
4053 113
4054 65
4055 251
4056 1
4057 20
4058 65
4059 19
4060 113
4061 147
4062 54
4063 11
4064 245
4065 135
4066 135
4067 54
4068 135
4069 113
4070 21
4071 113
4072 113
4073 140
4074 113
4075 7
4076 30
4077 147
4078 65
4079 12
4080 1577
4081 113
4082 213
4083 206
4084 140
4085 51
4086 20
4087 113
4088 245
4089 21
4090 209
4091 15
4092 31
4093 113
4094 167
4095 10
4096 302
4097 37
4098 255
4099 113
4100 11
4101 167
4102 19
4103 1611
4104 147
4105 42
4106 31
4107 31
4108 113
4109 90
4110 113
4111 206
4112 14
4113 1565
4114 63
4115 38
4116 140
4117 2
4118 167
4119 102
4120 30
4121 10
4122 63
4123 10
4124 1
4125 5
4126 20
4127 19
4128 1178
4129 102
4130 54
4131 10
4132 302
4133 5
4134 1539
4135 1540
4136 302
4137 10
4138 65
4139 4
4140 57
4141 102
4142 30
4143 1
4144 1581
4145 167
4146 19
4147 51
4148 5
4149 77
4150 857
4151 147
4152 135
4153 1616
4154 153
4155 35
4156 31
4157 35
4158 140
4159 1626
4160 31
4161 185
4162 54
4163 26
4164 46
4165 46
4166 183
4167 131
4168 147
4169 138
4170 46
4171 147
4172 12
4173 10
4174 1541
4175 1
4176 186
4177 20
4178 10
4179 65
4180 113
4181 148
4182 63
4183 302
4184 65
4185 65
4186 65
4187 1584
4188 10
4189 148
4190 213
4191 206
4192 2
4193 10
4194 213
4195 147
4196 113
4197 213
4198 35
4199 1
4200 37
4201 57
4202 46
4203 5
4204 19
4205 63
4206 113
4207 213
4208 46
4209 65
4210 167
4211 7
4212 65
4213 302
4214 61
4215 302
4216 5
4217 65
4218 31
4219 147
4220 10
4221 30
4222 302
4223 20
4224 5
4225 37
4226 65
4227 65
4228 1
4229 255
4230 1631
4231 153
4232 31
4233 38
4234 135
4235 19
4236 302
4237 115
4238 181
4239 21
4240 134
4241 140
4242 113
4243 51
4244 63
4245 1605
4246 110
4247 15
4248 20
4249 113
4250 55
4251 213
4252 11
4253 20
4254 113
4255 113
4256 26
4257 5
4258 14
4259 55
4260 19
4261 113
4262 140
4263 153
4264 63
4265 19
4266 31
4267 1
4268 302
4269 186
4270 12
4271 57
4272 19
4273 12
4274 51
4275 167
4276 61
4277 147
4278 21
4279 12
4280 86
4281 72
4282 1543
4283 147
4284 4
4285 37
4286 15
4287 65
4288 113
4289 63
4290 1
4291 251
4292 61
4293 255
4294 209
4295 31
4296 65
4297 35
4298 31
4299 302
4300 30
4301 31
4302 11
4303 14
4304 35
4305 1
4306 21
4307 31
4308 11
4309 55
4310 65
4311 21
4312 4
4313 14
4314 1566
4315 94
4316 1566
4317 153
4318 1544
4319 147
4320 11
4321 31
4322 37
4323 21
4324 94
4325 167
4326 25
4327 1566
4328 1
4329 206
4330 5
4331 148
4332 31
4333 112
4334 36
4335 1566
4336 251
4337 110
4338 251
4339 11
4340 10
4341 90
4342 1566
4343 1583
4344 251
4345 31
4346 57
4347 12
4348 1545
4349 1584
4350 1
4351 63
4352 15
4353 1341
4354 51
4355 147
4356 131
4357 26
4358 1568
4359 57
4360 19
4361 206
4362 14
4363 113
4364 255
4365 148
4366 19
4367 113
4368 112
4369 5
4370 140
4371 147
4372 51
4373 140
4374 57
4375 18
4376 12
4377 65
4378 302
4379 31
4380 147
4381 35
4382 209
4383 31
4384 25
4385 255
4386 5
4387 94
4388 65
4389 21
4390 31
4391 2
4392 31
4393 21
4394 251
4395 113
4396 10
4397 25
4398 65
4399 14
4400 19
4401 94
4402 115
4403 302
4404 135
4405 21
4406 63
4407 21
4408 25
4409 255
4410 113
4411 37
4412 25
4413 251
4414 1546
4415 12
4416 1102
4417 1
4418 20
4419 37
4420 1
4421 113
4422 5
4423 5
4424 213
4425 1568
4426 113
4427 113
4428 213
4429 31
4430 10
4431 31
4432 30
4433 1102
4434 167
4435 37
4436 43
4437 31
4438 213
4439 11
4440 5
4441 65
4442 1547
4443 11
4444 10
4445 5
4446 46
4447 213
4448 54
4449 140
4450 46
4451 65
4452 5
4453 63
4454 51
4455 15
4456 31
4457 37
4458 213
4459 65
4460 7
4461 65
4462 112
4463 86
4464 1605
4465 17
4466 140
4467 55
4468 25
4469 102
4470 255
4471 113
4472 102
4473 255
4474 51
4475 147
4476 113
4477 135
4478 30
4479 140
4480 1549
4481 153
4482 46
4483 5
4484 113
4485 35
4486 21
4487 5
4488 38
4489 86
4490 5
4491 11
4492 57
4493 113
4494 10
4495 113
4496 65
4497 18
4498 213
4499 65
4500 206
4501 46
4502 31
4503 65
4504 206
4505 191
4506 1
4507 30
4508 63
4509 15
4510 4
4511 147
4512 113
4513 5
4514 46
4515 206
4516 86
4517 140
4518 65
4519 46
4520 32
4521 31
4522 65
4523 46
4524 65
4525 19
4526 167
4527 206
4528 147
4529 65
4530 1566
4531 31
4532 113
4533 113
4534 113
4535 30
4536 35
4537 35
4538 46
4539 15
4540 31
4541 245
4542 115
4543 94
4544 20
4545 110
4546 4
4547 57
4548 148
4549 251
4550 46
4551 302
4552 21
4553 113
4554 1584
4555 65
4556 37
4557 10
4558 1550
4559 1
4560 15
4561 2
4562 10
4563 245
4564 30
4565 65
4566 183
4567 46
4568 302
4569 5
4570 1577
4571 46
4572 5
4573 31
4574 54
4575 11
4576 63
4577 57
4578 65
4579 30
4580 113
4581 65
4582 1341
4583 10
4584 10
4585 1
4586 147
4587 90
4588 147
4589 112
4590 31
4591 302
4592 10
4593 245
4594 26
4595 113
4596 37
4597 65
4598 5
4599 37
4600 65
4601 1
4602 1616
4603 94
4604 38
4605 65
4606 302
4607 302
4608 1616
4609 5
4610 7
4611 302
4612 213
4613 1568
4614 21
4615 255
4616 171
4617 213
4618 1178
4619 31
4620 55
4621 31
4622 171
4623 86
4624 112
4625 110
4626 1387
4627 65
4628 90
4629 12
4630 18
4631 11
4632 10
4633 37
4634 251
4635 1552
4636 17
4637 12
4638 113
4639 57
4640 65
4641 25
4642 94
4643 30
4644 1553
4645 2
4646 21
4647 35
4648 113
4649 113
4650 63
4651 2
4652 234
4653 10
4654 113
4655 35
4656 65
4657 130
4658 147
4659 135
4660 77
4661 30
4662 10
4663 57
4664 10
4665 113
4666 2
4667 31
4668 213
4669 12
4670 32
4671 15
4672 21
4673 10
4674 37
4675 1554
4676 113
4677 20
4678 113
4679 31
4680 302
4681 302
4682 63
4683 14
4684 21
4685 5
4686 135
4687 11
4688 112
4689 55
4690 113
4691 1
4692 113
4693 2
4694 112
4695 1555
4696 12
4697 113
4698 31
4699 5
4700 65
4701 1556
4702 20
4703 302
4704 302
4705 42
4706 31
4707 65
4708 5
4709 61
4710 8
4711 102
4712 37
4713 65
4714 90
4715 1
4716 7
4717 31
4718 1631
4719 21
4720 113
4721 167
4722 46
4723 10
4724 65
4725 112
4726 14
4727 1584
4728 115
4729 46
4730 30
4731 11
4732 12
4733 251
4734 46
4735 30
4736 63
4737 63
4738 1622
4739 21
4740 20
4741 31
4742 130
4743 102
4744 1571
4745 147
4746 113
4747 65
4748 167
4749 21
4750 37
4751 12
4752 57
4753 1
4754 18
4755 213
4756 186
4757 112
4758 302
4759 37
4760 213
4761 1557
4762 4
4763 19
4764 12
4765 31
4766 112
4767 5
4768 10
4769 113
4770 21
4771 131
4772 21
4773 15
4774 113
4775 185
4776 54
4777 63
4778 113
4779 37
4780 31
4781 140
4782 2
4783 113
4784 251
4785 20
4786 19
4787 10
4788 12
4789 25
4790 65
4791 5
4792 302
4793 25
4794 5
4795 30
4796 65
4797 65
4798 147
4799 113
4800 31
4801 10
4802 147
4803 21
4804 147
4805 65
4806 18
4807 302
4808 65
4809 183
4810 206
4811 20
4812 30
4813 2
4814 209
4815 37
4816 251
4817 302
4818 113
4819 37
4820 894
4821 112
4822 5
4823 251
4824 209
4825 2
4826 19
4827 51
4828 113
4829 1161
4830 25
4831 255
4832 113
4833 65
4834 112
4835 65
4836 20
4837 65
4838 10
4839 31
4840 25
4841 2
4842 37
4843 10
4844 20
4845 31
4846 113
4847 31
4848 5
4849 65
4850 57
4851 302
4852 213
4853 1
4854 19
4855 31
4856 31
4857 147
4858 65
4859 65
4860 38
4861 12
4862 206
4863 5
4864 186
4865 882
4866 38
4867 65
4868 46
4869 90
4870 90
4871 2
4872 147
4873 113
4874 1
4875 20
4876 38
4877 19
4878 12
4879 147
4880 185
4881 12
4882 113
4883 21
4884 147
4885 37
4886 147
4887 63
4888 213
4889 4
4890 1558
4891 140
4892 25
4893 302
4894 61
4895 10
4896 21
4897 20
4898 1559
4899 1626
4900 183
4901 147
4902 18
4903 209
4904 147
4905 1560
4906 31
4907 30
4908 35
4909 65
4910 63
4911 17
4912 302
4913 4
4914 5
4915 31
4916 65
4917 140
4918 147
4919 1
4920 251
4921 19
4922 1561
4923 30
4924 31
4925 64
4926 63
4927 1
4928 26
4929 46
4930 65
4931 5
4932 1577
4933 1
4934 31
4935 206
4936 21
4937 31
4938 90
4939 1631
4940 10
4941 148
4942 57
4943 57
4944 5
4945 35
4946 20
4947 5
4948 10
4949 171
4950 35
4951 110
4952 255
4953 36
4954 25
4955 20
4956 186
4957 63
4958 46
4959 37
4960 25
4961 30
4962 5
4963 185
4964 130
4965 51
4966 30
4967 10
4968 1562
4969 30
4970 147
4971 31
4972 14
4973 63
4974 21
4975 15
4976 1571
4977 37
4978 213
4979 37
4980 10
4981 11
4982 38
4983 65
4984 10
4985 255
4986 37
4987 57
4988 1563
4989 37
4990 61
4991 10
4992 302
4993 1580
4994 63
4995 10
4996 147
4997 21
4998 112
4999 65
5000 1
5001 21
5002 31
5003 113
