13279 752
13280 123
13281 752
13282 573
13283 47
13284 150
13285 1132
13286 1132
13287 1118
13288 123
13289 732
13290 53
13291 1133
13292 588
13293 1132
13294 1133
13295 1092
13296 150
13297 1133
13298 1134
13299 593
13300 72
13301 1092
13302 752
13303 593
13304 123
13305 1134
13306 1118
13307 45
13308 45
13309 1118
13310 752
13311 593
13312 43
13313 30
13314 593
13315 1136
13316 752
13317 49
13318 1136
13319 603
13320 1118
13321 1132
13322 752
13323 588
13324 797
13325 588
13326 1133
13327 1074
13328 1137
13329 1133
13330 728
13331 1142
13332 1133
13333 1136
13334 26
13335 752
13336 752
13337 1118
13338 1139
13339 1142
13340 37
13341 1134
13342 1092
13343 37
13344 1132
13345 752
13346 1132
13347 593
13348 752
13349 1134
13350 1136
13351 752
13352 1132
13353 1132
13354 1118
13355 1134
13356 1133
13357 50
13358 37
13359 1092
13360 103
13361 26
13362 1136
13363 593
13364 1118
13365 752
13366 1092
13367 752
13368 1142
13369 752
13370 1062
13371 123
13372 752
13373 1092
13374 1198
13375 752
13376 1118
13377 1134
13378 1136
13379 1134
13380 1134
13381 752
13382 603
13383 1092
13384 1118
13385 752
13386 37
13387 1142
13388 752
13389 752
13390 1092
13391 1118
13392 49
13393 593
13394 1136
13395 1133
13396 1136
13397 589
13398 1074
13399 1092
13400 150
13401 1092
13402 588
13403 1118
13404 1118
13405 47
13406 1136
13407 1092
13408 37
13409 1092
13410 752
13411 1132
13412 1132
13413 1145
13414 1132
13415 1136
13416 1092
13417 50
13418 1136
13419 1136
13420 23
13421 10
13422 1062
13423 37
13424 1136
13425 752
13426 30
13427 1118
13428 1092
13429 1118
13430 1133
13431 752
13432 37
13433 1142
13434 1118
13435 1136
13436 51
13437 597
13438 1134
13439 1092
13440 752
13441 1133
13442 1133
13443 1145
13444 1133
13445 1092
13446 1133
13447 1136
13448 1118
13449 29
13450 1134
13451 1118
13452 123
13453 1118
13454 1132
13455 1137
13456 37
13457 797
13458 10
13459 1139
13460 1133
13461 1092
13462 1244
13463 1092
13464 1092
13465 1092
13466 752
13467 1092
13468 1136
13469 1132
13470 26
13471 123
13472 1134
13473 1134
13474 1134
13475 1136
13476 1136
13477 1118
13478 1132
13479 1092
13480 103
13481 37
13482 37
13483 588
13484 1132
13485 752
13486 1092
13487 1136
13488 1118
13489 1136
13490 123
13491 1118
13492 1118
13493 588
13494 1118
13495 1118
13496 797
13497 573
13498 1133
13499 1010
13500 1136
13501 588
13502 1092
13503 45
13504 1118
13505 1092
13506 606
13507 1092
13508 1118
13509 752
13510 728
13511 752
13512 1062
13513 603
13514 1092
13515 752
13516 588
13517 1092
13518 1092
13519 1244
13520 1134
13521 1092
13522 1134
13523 1142
13524 728
13525 752
13526 1118
13527 1132
13528 1134
13529 603
13530 61
13531 1118
13532 1133
13533 43
13534 150
13535 1244
13536 37
13537 752
13538 1074
13539 1134
13540 45
13541 752
13542 1133
13543 1092
13544 51
13545 752
13546 1142
13547 1133
13548 603
13549 1062
13550 1118
13551 1092
13552 51
13553 1142
13554 1142
13555 728
13556 752
13557 103
13558 50
13559 1118
13560 1134
13561 1118
13562 752
13563 1132
13564 1092
13565 752
13566 1118
13567 1118
13568 752
13569 1134
13570 37
13571 1149
13572 797
13573 37
13574 1133
13575 797
13576 1118
13577 603
13578 1142
13579 51
13580 1139
13581 37
13582 1136
13583 752
13584 47
13585 1145
13586 1092
13587 1092
13588 1134
13589 1136
13590 1062
13591 752
13592 1132
13593 752
13594 26
13595 123
13596 37
13597 37
13598 121
13599 752
13600 1142
13601 1092
13602 1118
13603 1062
13604 752
13605 1092
13606 1145
13607 797
13608 1118
13609 48
13610 123
13611 1092
13612 1151
13613 752
13614 1092
13615 752
13616 588
13617 1062
13618 603
13619 123
13620 1145
13621 150
13622 92
13623 1132
13624 1133
13625 752
13626 1092
13627 603
13628 1136
13629 1136
13630 1136
13631 123
13632 588
13633 1118
13634 1118
13635 1132
13636 37
13637 1132
13638 47
13639 603
13640 603
13641 1074
13642 1136
13643 1132
13644 1092
13645 1142
13646 53
13647 1118
13648 1136
13649 127
13650 47
13651 1134
13652 1062
13653 1136
13654 1145
13655 797
13656 588
13657 72
13658 1092
13659 1134
13660 51
13661 1136
13662 1133
13663 1062
13664 1118
13665 1142
13666 1134
13667 931
13668 1136
13669 1134
13670 1134
13671 1133
13672 37
13673 1092
13674 593
13675 1092
13676 1137
13677 1153
13678 1133
13679 588
13680 1118
13681 752
13682 752
13683 752
13684 1118
13685 1136
13686 1133
13687 1134
13688 123
13689 1133
13690 150
13691 1118
13692 1142
13693 48
13694 1092
13695 1133
13696 1134
13697 588
13698 49
13699 1142
13700 752
13701 1062
13702 37
13703 1132
13704 728
13705 1142
13706 49
13707 752
13708 1118
13709 1092
13710 1151
13711 1118
13712 1132
13713 1145
13714 123
13715 752
13716 10
13717 1118
13718 1133
13719 797
13720 797
13721 1133
13722 752
13723 797
13724 1092
13725 1133
13726 752
13727 30
13728 1118
13729 1092
13730 37
13731 1132
13732 127
13733 752
13734 1118
13735 603
13736 752
13737 1062
13738 1092
13739 1142
13740 1136
13741 752
13742 603
13743 1092
13744 123
13745 26
13746 588
13747 593
13748 752
13749 752
13750 26
13751 1133
13752 1199
13753 37
13754 50
13755 1092
13756 752
13757 49
13758 37
13759 1118
13760 752
13761 1136
13762 1136
13763 1136
13764 123
13765 752
13766 588
13767 1092
13768 1002
13769 1136
13770 752
13771 752
13772 1092
13773 1136
13774 1092
13775 1118
13776 1118
13777 1092
13778 752
13779 123
13780 752
13781 752
13782 49
13783 752
13784 1142
13785 1136
13786 123
13787 1136
13788 1136
13789 45
13790 1092
13791 37
13792 1241
13793 752
13794 797
13795 123
13796 1137
13797 931
13798 797
13799 150
13800 752
13801 1136
13802 603
13803 1136
13804 588
13805 1132
13806 1133
13807 1133
13808 1137
13809 1136
13810 603
13811 1062
13812 1062
13813 797
13814 588
13815 43
13816 1136
13817 1133
13818 150
13819 1137
13820 37
13821 1136
13822 1062
13823 1092
13824 752
13825 1062
13826 752
13827 1133
13828 1092
13829 1118
13830 1092
13831 1134
13832 1133
13833 752
13834 1133
13835 1136
13836 1133
13837 1092
13838 103
13839 48
13840 752
13841 1118
13842 37
13843 797
13844 37
13845 1136
13846 797
13847 1133
13848 1133
13849 1092
13850 45
13851 123
13852 1132
13853 752
13854 752
13855 603
13856 752
13857 1092
13858 1092
13859 1118
13860 752
13861 1134
13862 1136
13863 1134
13864 51
13865 123
13866 1134
13867 1118
13868 1136
13869 752
13870 51
13871 1137
13872 588
13873 2
13874 23
13875 1134
13876 752
13877 752
13878 1133
13879 790
13880 1142
13881 1092
13882 1092
13883 752
13884 45
13885 1136
13886 603
13887 1133
13888 1133
13889 1118
13890 1136
13891 1139
13892 1092
13893 1118
13894 1092
13895 1136
13896 593
13897 1092
13898 1241
13899 1136
13900 1145
13901 1092
13902 150
13903 1092
13904 1136
13905 797
13906 1118
13907 1132
13908 1136
13909 123
13910 37
13911 1010
13912 1118
13913 1118
13914 1200
13915 597
13916 49
13917 1137
13918 37
13919 1142
13920 797
13921 1142
13922 123
13923 1137
13924 1132
13925 1136
13926 1136
13927 1134
13928 1145
13929 1136
13930 1133
13931 603
13932 1074
13933 1134
13934 752
13935 50
13936 1142
13937 1136
13938 1092
13939 1142
13940 752
13941 752
13942 603
13943 50
13944 1136
13945 50
13946 123
13947 123
13948 1145
13949 1132
13950 1118
13951 752
13952 1092
13953 21
13954 1136
13955 593
13956 1136
13957 1092
13958 1118
13959 1092
13960 1092
13961 588
13962 1134
13963 1118
13964 588
13965 752
13966 728
13967 1142
13968 1136
13969 1136
13970 1153
13971 1134
13972 1145
13973 1136
13974 588
13975 123
13976 150
13977 1062
13978 1139
13979 573
13980 37
13981 752
13982 45
13983 1118
13984 1092
13985 573
13986 1118
13987 1092
13988 1136
13989 1133
13990 593
13991 1136
13992 1118
13993 1136
13994 1136
13995 1133
13996 1062
13997 1132
13998 1062
13999 1092
14000 1132
14001 1134
14002 1153
14003 1062
14004 1118
14005 1118
14006 797
14007 47
14008 37
14009 1133
14010 1062
14011 1092
14012 1074
14013 1132
14014 931
14015 1118
14016 1118
14017 2
14018 1074
14019 1074
14020 1118
14021 1092
14022 752
14023 752
14024 752
14025 1092
14026 1092
14027 1142
14028 26
14029 1142
14030 752
14031 37
14032 37
14033 37
14034 1092
14035 123
14036 1142
14037 37
14038 1136
14039 1134
14040 51
14041 1136
14042 1136
14043 1136
14044 1118
14045 26
14046 1074
14047 588
14048 1139
14049 1002
14050 1134
14051 1092
14052 123
14053 1132
14054 1092
14055 1092
14056 1092
14057 1136
14058 752
14059 588
14060 1092
14061 150
14062 603
14063 797
14064 1136
14065 1136
14066 1132
14067 1142
14068 593
14069 1132
14070 1136
14071 588
14072 1092
14073 1092
14074 752
14075 1062
14076 1092
14077 1133
14078 1092
14079 1118
14080 1092
14081 1136
14082 123
14083 752
14084 752
14085 1133
14086 37
14087 588
14088 728
14089 1092
14090 50
14091 573
14092 51
14093 597
14094 603
14095 1092
14096 123
14097 103
14098 1134
14099 51
14100 1136
14101 1118
14102 1136
14103 1134
14104 1062
14105 1145
14106 1118
14107 1092
14108 51
14109 1136
14110 1136
14111 1136
14112 1133
14113 797
14114 1136
14115 1134
14116 752
14117 1134
14118 1133
14119 20
14120 50
14121 593
14122 1074
14123 1118
14124 1118
14125 752
14126 1118
14127 37
14128 1132
14129 1118
14130 597
14131 752
14132 1134
14133 1136
14134 797
14135 1136
14136 1142
14137 1092
14138 1145
14139 1132
14140 51
14141 1092
14142 588
14143 1092
14144 1092
14145 37
14146 752
14147 1133
14148 1151
14149 1133
14150 752
14151 37
14152 1134
14153 1118
14154 588
14155 1133
14156 1136
14157 45
14158 1062
14159 1118
14160 103
14161 1118
14162 37
14163 573
14164 1133
14165 1134
14166 1137
14167 1142
14168 1133
14169 1133
14170 752
14171 752
14172 752
14173 1149
14174 597
14175 1134
14176 1074
14177 51
14178 603
14179 1132
14180 123
14181 123
14182 1092
14183 752
14184 1133
14185 603
14186 1092
14187 1118
14188 1134
14189 1074
14190 1092
14191 1202
14192 1092
14193 752
14194 1132
14195 127
14196 1133
14197 1133
14198 26
14199 588
14200 1092
14201 752
14202 43
14203 1118
14204 1062
14205 1244
14206 50
14207 45
14208 1133
14209 1153
14210 123
14211 1136
14212 752
14213 123
14214 1136
14215 51
14216 728
14217 1136
14218 150
14219 588
14220 1136
14221 1132
14222 1133
14223 1161
14224 50
14225 752
14226 603
14227 150
14228 1118
14229 752
14230 1136
14231 123
14232 1118
14233 1132
14234 1118
14235 1133
14236 1145
14237 37
14238 752
14239 45
14240 1136
14241 1092
14242 121
14243 1062
14244 1092
14245 1092
14246 1136
14247 51
14248 103
14249 1136
14250 752
14251 37
14252 1092
14253 1136
14254 123
14255 103
14256 48
14257 1142
14258 1133
14259 1062
14260 1136
14261 45
14262 1142
14263 1092
14264 30
14265 103
14266 1142
14267 1136
14268 1142
14269 127
14270 797
14271 1132
14272 1118
14273 728
14274 37
14275 123
14276 1161
14277 1153
14278 1092
14279 1092
14280 1136
14281 1118
14282 752
14283 1118
14284 1132
14285 1092
14286 37
14287 1136
14288 1092
14289 752
14290 1092
14291 51
14292 752
14293 90
14294 588
14295 30
14296 1136
14297 1118
14298 603
14299 752
14300 797
14301 1136
14302 752
14303 1132
14304 1136
14305 752
14306 1133
14307 123
14308 73
14309 752
14310 752
14311 1136
14312 752
14313 603
14314 588
14315 45
14316 121
14317 603
14318 593
14319 1136
14320 1133
14321 1118
14322 1132
14323 752
14324 588
14325 103
14326 1092
14327 1118
14328 51
14329 593
14330 1136
14331 607
14332 1132
14333 588
14334 1134
14335 1133
14336 597
14337 1118
14338 1136
14339 1133
14340 37
14341 1136
14342 1092
14343 1145
14344 1062
14345 1136
14346 1134
14347 1118
14348 43
14349 1136
14350 1136
14351 1118
14352 588
14353 1136
14354 752
14355 1136
14356 51
14357 797
14358 1118
14359 1137
14360 1136
14361 1136
14362 1132
14363 593
14364 1118
14365 1092
14366 1136
14367 2
14368 1139
14369 37
14370 133
14371 752
14372 1132
14373 1136
14374 1132
14375 1062
14376 1136
14377 103
14378 1092
14379 797
14380 1136
14381 1136
14382 1133
14383 752
14384 1142
14385 1161
14386 752
14387 123
14388 50
14389 1118
14390 1118
14391 797
14392 150
14393 1118
14394 1092
14395 593
14396 1133
14397 1134
14398 752
14399 752
14400 1133
14401 1092
14402 752
14403 1145
14404 752
14405 1136
14406 67
14407 752
14408 1132
14409 752
14410 752
14411 123
14412 1136
14413 1092
14414 1137
14415 1134
14416 45
14417 1062
14418 752
14419 49
14420 123
14421 45
14422 1136
14423 593
14424 1132
14425 1134
14426 1132
14427 51
14428 1133
14429 1134
14430 797
14431 752
14432 1142
14433 752
14434 1092
14435 1132
14436 1132
14437 50
14438 603
14439 1118
14440 588
14441 51
14442 752
14443 1092
14444 588
14445 752
14446 1136
14447 1092
14448 728
14449 1118
14450 1092
14451 1118
14452 752
14453 573
14454 1118
14455 752
14456 1118
14457 752
14458 752
14459 1118
14460 37
14461 1092
14462 752
14463 752
14464 752
14465 37
14466 150
14467 752
14468 1136
14469 45
14470 45
14471 1092
14472 1118
14473 752
14474 752
14475 593
14476 1142
14477 1136
14478 43
14479 1092
14480 1092
14481 1133
14482 47
14483 123
14484 752
14485 1118
14486 1136
14487 1133
14488 1118
14489 123
14490 26
14491 1118
14492 573
14493 1145
14494 593
14495 26
14496 1092
14497 123
14498 1092
14499 50
14500 752
14501 1139
14502 1136
14503 1118
14504 1136
14505 47
14506 1092
14507 1136
14508 1133
14509 752
14510 797
14511 1142
14512 1134
14513 898
14514 150
14515 752
14516 752
14517 1118
14518 1062
14519 603
14520 123
14521 1137
14522 1132
14523 1136
14524 730
14525 1136
14526 588
14527 752
14528 1092
14529 37
14530 1118
14531 50
14532 50
14533 752
14534 752
14535 1092
14536 1062
14537 1062
14538 752
14539 1118
14540 1062
14541 1134
14542 123
14543 37
14544 1118
14545 1136
14546 123
14547 797
14548 150
14549 1092
14550 603
14551 588
14552 1161
14553 797
14554 603
14555 45
14556 1136
14557 1092
14558 752
14559 1142
14560 1153
14561 1132
14562 1136
14563 1145
14564 1092
14565 597
14566 72
14567 1118
14568 1118
14569 1137
14570 1062
14571 1145
14572 1118
14573 45
14574 752
14575 752
14576 752
14577 1203
14578 1136
14579 752
14580 37
14581 1142
14582 1118
14583 1136
14584 1092
14585 1132
14586 1118
14587 37
14588 51
14589 123
14590 1062
14591 1136
14592 573
14593 1137
14594 1136
14595 1136
14596 47
14597 49
14598 150
14599 752
14600 752
14601 1074
14602 1133
14603 1118
14604 1092
14605 1092
14606 752
14607 1136
14608 51
14609 37
14610 1134
14611 1092
14612 898
14613 1136
14614 752
14615 1134
14616 1142
14617 1136
14618 752
14619 1092
14620 752
14621 1136
14622 1092
14623 573
14624 1118
14625 752
14626 1118
14627 1118
14628 1134
14629 1092
14630 1136
14631 797
14632 1062
14633 752
14634 1137
14635 37
14636 1134
14637 1136
14638 588
14639 1092
14640 1136
14641 1142
14642 752
14643 1118
14644 51
14645 752
14646 752
14647 37
14648 1092
14649 1092
14650 1062
14651 593
14652 1142
14653 1136
14654 1139
14655 797
14656 1136
14657 1136
14658 1145
14659 150
14660 1062
14661 752
14662 123
14663 50
14664 588
14665 1133
14666 37
14667 752
14668 51
14669 1133
14670 47
14671 37
14672 797
14673 752
14674 1136
14675 1132
14676 752
14677 1132
14678 1118
14679 51
14680 51
14681 1134
14682 1118
14683 1142
14684 1118
14685 1062
14686 150
14687 123
14688 150
14689 1132
14690 103
14691 752
14692 1062
14693 752
14694 1133
14695 1132
14696 1134
14697 752
14698 1118
14699 752
14700 1118
14701 752
14702 1092
14703 752
14704 752
14705 1118
14706 37
14707 1133
14708 1136
14709 1134
14710 1142
14711 50
14712 1118
14713 150
14714 1134
14715 1153
14716 797
14717 752
14718 1133
14719 50
14720 1133
14721 45
14722 1136
14723 20
14724 51
14725 1092
14726 1092
14727 1142
14728 752
14729 1132
14730 1134
14731 1118
14732 123
14733 1092
14734 1136
14735 1132
14736 1133
14737 1134
14738 1092
14739 45
14740 50
14741 123
14742 1092
14743 150
14744 1092
14745 67
14746 1118
14747 1092
14748 1132
14749 752
14750 752
14751 37
14752 50
14753 790
14754 588
14755 123
14756 47
14757 1092
14758 37
14759 72
14760 1092
14761 52
14762 1074
14763 752
14764 801
14765 1062
14766 1132
14767 1118
14768 51
14769 1118
14770 752
14771 1118
14772 1137
14773 752
14774 1136
14775 1118
14776 1153
14777 593
14778 752
14779 1092
14780 53
14781 1136
14782 127
14783 797
14784 752
14785 121
14786 45
14787 1136
14788 797
14789 150
14790 51
14791 1161
14792 1136
14793 1145
14794 1132
14795 1092
14796 1074
14797 1
14798 588
14799 897
14800 1118
14801 1134
14802 1136
14803 1132
14804 37
14805 588
14806 752
14807 1145
14808 127
14809 52
14810 588
14811 1137
14812 931
14813 1092
14814 588
14815 37
14816 1136
14817 1133
14818 1092
14819 1132
14820 752
14821 1118
14822 1118
14823 752
14824 593
14825 1132
14826 1074
14827 1092
14828 752
14829 51
14830 1132
14831 26
14832 1161
14833 593
14834 1092
14835 1092
14836 1118
14837 1142
14838 797
14839 797
14840 603
14841 37
14842 1118
14843 1136
14844 752
14845 150
14846 1092
14847 1134
14848 1133
14849 1136
14850 1133
14851 1118
14852 1118
14853 37
14854 1132
14855 1136
14856 1136
14857 1136
14858 1092
14859 45
14860 797
14861 752
14862 603
14863 45
14864 1151
14865 1161
14866 1134
14867 752
14868 123
14869 2
14870 1118
14871 797
14872 150
14873 103
14874 1118
14875 45
14876 1136
14877 752
14878 1132
14879 752
14880 103
14881 150
14882 1136
14883 1142
14884 1134
14885 1136
14886 1133
14887 75
14888 1062
14889 45
14890 752
14891 1133
14892 1134
14893 1139
14894 1145
14895 1092
14896 51
14897 1092
14898 1132
14899 1118
14900 1118
14901 752
14902 1137
14903 1136
14904 1136
14905 1136
14906 1145
14907 1132
14908 1134
14909 1133
14910 1136
14911 1118
14912 1092
14913 1092
14914 1062
14915 45
14916 1134
14917 1134
14918 1074
14919 150
14920 1118
14921 1132
14922 1118
14923 752
14924 588
14925 30
14926 51
14927 1118
14928 752
14929 37
14930 1092
14931 1118
14932 1092
14933 603
14934 1118
14935 1145
14936 73
14937 37
14938 1118
14939 752
14940 37
14941 1137
14942 752
14943 1118
14944 1132
14945 1118
14946 1204
14947 752
14948 797
14949 1134
14950 1118
14951 1136
14952 752
14953 573
14954 1092
14955 603
14956 121
14957 1134
14958 752
14959 150
14960 150
14961 123
14962 1062
14963 1136
14964 1133
14965 1142
14966 123
14967 603
14968 573
14969 37
14970 20
14971 37
14972 1092
14973 752
14974 752
14975 1133
14976 1134
14977 1132
14978 123
14979 1137
14980 1118
14981 1134
14982 1133
14983 1092
14984 597
14985 1133
14986 752
14987 931
14988 1137
14989 47
14990 61
14991 1092
14992 123
14993 1134
14994 1092
14995 51
14996 1145
14997 752
14998 1134
14999 123
15000 752
15001 1142
15002 37
15003 1118
15004 1137
15005 1132
15006 573
15007 1118
15008 30
15009 1118
15010 1118
15011 1062
15012 597
15013 1142
15014 752
15015 1136
15016 1092
15017 603
15018 752
15019 1145
15020 1092
15021 588
15022 752
15023 1062
15024 150
15025 1062
15026 1137
15027 1133
15028 1134
15029 1134
15030 1092
15031 51
15032 752
15033 1132
15034 1062
15035 1136
15036 1132
15037 1118
15038 1136
15039 752
15040 1136
15041 752
15042 752
15043 752
15044 1133
15045 752
15046 1092
15047 1132
15048 752
15049 1118
15050 37
15051 1132
15052 593
15053 123
15054 1134
15055 123
15056 1092
15057 752
15058 1118
15059 1118
15060 37
15061 1136
15062 752
15063 1142
15064 1134
15065 1136
15066 801
15067 797
15068 72
15069 1118
15070 1062
15071 150
15072 1092
15073 1092
15074 1062
15075 1142
15076 797
15077 1133
15078 797
15079 752
15080 150
15081 50
15082 1136
15083 103
15084 1062
15085 752
15086 1132
15087 752
15088 1092
15089 1142
15090 51
15091 728
15092 1136
15093 123
15094 1132
15095 1134
15096 752
15097 752
15098 752
15099 1145
15100 1136
15101 1142
15102 752
15103 752
15104 1142
15105 1118
15106 1092
15107 1092
15108 50
15109 1136
15110 123
15111 1133
15112 1092
15113 37
15114 1092
15115 752
15116 10
15117 1142
15118 752
15119 1133
15120 1092
15121 1092
15122 797
15123 1133
15124 1142
15125 1136
15126 1142
15127 1161
15128 797
15129 1133
15130 752
15131 1118
15132 1145
15133 1062
15134 752
15135 1133
15136 123
15137 123
15138 1092
15139 1137
15140 752
15141 1132
15142 1136
15143 1134
15144 1133
15145 50
15146 37
15147 1118
15148 37
15149 1062
15150 1118
15151 1118
15152 752
15153 752
15154 1118
15155 1118
15156 10
15157 797
15158 1092
15159 1118
15160 752
15161 589
15162 894
15163 45
15164 59
15165 41
15166 1153
15167 1153
15168 606
15169 1205
15170 59
15171 589
15172 1153
15173 1153
15174 1153
15175 31
