9048 78
9049 969
9050 9
9051 4
9052 80
9053 78
9054 49
9055 74
9056 49
9057 27
9058 36
9059 680
9060 680
9061 8
9062 85
9063 86
9064 46
9065 969
9066 1096
9067 144
9068 74
9069 83
9070 109
9071 184
9072 118
9073 23
9074 27
9075 24
9076 151
9077 81
9078 51
9079 74
9080 36
9081 85
9082 1277
9083 74
9084 148
9085 78
9086 113
9087 116
9088 13
9089 31
9090 99
9091 72
9092 2196
9093 68
9094 132
9095 78
9096 85
9097 809
9098 23
9099 75
9100 74
9101 708
9102 17
9103 671
9104 81
9105 23
9106 113
9107 81
9108 27
9109 74
9110 27
9111 126
9112 86
9113 49
9114 5
9115 129
9116 112
9117 85
9118 41
9119 966
9120 101
9121 99
9122 78
9123 671
9124 81
9125 113
9126 86
9127 148
9128 812
9129 13
9130 77
9131 34
9132 141
9133 137
9134 75
9135 4
9136 77
9137 75
9138 56
9139 118
9140 132
9141 81
9142 990
9143 154
9144 75
9145 99
9146 5
9147 13
9148 86
9149 8
9150 31
9151 132
9152 13
9153 189
9154 132
9155 9
9156 91
9157 41
9158 81
9159 13
9160 85
9161 13
9162 56
9163 55
9164 96
9165 104
9166 78
9167 85
9168 41
9169 74
9170 25
9171 695
9172 154
9173 31
9174 74
9175 27
9176 189
9177 5
9178 132
9179 13
9180 129
9181 5
9182 129
9183 99
9184 118
9185 33
9186 23
9187 132
9188 132
9189 8
9190 25
9191 63
9192 3
9193 80
9194 88
9195 99
9196 141
9197 969
9198 86
9199 27
9200 2197
9201 51
9202 55
9203 49
9204 74
9205 125
9206 68
9207 75
9208 13
9209 41
9210 27
9211 148
9212 80
9213 27
9214 75
9215 812
9216 81
9217 121
9218 132
9219 13
9220 51
9221 112
9222 141
9223 74
9224 130
9225 8
9226 74
9227 86
9228 132
9229 63
9230 123
9231 9
9232 694
9233 41
9234 116
9235 41
9236 36
9237 26
9238 41
9239 25
9240 41
9241 116
9242 87
9243 80
9244 189
9245 112
9246 112
9247 55
9248 68
9249 74
9250 85
9251 16
9252 25
9253 81
9254 148
9255 81
9256 13
9257 47
9258 33
9259 34
9260 68
9261 116
9262 666
9263 33
9264 1063
9265 75
9266 113
9267 78
9268 72
9269 74
9270 13
9271 21
9272 33
9273 24
9274 77
9275 146
9276 86
9277 1576
9278 4
9279 21
9280 78
9281 56
9282 16
9283 55
9284 86
9285 37
9286 68
9287 99
9288 75
9289 80
9290 87
9291 4
9292 691
9293 141
9294 80
9295 79
9296 17
9297 189
9298 86
9299 75
9300 51
9301 27
9302 8
9303 154
9304 9
9305 81
9306 99
9307 116
9308 49
9309 671
9310 146
9311 72
9312 5
9313 890
9314 31
9315 966
9316 11
9317 1576
9318 189
9319 77
9320 8
9321 68
9322 74
9323 33
9324 13
9325 74
9326 695
9327 99
9328 59
9329 129
9330 113
9331 677
9332 13
9333 33
9334 691
9335 116
9336 85
9337 13
9338 669
9339 27
9340 34
9341 39
9342 695
9343 27
9344 113
9345 13
9346 26
9347 85
9348 113
9349 702
9350 129
9351 37
9352 13
9353 13
9354 86
9355 75
9356 72
9357 49
9358 4
9359 154
9360 81
9361 37
9362 24
9363 75
9364 80
9365 118
9366 41
9367 34
9368 141
9369 74
9370 25
9371 33
9372 2198
9373 13
9374 74
9375 25
9376 146
9377 675
9378 113
9379 9
9380 1105
9381 81
9382 72
9383 141
9384 56
9385 17
9386 63
9387 13
9388 72
9389 88
9390 24
9391 13
9392 81
9393 10
9394 74
9395 34
9396 33
9397 79
9398 27
9399 141
9400 1516
9401 1071
9402 155
9403 1576
9404 16
9405 132
9406 99
9407 31
9408 13
9409 99
9410 154
9411 27
9412 49
9413 74
9414 75
9415 702
9416 31
9417 74
9418 123
9419 5
9420 81
9421 78
9422 72
9423 8
9424 74
9425 118
9426 680
9427 3
9428 24
9429 47
9430 39
9431 80
9432 3
9433 708
9434 1102
9435 31
9436 37
9437 1382
9438 132
9439 116
9440 695
9441 55
9442 81
9443 144
9444 27
9445 96
9446 155
9447 99
9448 148
9449 901
9450 86
9451 99
9452 4
9453 101
9454 4
9455 8
9456 1105
9457 141
9458 36
9459 85
9460 27
9461 13
9462 189
9463 101
9464 8
9465 118
9466 56
9467 8
9468 666
9469 141
9470 4
9471 32
9472 31
9473 146
9474 99
9475 99
9476 13
9477 8
9478 74
9479 77
9480 74
9481 34
9482 189
9483 75
9484 144
9485 33
9486 809
9487 1587
9488 75
9489 36
9490 74
9491 104
9492 1105
9493 146
9494 99
9495 151
9496 25
9497 708
9498 91
9499 41
9500 23
9501 129
9502 132
9503 33
9504 68
9505 8
9506 63
9507 132
9508 41
9509 41
9510 2199
9511 38
9512 74
9513 8
9514 25
9515 8
9516 74
9517 68
9518 112
9519 5
9520 3
9521 672
9522 112
9523 31
9524 8
9525 3
9526 80
9527 8
9528 969
9529 708
9530 132
9531 901
9532 74
9533 33
9534 969
9535 47
9536 25
9537 17
9538 13
9539 17
9540 8
9541 189
9542 151
9543 77
9544 85
9545 87
9546 695
9547 113
9548 684
9549 686
9550 99
9551 77
9552 1105
9553 101
9554 969
9555 23
9556 101
9557 75
9558 74
9559 74
9560 37
9561 27
9562 112
9563 132
9564 4
9565 75
9566 51
9567 87
9568 24
9569 31
9570 86
9571 75
9572 13
9573 23
9574 13
9575 141
9576 694
9577 37
9578 86
9579 109
9580 91
9581 87
9582 99
9583 104
9584 33
9585 80
9586 104
9587 17
9588 13
9589 13
9590 142
9591 141
9592 27
9593 141
9594 153
9595 132
9596 151
9597 112
9598 34
9599 113
9600 34
9601 25
9602 56
9603 27
9604 34
9605 27
9606 27
9607 708
9608 130
9609 74
9610 37
9611 116
9612 148
9613 87
9614 1576
9615 33
9616 112
9617 807
9618 74
9619 91
9620 1576
9621 100
9622 27
9623 36
9624 4
9625 80
9626 78
9627 41
9628 5
9629 25
9630 13
9631 77
9632 39
9633 37
9634 99
9635 27
9636 75
9637 11
9638 56
9639 132
9640 13
9641 2200
9642 4
9643 8
9644 13
9645 81
9646 56
9647 81
9648 99
9649 99
9650 80
9651 74
9652 24
9653 155
9654 116
9655 51
9656 56
9657 112
9658 8
9659 75
9660 63
9661 36
9662 141
9663 47
9664 74
9665 113
9666 708
9667 112
9668 91
9669 25
9670 31
9671 151
9672 49
9673 63
9674 189
9675 9
9676 99
9677 75
9678 74
9679 24
9680 74
9681 109
9682 74
9683 78
9684 86
9685 81
9686 27
9687 969
9688 87
9689 13
9690 86
9691 116
9692 4
9693 100
9694 146
9695 9
9696 74
9697 23
9698 116
9699 116
9700 24
9701 677
9702 677
9703 702
9704 80
9705 27
9706 80
9707 116
9708 141
9709 9
9710 11
9711 44
9712 32
9713 113
9714 85
9715 55
9716 99
9717 21
9718 16
9719 47
9720 677
9721 118
9722 2201
9723 44
9724 148
9725 695
9726 21
9727 141
9728 37
9729 184
9730 74
9731 75
9732 109
9733 81
9734 99
9735 8
9736 708
9737 154
9738 21
9739 21
9740 684
9741 99
9742 990
9743 13
