12493 1355
12494 2694
12495 1355
12496 1626
12497 1355
12498 1355
12499 2611
12500 2612
12501 1626
12502 75
12503 1350
12504 1355
12505 2155
12506 1626
12507 2155
12508 1936
12509 103
12510 1626
12511 1355
12512 1350
12513 1619
12514 1355
12515 2155
12516 1355
12517 1350
12518 1355
12519 1350
12520 1626
12521 1350
12522 1355
12523 1355
12524 1355
12525 614
12526 75
12527 1355
12528 1566
12529 1355
12530 1355
12531 1355
12532 1355
12533 1619
12534 2613
12535 1350
12536 1626
12537 1619
12538 1350
12539 1350
12540 1566
12541 1626
12542 75
12543 1619
12544 1566
12545 1626
12546 75
12547 75
12548 75
12549 1350
12550 1355
12551 1626
12552 1350
12553 1350
12554 75
12555 75
12556 2169
12557 1619
12558 1566
12559 1350
12560 1355
12561 1350
12562 1355
12563 1619
12564 1350
12565 1626
12566 1350
12567 1355
12568 1350
12569 1350
12570 1619
12571 75
12572 1355
12573 1355
12574 1350
12575 1350
12576 1626
12577 1619
12578 1350
12579 1626
12580 1626
12581 1626
12582 75
12583 1626
12584 1610
12585 1350
12586 1626
12587 1350
12588 1355
12589 1350
12590 1355
12591 614
12592 1355
12593 1355
12594 1350
12595 1626
12596 1350
12597 75
12598 1350
12599 1626
12600 791
12601 1350
12602 11
12603 1355
12604 1355
12605 1566
12606 1566
12607 1626
12608 1355
12609 1350
12610 2158
12611 1626
12612 1619
12613 1626
12614 1626
12615 1626
12616 1350
12617 1626
12618 1626
12619 577
12620 1350
12621 1350
12622 1355
12623 1619
12624 2139
12625 1350
12626 33
12627 1355
12628 1355
12629 1626
12630 1350
12631 33
12632 1566
12633 1626
12634 85
12635 1350
12636 1355
12637 1355
12638 1566
12639 1350
12640 1626
12641 1350
12642 1355
12643 1619
12644 1355
12645 1619
12646 2158
12647 75
12648 1355
12649 75
12650 103
12651 2694
12652 1566
12653 1355
12654 1355
12655 1566
12656 1355
12657 75
12658 1355
12659 1355
12660 1350
12661 75
12662 1350
12663 1350
12664 1355
12665 1355
12666 1626
12667 1619
12668 1626
12669 1355
12670 1355
12671 1619
12672 1566
12673 1619
12674 1355
12675 2694
12676 1619
12677 401
12678 1566
12679 2614
12680 772
12681 2169
12682 1355
12683 2169
12684 2169
12685 2169
12686 1355
12687 1350
12688 1358
12689 1619
12690 2167
12691 1619
12692 1566
12693 1358
12694 1358
12695 2169
12696 1566
12697 2169
12698 1914
12699 1566
12700 1909
12701 1566
12702 488
12703 1358
12704 772
12705 1355
12706 2714
12707 2169
12708 2171
12709 1355
12710 1358
12711 1566
12712 2178
12713 401
12714 2169
12715 1566
12716 1358
12717 1199
12718 1626
12719 1626
12720 1566
12721 1355
12722 2172
12723 1355
12724 2169
12725 2173
12726 1566
12727 772
12728 2615
12729 1355
12730 1358
12731 1626
12732 2169
12733 2616
12734 1566
12735 1626
12736 1566
12737 2617
12738 2169
12739 2169
12740 2169
12741 1355
12742 1626
12743 1358
12744 2178
12745 1626
12746 2169
12747 1626
12748 1355
12749 1358
12750 2169
12751 772
12752 401
12753 2169
12754 1626
12755 488
12756 1566
12757 1566
12758 2169
12759 2169
12760 1566
12761 2169
12762 1566
12763 2169
12764 1355
12765 1619
12766 1566
12767 2169
12768 1358
12769 2618
12770 1626
12771 1199
12772 1619
12773 2169
12774 2171
12775 1566
12776 1566
12777 2172
12778 2619
12779 791
12780 1650
12781 1564
12782 1358
12783 1358
12784 1626
12785 1619
12786 2169
12787 2620
12788 1566
12789 2621
12790 2714
12791 1626
12792 2622
12793 2623
12794 2624
12795 2625
12796 1566
12797 2169
12798 2169
12799 76
12800 2169
12801 2173
12802 1566
12803 2178
12804 2169
12805 1619
12806 1358
12807 2627
12808 1566
12809 2193
12810 2169
12811 2628
12812 2169
12813 772
12814 2714
12815 1566
12816 1355
12817 1566
12818 1355
12819 1566
12820 1358
12821 1355
12822 1626
12823 1358
12824 2178
12825 2714
12826 1616
12827 2714
12828 1616
12829 2629
12830 1566
12831 1566
12832 1358
12833 1358
12834 2169
12835 1914
12836 1358
12837 1566
12838 1358
12839 1626
12840 1355
12841 1358
12842 2169
12843 1626
12844 1619
12845 2169
12846 2630
12847 2169
12848 1626
12849 497
12850 2169
12851 1355
12852 1564
12853 2169
12854 2169
12855 2169
12856 1566
12857 2169
12858 1358
12859 2169
12860 1358
12861 427
12862 1619
12863 1355
12864 1566
12865 1619
12866 2631
12867 401
12868 1358
12869 1626
12870 2169
12871 1564
12872 1355
12873 1566
12874 1566
12875 2632
12876 1355
12877 1358
12878 1914
12879 1566
12880 2173
12881 2169
12882 772
12883 1566
12884 2169
12885 1566
12886 1619
12887 1650
12888 2169
12889 1626
12890 2169
12891 1566
12892 772
12893 2169
12894 2633
12895 1358
12896 1600
12897 2167
12898 2178
12899 1619
12900 1355
12901 772
12902 1564
12903 2635
12904 1566
12905 2169
12906 1358
12907 2169
12908 1626
12909 1566
12910 1566
12911 1350
12912 1566
12913 2636
12914 1566
12915 1564
12916 2637
12917 1564
12918 1564
12919 2169
12920 1350
12921 776
12922 1626
12923 2638
12924 797
12925 1564
12926 1350
12927 429
12928 1546
12929 1355
12930 2703
12931 2639
12932 1566
12933 577
12934 1566
12935 926
12936 1850
12937 2211
12938 2640
12939 1350
12940 2213
12941 2641
12942 1566
12943 500
12944 1626
12945 577
12946 1358
12947 2216
12948 2642
12949 2643
12950 1350
12951 2211
12952 2644
12953 1610
12954 1626
12955 2645
12956 1566
12957 1566
12958 1355
12959 1566
12960 2169
12961 1564
12962 2646
12963 1566
12964 1350
12965 441
12966 1626
12967 2647
12968 2222
12969 1564
12970 1626
12971 2223
12972 1566
12973 429
12974 2169
12975 1355
12976 1358
12977 1350
12978 1566
12979 770
12980 2225
12981 2648
12982 2649
12983 1355
12984 1566
12985 1626
12986 2703
12987 1566
12988 1566
12989 1350
12990 1566
12991 1566
12992 1566
12993 401
12994 1566
12995 1564
12996 1564
12997 1570
12998 441
12999 1566
13000 1566
13001 1564
13002 1566
13003 2650
13004 1350
13005 2169
13006 1566
13007 1566
13008 1176
13009 1355
13010 1350
13011 1626
13012 444
13013 1626
13014 1355
13015 1626
13016 2225
13017 2651
13018 577
13019 1566
13020 1355
13021 1358
13022 2169
13023 1564
13024 2709
13025 1355
13026 2233
13027 577
13028 1355
13029 1564
13030 1914
13031 1358
13032 1616
13033 1626
13034 1350
13035 577
13036 1566
13037 1350
13038 2652
13039 500
13040 1566
13041 1566
13042 1355
13043 1350
13044 577
13045 1914
13046 1566
13047 2653
13048 791
13049 2233
13050 1566
13051 577
13052 2654
13053 1626
13054 1350
13055 2252
13056 2656
13057 1626
13058 1350
13059 1564
13060 441
13061 1566
13062 1900
13063 1566
13064 2657
13065 1358
13066 1564
13067 1566
13068 2658
13069 1900
13070 2243
13071 2659
13072 75
13073 2660
13074 1564
13075 1566
13076 1350
13077 2661
13078 1350
13079 2169
13080 1564
13081 2662
13082 1566
13083 2663
13084 2664
13085 1566
13086 1566
13087 1619
13088 415
13089 1626
13090 2665
13091 1350
13092 1358
13093 2252
13094 75
13095 2666
13096 2213
13097 2667
13098 2222
13099 75
13100 1355
13101 577
13102 1176
13103 1566
13104 1566
13105 577
13106 1566
13107 1566
13108 1322
13109 2257
13110 441
13111 2223
13112 2243
13113 1350
13114 2669
13115 1566
13116 1566
13117 1358
13118 2257
13119 1566
13120 2169
13121 1350
13122 1355
13123 441
13124 1187
13125 1564
13126 1564
13127 2216
13128 1350
13129 1626
13130 2169
13131 1566
13132 1626
13133 2709
13134 1566
13135 1355
13136 1564
13137 2169
13138 1350
13139 1564
13140 11
13141 2671
13142 1626
13143 1350
13144 1566
13145 1566
13146 2672
13147 1355
13148 1566
13149 2252
13150 1566
13151 1350
13152 1914
13153 1564
13154 1626
13155 1350
13156 1350
13157 2673
13158 2674
13159 1566
13160 2675
13161 2676
13162 2677
13163 1566
13164 2257
13165 1358
13166 1566
13167 1566
13168 926
13169 1564
13170 577
13171 1650
13172 1566
13173 1358
13174 1566
13175 2678
13176 1566
13177 1566
13178 1350
13179 2679
13180 2680
13181 1358
13182 1564
13183 1564
13184 1358
13185 1358
13186 1358
13187 1626
13188 1358
13189 1358
13190 96
13191 1355
13192 1564
13193 1358
13194 2269
13195 1564
13196 1358
13197 1358
13198 500
13199 1358
13200 1358
13201 1626
13202 1564
13203 1358
13204 1358
13205 1358
13206 1358
13207 1358
13208 1358
13209 1564
13210 1358
13211 1358
13212 1564
13213 1358
13214 1564
13215 1358
13216 1358
13217 1358
13218 1564
13219 1358
13220 1566
13221 1564
13222 1566
13223 1564
13224 1358
13225 1626
13226 1358
13227 1564
13228 1358
13229 1564
13230 1358
13231 1564
13232 1566
13233 1564
13234 1564
13235 1626
13236 1358
13237 2271
13238 1564
13239 2681
13240 2682
13241 1564
13242 1358
13243 1564
13244 1626
13245 1358
13246 1564
13247 2683
13248 1564
13249 1358
13250 1564
13251 1358
13252 1358
13253 1358
13254 1358
13255 1358
13256 1564
13257 1358
13258 1564
13259 1358
13260 1358
13261 1355
13262 1358
13263 1358
13264 1566
13265 1564
13266 1358
13267 1619
13268 1358
13269 1358
13270 1564
13271 1564
13272 1358
13273 2169
13274 2684
13275 1358
13276 1358
13277 1358
13278 1564
13279 1358
13280 1564
13281 1564
13282 1358
13283 1626
13284 1564
13285 1626
13286 2685
13287 1358
13288 1564
13289 1358
13290 1564
13291 1358
13292 1564
13293 1564
13294 1900
13295 1564
13296 2169
13297 1358
13298 1358
13299 1358
13300 1566
13301 1564
13302 1358
13303 1564
13304 1566
13305 1358
13306 1358
13307 1564
13308 1564
13309 1358
13310 1176
13311 1564
13312 2686
13313 1358
13314 1358
13315 772
13316 1564
13317 1564
13318 2169
13319 1358
13320 1358
13321 1619
13322 1564
13323 1358
13324 4
13325 1564
13326 1358
13327 1358
13328 1564
13329 1355
13330 1358
13331 1626
13332 1355
13333 1358
13334 96
13335 1564
13336 1358
13337 1564
13338 1358
13339 1564
13340 1564
13341 1619
13342 1358
13343 1358
13344 1564
13345 1358
13346 1358
13347 2271
13348 1358
13349 96
13350 1564
13351 1358
13352 1900
13353 1358
13354 1564
13355 1564
13356 2687
13357 1358
13358 1583
13359 1564
13360 1358
13361 1564
13362 1564
13363 1358
13364 1358
13365 1358
13366 2688
13367 1564
13368 1358
13369 1358
13370 1626
13371 1564
13372 1358
13373 1358
13374 1626
13375 1358
13376 96
13377 1564
13378 1564
13379 1358
13380 1358
13381 1358
13382 2689
13383 1358
13384 1564
13385 2690
13386 1358
13387 1358
13388 1564
13389 1626
13390 1566
13391 1358
13392 1358
13393 1358
13394 1564
13395 1358
13396 1619
13397 1355
13398 1564
13399 1626
13400 1564
13401 1564
13402 2269
13403 1358
13404 1564
13405 1355
13406 1355
13407 1564
13408 1358
13409 1564
13410 1564
13411 1358
13412 1566
13413 1564
13414 1112
13415 2691
13416 1355
13417 1936
13418 1355
13419 1626
13420 1355
13421 1355
13422 1355
13423 1355
13424 1355
13425 1626
13426 1626
13427 1355
13428 1626
13429 1566
13430 1626
13431 2193
13432 1626
13433 1355
13434 1355
13435 1355
13436 1626
13437 2169
13438 1355
13439 1355
13440 1355
13441 1355
13442 1355
13443 1626
13444 781
13445 2169
13446 2193
13447 1626
13448 1626
13449 1626
13450 1355
13451 1626
13452 1626
13453 1626
