18765 115
18766 113
18767 115
18768 1
18769 26
18770 36
18771 186
18772 186
18773 186
18774 147
18775 115
18776 185
18777 153
18778 147
18779 4548
18780 51
18781 65
18782 886
18783 38
18784 135
18785 51
18786 51
18787 37
18788 185
18789 86
18790 185
18791 1994
18792 10
18793 186
18794 147
18795 3045
18796 185
18797 37
18798 115
18799 2226
18800 15
18801 55
18802 4549
18803 186
18804 46
18805 51
18806 186
18807 51
18808 167
18809 147
18810 51
18811 51
18812 186
18813 17
18814 153
18815 209
18816 879
18817 186
18818 2761
18819 5
18820 186
18821 51
18822 115
18823 147
18824 2226
18825 51
18826 206
18827 206
18828 2226
18829 206
18830 186
18831 1157
18832 2226
18833 4619
18834 43
18835 17
18836 30
18837 26
18838 206
18839 1994
18840 186
18841 51
18842 186
18843 186
18844 1775
18845 186
18846 57
18847 102
18848 112
18849 4619
18850 51
18851 110
18852 35
18853 206
18854 57
18855 51
18856 185
18857 206
18858 147
18859 51
18860 147
18861 57
18862 147
18863 209
18864 94
18865 115
18866 102
18867 113
18868 7
18869 186
18870 115
18871 4550
18872 110
18873 147
18874 185
18875 37
18876 3263
18877 51
18878 1191
18879 51
18880 1191
18881 186
18882 209
18883 51
18884 51
18885 5
18886 1191
18887 186
18888 886
18889 86
18890 51
18891 1566
18892 37
18893 147
18894 209
18895 51
18896 57
18897 46
18898 51
18899 57
18900 26
18901 1994
18902 12
18903 186
18904 147
18905 26
18906 26
18907 191
18908 185
18909 57
18910 1994
18911 113
18912 4613
18913 186
18914 37
18915 51
18916 1994
18917 185
18918 1994
18919 65
18920 186
18921 186
18922 86
18923 186
18924 206
18925 206
18926 115
18927 35
18928 110
18929 110
18930 206
18931 115
18932 57
18933 147
18934 185
18935 37
18936 2761
18937 51
18938 26
18939 51
18940 186
18941 186
18942 113
18943 185
18944 186
18945 185
18946 153
18947 185
18948 1994
18949 4613
18950 185
18951 186
18952 206
18953 147
18954 206
18955 206
18956 1994
18957 206
18958 206
18959 17
18960 1370
18961 251
18962 147
18963 4552
18964 209
18965 185
18966 1994
18967 57
18968 153
18969 1994
18970 147
18971 17
18972 51
18973 1157
18974 147
18975 1157
18976 130
18977 4638
18978 51
18979 147
18980 4638
18981 57
18982 4638
18983 57
18984 147
18985 2226
18986 1
18987 51
18988 147
18989 51
18990 1994
18991 206
18992 30
18993 17
18994 147
18995 147
18996 51
18997 57
18998 5
18999 63
19000 4553
19001 4638
19002 43
19003 57
19004 185
19005 57
19006 1994
19007 153
19008 57
19009 147
19010 115
19011 4554
19012 115
19013 1157
19014 1157
19015 57
19016 17
19017 37
19018 147
19019 206
19020 186
19021 209
19022 20
19023 1994
19024 51
19025 115
19026 17
19027 1994
19028 90
19029 147
19030 140
19031 206
19032 37
19033 186
19034 185
19035 167
19036 131
19037 32
19038 147
19039 206
19040 1157
19041 206
19042 147
19043 17
19044 186
19045 51
19046 886
19047 37
19048 2226
19049 153
19050 113
19051 206
19052 57
19053 30
19054 206
19055 4555
19056 206
19057 86
19058 147
19059 2226
19060 147
19061 113
19062 51
19063 55
19064 4556
19065 1
19066 147
19067 51
19068 4104
19069 51
19070 147
19071 86
19072 2226
19073 26
19074 1584
19075 135
19076 153
19077 4557
19078 185
19079 54
19080 17
19081 57
19082 209
19083 185
19084 209
19085 110
19086 110
19087 186
19088 51
19089 57
19090 147
19091 2226
19092 147
19093 206
19094 86
19095 86
19096 185
19097 185
19098 46
19099 206
19100 302
19101 206
19102 206
19103 54
19104 86
19105 209
19106 86
19107 206
19108 115
19109 186
19110 86
19111 213
19112 206
19113 51
19114 886
19115 140
19116 35
19117 113
19118 209
19119 1994
19120 209
19121 115
19122 185
19123 209
19124 51
19125 2226
19126 4558
19127 147
19128 37
19129 32
19130 55
19131 209
19132 185
19133 1994
19134 4559
19135 86
19136 148
19137 1994
19138 1157
19139 206
19140 153
19141 147
19142 302
19143 86
19144 55
19145 55
19146 185
19147 1994
19148 4613
19149 51
19150 113
19151 2226
19152 147
19153 1
19154 147
19155 1994
19156 2226
19157 185
19158 147
19159 55
19160 86
19161 1994
19162 113
19163 86
19164 21
19165 61
19166 57
19167 147
19168 1157
19169 1157
19170 10
19171 32
19172 54
19173 57
19174 115
19175 185
19176 63
19177 147
19178 15
19179 115
19180 147
19181 147
19182 147
19183 90
19184 2226
19185 112
19186 4560
19187 1157
19188 2226
19189 147
19190 185
19191 153
19192 186
19193 25
19194 55
19195 54
19196 147
19197 26
19198 147
19199 147
19200 147
19201 1157
19202 4561
19203 51
19204 63
19205 147
19206 115
19207 147
19208 2226
19209 1157
19210 30
19211 135
19212 2226
19213 26
19214 51
19215 57
19216 51
19217 51
19218 147
19219 186
19220 65
19221 147
19222 15
19223 54
19224 113
19225 147
19226 51
19227 2226
19228 65
19229 135
19230 20
19231 2818
19232 86
19233 54
19234 2226
19235 2226
19236 51
19237 86
19238 186
19239 54
19240 1191
19241 186
19242 57
19243 2226
19244 1
19245 186
19246 2226
19247 147
19248 26
19249 90
19250 113
19251 2226
19252 2226
19253 113
19254 186
19255 86
19256 186
19257 140
19258 147
19259 2226
19260 51
19261 4563
19262 110
19263 147
19264 147
19265 147
19266 110
19267 113
19268 1157
19269 4564
19270 4565
19271 55
19272 4651
19273 147
19274 57
19275 113
19276 1304
19277 186
19278 147
19279 147
19280 86
19281 86
19282 51
19283 113
19284 4566
19285 51
19286 1
19287 86
19288 110
19289 4567
19290 4568
19291 54
19292 86
19293 1157
19294 1157
19295 2226
19296 186
19297 1157
19298 1157
19299 2226
19300 1157
19301 26
19302 1157
19303 147
19304 57
19305 113
19306 51
19307 147
19308 55
19309 4569
19310 51
19311 185
19312 213
19313 4570
19314 112
19315 186
19316 147
19317 1157
19318 4571
19319 86
19320 86
19321 54
19322 2226
19323 186
19324 2226
19325 86
19326 186
19327 51
19328 2226
19329 147
19330 1
19331 2226
19332 147
19333 147
19334 4572
19335 51
19336 26
19337 51
19338 51
19339 2002
19340 21
19341 1
19342 2226
19343 147
19344 86
19345 147
19346 86
19347 147
19348 86
19349 113
19350 86
19351 2226
19352 86
19353 147
19354 110
19355 55
19356 30
19357 1157
19358 57
19359 113
19360 147
19361 86
19362 4163
19363 2818
19364 86
19365 140
19366 57
19367 1157
19368 302
19369 115
19370 90
19371 55
19372 4575
19373 4576
19374 90
19375 113
19376 186
19377 1191
19378 2226
19379 1157
19380 1157
19381 55
19382 51
19383 4
19384 186
19385 147
19386 1157
19387 2226
19388 1157
19389 86
19390 51
19391 2226
19392 55
19393 130
19394 94
19395 147
19396 147
19397 147
19398 113
19399 1157
19400 147
19401 54
19402 113
19403 1
19404 147
19405 51
19406 51
19407 1157
19408 147
19409 140
19410 147
19411 15
19412 86
19413 86
19414 147
19415 1157
19416 1157
19417 147
19418 186
19419 90
19420 2226
19421 186
19422 26
19423 213
19424 186
19425 57
19426 2226
19427 2226
19428 147
19429 113
19430 186
19431 86
19432 57
19433 167
19434 147
19435 38
19436 147
19437 26
19438 147
19439 115
19440 46
19441 147
19442 86
19443 1994
19444 55
19445 57
19446 147
19447 147
19448 54
19449 2226
19450 115
19451 4577
19452 4578
19453 147
19454 2226
19455 51
19456 4651
19457 57
19458 113
19459 302
19460 113
19461 2226
19462 2226
19463 1994
19464 90
19465 147
19466 140
19467 186
19468 302
19469 147
19470 26
19471 4
19472 113
19473 54
19474 61
19475 1157
19476 30
19477 51
19478 147
19479 147
19480 245
19481 186
19482 156
19483 147
19484 15
19485 113
19486 1157
19487 2226
19488 186
19489 147
19490 54
19491 167
19492 51
19493 2226
19494 37
19495 186
19496 113
19497 112
19498 2226
19499 113
19500 86
19501 86
19502 55
19503 113
19504 113
19505 186
19506 86
19507 86
19508 2226
19509 26
19510 113
19511 86
19512 86
19513 26
19514 86
19515 113
19516 1
19517 86
19518 113
19519 86
19520 37
19521 4579
19522 186
19523 186
19524 113
19525 86
19526 86
19527 186
19528 2226
19529 113
19530 2226
19531 86
19532 113
19533 86
19534 186
19535 186
19536 186
19537 65
19538 186
19539 186
19540 2226
19541 2226
19542 206
19543 2226
19544 25
19545 1191
19546 4580
19547 86
19548 2226
19549 86
19550 186
19551 113
19552 46
19553 86
19554 86
19555 2226
19556 86
19557 186
19558 186
19559 186
19560 2226
19561 2226
19562 186
19563 251
19564 186
19565 4581
19566 113
19567 86
19568 186
19569 186
19570 86
19571 25
19572 86
19573 86
19574 186
19575 4582
19576 36
19577 2226
19578 2226
19579 86
19580 86
19581 186
19582 186
19583 113
19584 147
19585 113
19586 37
19587 113
19588 186
19589 86
19590 86
19591 213
19592 86
19593 2226
19594 86
19595 54
19596 2226
19597 37
19598 86
19599 86
19600 186
19601 113
19602 2226
19603 86
19604 113
19605 113
19606 186
19607 86
19608 86
19609 2226
19610 30
19611 113
19612 148
19613 46
19614 26
19615 2226
19616 186
19617 86
19618 113
19619 26
19620 86
19621 86
19622 113
19623 186
19624 86
19625 26
19626 2226
19627 86
19628 37
19629 26
19630 55
19631 186
19632 186
19633 2226
19634 20
19635 1191
19636 186
19637 2226
19638 86
19639 2226
19640 86
19641 113
19642 86
19643 86
19644 1191
19645 113
19646 86
19647 2226
19648 2226
19649 2226
19650 46
19651 86
19652 186
19653 113
19654 2226
19655 86
19656 86
19657 2226
19658 30
19659 86
19660 186
19661 86
19662 25
19663 2226
19664 86
19665 186
19666 55
19667 186
19668 86
19669 2226
19670 86
19671 2226
19672 30
19673 3073
19674 186
19675 113
19676 186
19677 113
19678 186
19679 186
19680 2226
19681 26
19682 2226
19683 37
19684 113
19685 113
19686 20
19687 2226
19688 86
19689 37
19690 2226
19691 2226
19692 113
19693 2226
19694 3073
19695 113
19696 113
19697 86
19698 186
19699 186
19700 3073
19701 2226
19702 186
19703 86
19704 2226
19705 4583
19706 26
19707 37
19708 2226
19709 2226
19710 186
19711 113
19712 86
19713 55
19714 2226
19715 2226
19716 186
19717 46
19718 86
19719 2226
19720 2226
19721 186
19722 113
19723 113
19724 2226
19725 186
19726 113
19727 37
19728 186
19729 86
19730 4356
19731 2226
19732 46
19733 20
19734 86
19735 113
19736 86
19737 2226
19738 2226
19739 2226
19740 2226
19741 102
19742 2226
19743 186
19744 86
19745 113
19746 113
19747 86
19748 86
19749 25
19750 21
19751 2226
19752 1
19753 113
19754 86
19755 113
19756 113
19757 113
19758 186
19759 86
19760 2226
19761 2226
19762 65
19763 113
19764 2226
19765 2226
19766 2226
19767 86
19768 2226
19769 113
19770 2226
19771 2226
19772 2226
19773 113
19774 1191
19775 2226
19776 2226
19777 46
19778 186
19779 4584
19780 113
19781 2226
19782 86
19783 37
19784 186
19785 186
19786 86
19787 186
19788 26
19789 86
19790 113
19791 113
19792 2226
19793 86
19794 54
19795 113
19796 2226
19797 37
19798 251
19799 55
19800 86
19801 26
19802 37
19803 2226
19804 86
19805 2226
19806 113
19807 2226
19808 186
19809 2226
19810 186
19811 113
19812 2226
19813 86
19814 37
19815 2226
19816 2226
19817 186
19818 2226
19819 2226
19820 55
19821 86
19822 2226
19823 186
19824 186
19825 186
19826 113
19827 86
19828 186
19829 86
19830 21
19831 26
19832 251
19833 186
19834 2226
19835 186
19836 2226
19837 186
19838 2226
19839 86
19840 86
19841 2226
19842 86
19843 1191
19844 2226
19845 2226
19846 2226
19847 113
19848 2226
19849 37
19850 2226
19851 113
19852 2226
19853 113
19854 2226
19855 113
19856 2226
19857 2226
19858 86
19859 2226
19860 186
19861 46
19862 86
19863 2226
19864 86
19865 2226
19866 113
19867 86
19868 86
19869 46
19870 26
19871 186
19872 2226
19873 37
19874 2226
19875 186
19876 2226
19877 2226
19878 2226
19879 21
19880 86
19881 1
19882 86
19883 86
19884 86
19885 2226
19886 26
19887 37
19888 113
19889 113
19890 113
19891 86
19892 2226
19893 2226
19894 86
19895 37
19896 26
19897 86
19898 113
19899 251
19900 2226
19901 186
19902 86
19903 86
19904 86
19905 186
19906 113
19907 86
19908 113
19909 113
19910 2226
19911 86
19912 2226
19913 86
19914 2226
19915 86
19916 86
19917 2226
19918 86
19919 113
19920 86
19921 148
19922 86
19923 2226
19924 186
19925 1
19926 113
19927 113
19928 2226
19929 3073
19930 86
19931 25
19932 113
19933 2226
19934 186
19935 22
19936 86
19937 86
19938 2226
19939 94
19940 2226
19941 2226
19942 2226
19943 86
19944 86
19945 86
19946 2226
19947 55
19948 113
19949 7
19950 26
19951 2226
19952 86
19953 2226
19954 186
19955 86
19956 186
19957 86
19958 86
19959 86
19960 86
19961 2226
19962 206
19963 86
19964 113
19965 86
19966 12
19967 2226
19968 37
19969 2226
19970 2226
19971 26
19972 2226
19973 86
19974 1
19975 86
19976 94
19977 186
19978 37
19979 86
19980 113
19981 86
19982 2226
19983 113
19984 1779
19985 113
19986 86
19987 186
19988 26
19989 86
19990 2226
19991 86
19992 2226
19993 86
19994 186
19995 37
19996 86
19997 26
19998 186
19999 25
20000 26
