5551 1844
5659 2190
5854 2014
475 2019
6049 2014
5332 2014
1343 2019
7791 1868
8606 2019
10157 2019
7993 1826
5889 1868
5350 1868
1085 2014
1980 2011
8286 30
6716 1844
10234 1827
724 2023
1561 1838
7904 1868
6737 1844
10638 1868
424 2014
4843 1868
1190 1826
10400 1868
6459 1868
1419 1868
544 2011
5499 2014
10454 2023
10856 1868
5163 2014
8476 1826
4281 1826
93 2014
10221 1844
2121 30
351 2019
3083 1844
7808 1868
2261 1826
8456 2019
1676 2014
9488 1826
3688 1868
1217 1844
8836 1827
7030 1868
3953 2014
4657 1844
748 1826
1347 1826
6282 1317
1803 2014
9355 1826
10057 1826
2135 30
10990 30
6309 1868
5135 1826
2442 2023
6628 1844
7798 1868
10750 623
10045 1826
10971 1868
5340 1826
1376 2019
9421 1868
819 2014
7396 1844
5689 1844
4547 2014
3439 2014
5813 1394
10791 1827
10666 1844
9251 1827
4186 1844
9659 1826
8564 1844
7028 1868
463 2014
7211 1818
4825 2014
10080 1826
86 1826
8254 1868
5981 30
8405 1826
4420 2019
2684 1293
9772 1826
9874 2011
3771 2014
5185 1868
5028 30
3542 1826
2002 2014
7234 1844
3921 1844
7503 1844
4318 2014
692 1868
153 1826
9969 1827
2854 1826
4954 2027
3572 1816
10966 1817
4297 2023
5881 2014
1683 2014
10576 1823
9850 2019
9291 2023
3217 1868
3486 1844
2709 1868
8625 1827
217 2014
2993 2014
2677 1868
1013 1636
2789 1868
10101 1868
182 2014
1326 2014
4654 1868
1974 1844
6379 1868
4272 1868
4284 2027
6670 1818
765 2014
5519 2019
3834 1827
3729 30
2519 1844
7180 1826
9278 1868
70 30
3088 1844
6594 1826
5677 2014
6364 1844
7154 1844
7178 1868
1084 2011
3503 2019
9928 1827
4099 1826
3791 1826
726 2023
10315 1826
4741 1826
3405 2014
6300 1844
11027 1827
10742 30
9122 2023
10432 1868
5269 2014
3614 2014
1521 2014
10784 2019
8644 1827
899 2019
6535 2014
3714 1844
3433 1868
6360 1826
4809 1826
5855 30
9723 2019
8496 1826
6734 2019
1091 30
434 2027
8253 1826
6260 1844
2734 2014
9711 2019
1208 30
2758 1826
7290 1826
4849 2014
9358 1868
4905 1826
8941 1868
8442 1827
5959 2019
4034 2014
908 2019
5 1868
1128 1826
556 2019
10860 1827
1922 2191
9565 1826
2968 1868
6478 2030
7520 1868
2477 1826
5786 1826
1967 2014
6542 1826
6948 1868
3962 2014
5795 2019
370 2014
8433 1868
1052 1826
49 2019
4548 2023
3425 20
201 2192
7755 2019
8849 1844
3296 1868
5108 2023
1030 2014
906 2014
4952 30
3754 1826
1910 1868
395 2014
8874 1826
4195 2014
9282 2193
3662 1868
4282 1868
4507 1844
4124 2014
1393 2014
1604 809
1682 2014
1116 1844
8777 1844
4386 2014
1054 1844
2867 2014
1181 1868
5621 2019
8659 1827
8251 1827
9624 1868
5389 1868
10290 1868
5485 1868
8358 1868
7136 2019
6144 2014
3189 2194
107 2014
3424 1868
2153 2023
10191 2019
2895 1844
6484 2014
9454 1844
845 1844
6444 2014
9051 1868
4739 1844
9144 1826
2609 1868
5839 2014
9214 1826
4043 1844
6717 1868
5740 2014
9299 1826
9267 1868
2666 2014
6770 2023
10385 1868
9388 623
1959 1826
10867 1826
3629 2014
6471 1868
1944 1826
4211 1868
8626 1826
222 2014
2145 1826
9636 1826
9452 1868
6080 1491
9166 1868
4970 1826
8798 1844
8240 1826
8915 1817
1577 2014
5311 2014
7433 1293
5805 2019
5143 1868
1231 2023
2714 2195
2150 1868
5325 1844
9135 1844
9626 2023
1079 2014
7416 1826
1799 1868
4177 1826
5540 1868
10303 1868
8004 1868
2988 2011
5561 2023
2778 1826
5281 2014
2131 1844
5709 1826
3827 1636
7226 1868
7637 1868
3524 30
4794 1844
4832 2014
10752 1868
2031 1826
361 1826
6404 2014
3238 1844
8921 1868
2451 1826
8751 1826
1262 2014
6682 1868
1810 1844
7434 1844
4817 30
4470 2023
4803 2019
2104 1868
10151 1868
5512 2023
1405 2023
11026 30
5314 30
8670 1868
6877 1868
1016 2014
8208 2023
10250 1868
697 1816
7013 30
6363 1844
346 1844
5672 1826
3818 30
10451 1868
4761 2014
6621 1844
6886 1826
336 931
3214 2014
4571 2011
9053 1868
1432 2014
9085 2023
7371 1868
5181 1827
2479 1844
1144 809
6603 2014
8016 1844
8091 30
1825 1844
3010 2014
1124 1868
5791 2014
3669 1826
3889 2023
3774 2019
8339 30
4443 1818
1389 2196
1862 1844
849 1826
1755 1826
3016 2011
1310 2014
7667 2019
1948 2019
965 2014
8829 2023
10008 2197
10732 1844
1783 30
3393 1868
5312 1826
1828 1868
8396 2019
9677 1826
9692 1868
5364 1868
8441 1868
55 2019
5997 30
1390 1868
774 2014
2500 1868
5747 1844
2134 1826
9718 1827
1751 2014
1379 1826
4610 2011
142 2014
2355 1868
3528 1844
5528 2014
1209 2019
5126 2014
154 1868
5249 1826
8532 1827
4692 805
3278 1826
3090 1868
116 1868
9952 30
8780 1844
956 1826
8568 1844
5566 1844
6367 1844
8794 30
536 2014
795 1826
8769 1827
11080 1844
3440 2011
8655 1826
1007 1868
2556 1826
9404 1827
6211 1070
2025 1868
1543 2014
8227 1868
1427 2019
2583 1826
6082 1844
3388 2014
5095 2198
5366 2199
751 1868
2626 2023
8547 1844
3027 1826
2888 2014
7319 2019
3514 30
8128 1868
3286 2030
2543 1826
1012 30
2003 1844
3929 2014
4976 2014
805 1868
2764 1826
2323 2014
7601 2019
1036 809
7513 1844
9280 2023
7914 1868
7797 1826
9099 1826
2316 1844
10720 1827
4402 2014
8355 30
7470 2023
8277 2019
7193 2023
6293 2019
5153 1844
9642 1844
6806 1840
6689 1868
3957 2014
10983 2023
9683 1868
4828 2016
9207 1826
6756 2023
496 2200
4764 1868
9965 1868
8884 1868
3398 2019
8475 1827
10403 1827
2670 2014
3009 2014
11104 1826
8674 1844
7082 1826
3554 1826
10982 1819
9967 1868
2105 1868
379 1868
8537 2201
102 2014
1472 2014
10430 1826
1650 1844
10339 2023
4999 2023
4642 1868
5964 1868
994 1868
9953 1868
3430 1868
10480 1827
2007 2014
3742 1826
6854 1826
5012 1868
1724 1868
66 2019
3689 1826
8690 1844
1594 1826
468 1814
5940 2014
10520 1868
9792 1826
37 2202
10967 1868
3306 2014
5405 1868
6864 2023
9265 1826
7746 1844
5906 2014
5876 1844
4942 30
10399 1844
3535 2014
6453 1826
5060 1868
1028 1844
7042 2011
394 1394
6261 2019
1888 1826
5778 1826
3810 1844
9414 1826
10727 1826
378 30
4146 2027
10664 1817
1684 2014
9048 2011
4365 2014
7338 2019
4367 2027
10602 1827
8116 1477
2695 1844
6817 1868
7496 1844
10092 1844
784 2023
10710 1868
10844 2019
1663 2014
3131 1868
10580 1826
7294 2023
1069 2014
2638 1868
3196 1868
5829 2014
2706 1844
1421 1844
7929 1868
6283 1868
7149 1826
7711 1826
6284 2014
2983 2011
2351 2023
3574 2014
10705 2019
2048 1868
3768 2014
10452 1826
4756 1868
5458 2014
7440 1818
10291 2203
8991 1868
2774 1868
9867 1826
10336 2023
1867 1868
9749 1844
6526 1868
5442 2014
1371 1844
9846 30
5572 2019
4062 1826
3103 1826
7655 2011
2964 1826
3258 1826
3797 2013
10755 1844
3875 2019
7524 30
8439 1827
10021 1827
6021 1868
8237 1826
1551 2014
5300 2014
4842 2014
7224 2011
5053 1868
1746 30
5913 2014
8615 1844
1542 1844
6127 1826
2012 2014
6921 1826
1359 2014
3108 1868
3997 1826
7862 1826
10721 1868
8570 1827
1614 1868
2546 1826
5329 933
10137 1868
8772 1827
4924 2014
9823 1826
7098 1868
4463 1826
4787 1826
7321 1826
7097 1844
10889 2019
4519 2019
10515 1819
3389 1844
5986 1826
9095 1868
8307 1826
621 1868
10858 30
9313 2023
94 805
841 1844
5670 2014
4668 2014
7235 1844
5443 2204
1595 2051
1730 616
7851 1815
5031 622
7715 2054
10643 2205
3166 622
3322 2206
4880 2054
10267 937
2998 1868
4962 2055
7761 2207
4830 2055
2229 2051
6842 2208
4160 1815
8218 2014
1883 2054
