3650 760
741 828
7660 738
6672 745
9172 829
8308 828
3687 658
5658 738
3055 738
8583 745
2825 837
9117 818
6055 9
4522 818
10125 529
9143 829
693 20
4078 818
984 837
1380 818
7980 9
4019 9
5085 20
937 835
7245 818
1266 835
5584 829
1468 836
4433 658
3625 818
5828 745
9283 9
10956 658
1064 837
411 738
470 837
3044 744
9866 20
803 828
4555 818
3883 838
3918 828
7756 9
3640 828
1035 837
7935 932
1332 658
4135 658
331 835
9315 516
9681 738
810 835
198 744
3028 818
1954 745
903 519
1199 658
2224 841
10564 9
3243 738
6685 738
8859 828
3820 516
912 658
9190 745
5895 744
2820 835
9070 9
620 818
7685 745
11101 828
3173 738
4152 652
888 837
5436 745
8135 829
5274 516
2416 744
1383 841
1300 658
6779 658
8374 818
4518 516
10127 745
1483 835
4593 516
732 836
8963 20
2066 835
231 738
4424 9
10294 20
7135 658
243 835
9324 658
3568 9
1797 658
2398 837
5336 738
1341 658
9163 20
565 835
4228 20
613 841
9915 738
7436 745
9047 738
6731 658
2210 835
121 835
387 835
9520 652
8042 745
8071 855
8512 516
10203 829
2199 835
4350 658
445 738
10614 658
1702 835
10305 658
6178 9
2860 835
7925 855
33 658
6350 738
8011 744
4052 516
87 844
2179 835
10354 933
6843 828
7139 653
678 742
3807 738
6813 828
3035 846
2565 20
1855 828
51 844
6777 739
9129 658
869 828
3024 658
4736 828
734 738
4487 738
596 844
1268 835
1668 836
2374 837
2220 828
7844 658
286 738
9756 829
2580 835
8061 745
2341 828
7800 744
1528 828
9949 844
709 738
10070 818
5297 516
44 934
9408 658
10946 738
3786 516
5793 744
6726 872
10351 844
1381 837
967 828
877 835
9889 738
10396 20
525 835
2935 818
2146 836
7233 745
8633 20
2716 828
7188 818
5464 828
4709 738
583 658
1032 836
8025 745
3000 516
5120 829
4357 828
7432 745
1791 837
8863 658
9239 745
5711 828
8901 658
8734 828
4632 516
7112 848
8490 818
1346 835
7723 744
720 848
9789 20
1234 835
1254 841
474 738
6158 745
4690 744
7693 828
10647 828
2844 835
10168 818
10003 838
10595 516
3950 849
7908 745
864 658
1611 516
1801 818
3785 658
8085 738
1853 837
5667 515
9230 872
2686 844
1558 516
3626 744
9747 745
1761 835
302 745
4855 20
6258 745
2526 20
5171 20
5695 20
3516 829
2246 837
373 835
2181 658
6712 745
1874 658
10668 745
8970 738
6606 844
9900 828
8785 828
440 935
7787 828
4197 658
9456 818
3701 20
10654 829
4798 658
3582 658
10902 936
260 744
6658 745
10205 20
7356 738
3460 818
1763 738
1808 738
7724 9
10251 9
6643 745
1625 20
10112 658
2011 835
3947 738
9752 658
2228 837
10322 848
5900 658
7181 745
8923 828
9536 745
229 835
8469 745
2287 829
7826 738
4330 828
1884 837
9441 20
4841 846
9971 658
1156 835
1102 835
5914 515
6911 658
7529 745
2727 844
1553 20
7023 744
2054 658
4606 937
1533 738
5844 829
9031 818
2539 658
6020 853
2431 938
7021 744
9247 20
545 835
8431 516
3975 828
8098 738
6546 829
5753 738
1700 837
8951 828
6822 855
2240 738
10362 818
5613 658
11042 738
4549 20
7364 745
5838 658
4570 9
1250 744
7118 658
398 835
7625 738
8211 818
9081 818
9922 818
10086 658
1988 20
10126 745
9492 818
5218 738
2588 9
7094 745
2069 20
6439 828
4358 20
448 835
10433 745
1536 835
4708 738
574 837
9669 745
2065 835
968 658
853 658
9588 658
9391 835
7158 738
6732 738
8024 745
4760 828
3878 738
1574 836
11087 855
2076 658
7725 745
10612 829
7650 744
4587 516
2217 836
3336 828
7134 658
7252 745
2491 829
3013 20
1072 738
9006 828
4007 846
9487 744
3446 828
8957 658
4136 738
2279 837
8402 658
10872 744
1789 829
4329 658
2437 848
6802 856
6754 939
3093 828
6314 745
605 835
2274 837
6828 745
6694 20
1512 9
152 835
4727 658
4404 818
6840 658
1075 835
6271 658
5862 855
7606 738
971 837
2891 738
5333 818
3060 738
136 9
5973 940
10985 846
9252 745
2682 658
10426 9
7528 745
2744 835
11073 516
9064 844
8089 941
5954 745
1487 835
5292 738
1896 836
677 835
7950 818
9854 658
1653 836
11066 829
7683 20
1921 20
2729 835
5908 744
6589 738
4090 844
8926 745
7829 658
3914 856
10222 658
7843 744
578 828
6436 829
10273 653
6831 738
7743 745
3656 818
8031 745
6755 20
3171 844
5457 658
1074 818
1911 829
570 836
7037 745
2354 835
4978 20
29 829
3560 658
2739 835
3482 738
4530 738
9119 516
8030 738
10512 738
7163 658
2767 835
5280 510
9689 658
6351 745
2425 744
7866 745
9754 829
6558 942
577 829
4240 829
3213 738
375 20
7326 745
4148 658
4418 658
4707 20
10650 516
2798 20
874 837
9959 738
885 844
7551 658
2616 835
8292 853
8489 745
6117 943
745 837
2109 9
8687 738
9380 818
4206 658
728 835
5449 658
1875 738
1015 835
7815 744
160 835
9002 849
598 658
5606 738
7277 944
9574 658
10806 744
9418 745
9370 745
9303 829
386 20
9552 818
1087 658
8149 658
4527 828
9170 745
7315 738
4863 529
415 836
3621 818
9359 829
9410 829
8581 658
838 835
8837 658
612 828
591 844
9579 9
5590 20
2278 658
3897 20
323 658
5827 738
2496 835
6316 829
2138 835
7048 20
3792 658
2765 835
2495 836
1792 835
3995 738
9737 829
2508 20
2630 837
9096 818
8514 9
5516 745
9601 745
7670 516
10479 828
5498 738
3949 846
3751 20
7856 945
1851 738
296 658
9202 20
3741 738
2267 837
611 829
4063 20
3816 20
694 818
7299 745
2391 837
7084 745
7591 745
9944 745
241 829
11109 829
7955 658
2029 835
1999 744
207 20
8306 828
9161 658
6498 844
6620 745
2547 837
5421 9
638 744
3906 12
8250 516
1728 844
6464 658
8832 738
6852 658
9476 658
3642 20
9771 658
8179 745
5352 844
7172 745
7795 658
5517 738
3943 828
7182 658
135 20
1167 835
5853 829
2746 835
7639 9
6437 745
10770 828
9744 658
9913 738
588 837
71 652
1644 516
1461 738
10416 738
6518 658
518 20
10883 516
7383 738
10572 658
2890 9
138 738
7164 9
1571 829
9979 818
6801 829
4368 828
8151 745
7848 744
2118 818
9715 653
1166 658
1994 818
2434 835
5822 829
5112 20
5951 745
2339 20
3463 0
8885 516
7631 744
7081 9
831 848
2270 837
6325 828
2878 738
2052 829
9346 513
9629 745
5685 745
6808 745
10029 744
982 828
5623 828
8492 838
9084 738
7499 828
1969 738
2855 835
1475 837
7690 844
8351 20
2288 846
350 837
1409 837
7203 818
10616 828
7419 828
526 835
7911 20
3605 658
6511 745
291 9
1473 836
3563 9
10337 745
8540 20
4436 20
9751 9
6278 818
4965 818
6238 818
3665 844
10260 20
5556 658
6496 745
62 20
4862 849
4163 738
3377 838
4677 829
9663 828
10617 658
6479 745
4943 829
6789 818
10365 837
6595 536
10473 836
5229 835
9649 837
73 828
8422 946
9 837
