8352 39
8353 2140
8354 189
8355 44
8356 116
8357 132
8358 4
8359 8
8360 113
8361 99
8362 151
8363 88
8364 683
8365 691
8366 13
8367 99
8368 901
8369 41
8370 13
8371 1063
8372 86
8373 24
8374 85
8375 41
8376 80
8377 96
8378 189
8379 118
8380 86
8381 77
8382 63
8383 132
8384 2141
8385 155
8386 41
8387 132
8388 41
8389 2142
8390 31
8391 8
8392 80
8393 15
8394 708
8395 77
8396 44
8397 37
8398 24
8399 155
8400 33
8401 38
8402 13
8403 113
8404 112
8405 75
8406 13
8407 184
8408 680
8409 39
8410 27
8411 33
8412 41
8413 86
8414 33
8415 113
8416 87
8417 8
8418 27
8419 15
8420 31
8421 3
8422 155
8423 24
8424 1576
8425 31
8426 184
8427 27
8428 1576
8429 2143
8430 969
8431 142
8432 116
8433 78
8434 666
8435 68
8436 113
8437 113
8438 23
8439 16
8440 74
8441 78
8442 16
8443 2144
8444 49
8445 1074
8446 118
8447 13
8448 74
8449 13
8450 969
8451 91
8452 27
8453 13
8454 27
8455 32
8456 44
8457 74
8458 1678
8459 184
8460 141
8461 21
8462 33
8463 99
8464 86
8465 56
8466 33
8467 113
8468 13
8469 25
8470 23
8471 27
8472 10
8473 8
8474 27
8475 16
8476 75
8477 34
8478 141
8479 2145
8480 27
8481 669
8482 118
8483 25
8484 13
8485 59
8486 72
8487 31
8488 130
8489 25
8490 1105
8491 684
8492 24
8493 27
8494 34
8495 8
8496 15
8497 666
8498 91
8499 24
8500 21
8501 11
8502 129
8503 85
8504 118
8505 51
8506 151
8507 11
8508 13
8509 91
8510 116
8511 86
8512 142
8513 31
8514 109
8515 132
8516 68
8517 72
8518 47
8519 86
8520 695
8521 73
8522 121
8523 121
8524 21
8525 72
8526 691
8527 77
8528 87
8529 113
8530 702
8531 3
8532 16
8533 13
8534 23
8535 74
8536 68
8537 78
8538 74
8539 91
8540 55
8541 85
8542 969
8543 74
8544 901
8545 804
8546 15
8547 4
8548 99
8549 63
8550 104
8551 189
8552 155
8553 901
8554 809
8555 68
8556 3
8557 141
8558 41
8559 1576
8560 31
8561 17
8562 8
8563 80
8564 4
8565 13
8566 80
8567 86
8568 4
8569 39
8570 16
8571 34
8572 671
8573 37
8574 141
8575 27
8576 80
8577 189
8578 990
8579 116
8580 74
8581 13
8582 36
8583 25
8584 15
8585 91
8586 8
8587 75
8588 85
8589 41
8590 74
8591 8
8592 13
8593 81
8594 74
8595 74
8596 75
8597 74
8598 81
8599 80
8600 85
8601 74
8602 118
8603 36
8604 11
8605 39
8606 44
8607 137
8608 23
8609 13
8610 75
8611 692
8612 113
8613 118
8614 47
8615 4
8616 8
8617 708
8618 34
8619 27
8620 112
8621 5
8622 8
8623 812
8624 56
8625 16
8626 75
8627 141
8628 33
8629 132
8630 32
8631 24
8632 113
8633 55
8634 99
8635 100
8636 74
8637 126
8638 13
8639 683
8640 155
8641 63
8642 99
8643 9
8644 16
8645 21
8646 17
8647 37
8648 59
8649 41
8650 72
8651 130
8652 49
8653 74
8654 74
8655 75
8656 687
8657 116
8658 708
8659 16
8660 132
8661 101
8662 695
8663 148
8664 116
8665 37
8666 23
8667 80
8668 137
8669 13
8670 78
8671 27
8672 99
8673 27
8674 4
8675 49
8676 129
8677 9
8678 74
8679 68
8680 104
8681 2146
8682 77
8683 13
8684 31
8685 13
8686 113
8687 148
8688 969
8689 76
8690 78
8691 151
8692 85
8693 75
8694 74
8695 8
8696 5
8697 99
8698 23
8699 49
8700 27
8701 75
8702 86
8703 86
8704 51
8705 3
8706 99
8707 2147
8708 125
8709 121
8710 104
8711 51
8712 151
8713 129
8714 971
8715 74
8716 148
8717 41
8718 686
8719 189
8720 13
8721 99
8722 27
8723 51
8724 118
8725 51
8726 74
8727 86
8728 112
8729 148
8730 33
8731 116
8732 75
8733 37
8734 47
8735 99
8736 189
8737 86
8738 74
8739 969
8740 74
8741 56
8742 113
8743 74
8744 146
8745 33
8746 91
8747 81
8748 26
8749 691
8750 155
8751 75
8752 3
8753 1071
8754 86
8755 184
8756 141
8757 96
8758 5
8759 49
8760 695
8761 21
8762 3
8763 1576
8764 15
8765 113
8766 47
8767 31
8768 74
8769 16
8770 80
8771 87
8772 16
8773 81
8774 99
8775 669
8776 24
8777 4
8778 79
8779 113
8780 4
8781 88
8782 99
8783 13
8784 33
8785 47
8786 121
8787 32
8788 1431
8789 969
8790 51
8791 33
8792 8
8793 153
8794 44
8795 24
8796 86
8797 37
8798 4
8799 1063
8800 112
8801 21
8802 34
8803 17
8804 148
8805 702
8806 37
8807 32
8808 37
8809 680
8810 153
8811 27
8812 74
8813 969
8814 51
8815 15
8816 708
8817 13
8818 101
8819 74
8820 112
8821 80
8822 99
8823 36
8824 72
8825 684
8826 51
8827 27
8828 1096
8829 78
8830 112
8831 692
8832 148
8833 31
8834 100
8835 99
8836 16
8837 13
8838 132
8839 86
8840 140
8841 146
8842 8
8843 75
8844 81
8845 85
8846 692
8847 2148
8848 113
8849 4
8850 49
8851 17
8852 118
8853 118
8854 112
8855 129
8856 85
8857 2149
8858 68
8859 47
8860 81
8861 151
8862 13
8863 13
8864 86
8865 24
8866 34
8867 129
8868 132
8869 80
8870 118
8871 99
8872 80
8873 151
8874 75
8875 74
8876 75
8877 81
8878 81
8879 86
8880 99
8881 27
8882 86
8883 41
8884 4
8885 142
8886 74
8887 80
8888 73
8889 74
8890 87
8891 4
8892 809
8893 148
8894 680
8895 104
8896 132
8897 5
8898 15
8899 2150
8900 184
8901 13
8902 99
8903 116
8904 81
8905 155
8906 31
8907 13
8908 116
8909 116
8910 155
8911 969
8912 969
8913 80
8914 49
8915 16
8916 8
8917 88
8918 87
8919 68
8920 86
8921 78
8922 31
8923 47
8924 11
8925 2151
8926 25
8927 132
8928 118
8929 9
8930 116
8931 47
8932 33
8933 72
8934 104
8935 72
8936 96
8937 27
8938 72
8939 129
8940 74
8941 78
8942 77
8943 189
8944 23
8945 13
8946 8
8947 87
8948 74
8949 684
8950 2152
8951 47
8952 21
8953 85
8954 112
8955 17
8956 87
8957 13
8958 109
8959 80
8960 99
8961 116
8962 695
8963 55
8964 118
8965 39
8966 91
8967 21
8968 80
8969 32
8970 148
8971 129
8972 116
8973 13
8974 669
8975 141
8976 13
8977 132
8978 56
8979 74
8980 694
8981 2153
8982 13
8983 683
8984 77
8985 112
8986 31
8987 81
8988 969
8989 881
8990 112
8991 78
8992 155
8993 74
8994 695
8995 2154
8996 33
8997 80
8998 116
8999 21
9000 31
9001 80
9002 104
9003 13
9004 37
9005 148
9006 47
9007 27
9008 27
9009 666
9010 807
9011 91
9012 691
9013 74
9014 72
9015 74
9016 91
9017 137
9018 132
9019 689
9020 27
9021 13
9022 695
9023 25
9024 141
9025 80
9026 80
9027 189
9028 68
9029 27
9030 34
9031 1105
9032 31
9033 83
9034 74
9035 72
9036 74
9037 32
9038 27
9039 74
9040 23
9041 113
9042 112
9043 23
9044 13
9045 116
9046 13
9047 148
