5766 58
5767 58
5768 58
5769 58
5770 437
5771 58
5772 58
5773 58
5774 58
5775 437
5776 58
5777 58
5778 437
5779 58
5780 58
5781 58
5782 58
5783 58
5784 58
5785 58
5786 58
5787 58
5788 58
5789 422
5790 422
5791 54
5792 422
5793 422
5794 422
5795 422
5796 422
5797 422
5798 422
5799 422
5800 422
5801 422
5802 422
5803 422
5804 422
5805 422
5806 422
5807 422
5808 422
5809 422
5810 422
5811 422
5812 422
5813 422
5814 422
5815 54
5816 422
5817 422
5818 422
5819 422
5820 422
5821 422
5822 422
5823 422
5824 422
5825 422
5826 422
5827 422
5828 422
5829 422
5830 422
5831 422
5832 422
5833 422
5834 422
5835 422
5836 422
5837 422
5838 422
5839 422
5840 422
5841 422
5842 802
5843 58
5844 115
5845 115
5846 915
5847 53
5848 888
5849 53
5850 576
5851 53
5852 115
5853 53
5854 888
5855 435
5856 984
5857 53
5858 770
5859 591
5860 563
5861 450
5862 591
5863 48
5864 48
5865 81
5866 591
5867 591
5868 591
5869 450
5870 81
5871 591
5872 591
5873 563
5874 591
5875 591
5876 591
5877 591
5878 591
5879 591
5880 48
5881 591
5882 591
5883 81
5884 591
5885 591
5886 563
5887 591
5888 591
5889 81
5890 48
5891 591
5892 48
5893 591
5894 81
5895 48
5896 905
5897 891
5898 22
5899 483
5900 905
5901 106
5902 66
5903 614
5904 483
5905 891
5906 871
5907 871
5908 614
5909 985
5910 66
5911 891
5912 456
5913 905
5914 894
5915 108
5916 648
5917 648
5918 863
5919 648
5920 648
5921 897
5922 648
5923 897
5924 897
5925 648
5926 115
5927 894
5928 897
5929 894
5930 897
5931 894
5932 648
5933 894
5934 863
5935 648
5936 894
5937 894
5938 863
5939 648
5940 897
5941 897
5942 897
5943 860
5944 648
5945 648
5946 648
5947 583
5948 583
5949 583
5950 648
5951 894
5952 583
5953 583
5954 897
5955 648
5956 456
5957 897
5958 894
5959 648
5960 648
5961 894
5962 583
5963 648
5964 648
5965 648
5966 583
5967 894
5968 108
5969 648
5970 648
5971 648
5972 648
5973 583
5974 108
5975 897
5976 897
5977 583
5978 648
5979 583
5980 583
5981 894
5982 897
5983 648
5984 648
5985 648
5986 648
5987 648
5988 648
5989 583
5990 648
5991 897
5992 648
5993 648
5994 583
5995 648
5996 648
5997 583
5998 897
5999 648
6000 108
6001 583
6002 583
6003 897
6004 583
6005 583
6006 897
6007 648
6008 648
6009 648
6010 648
6011 648
6012 583
6013 611
6014 618
6015 618
6016 618
6017 618
6018 611
6019 611
6020 611
6021 611
6022 611
6023 611
6024 618
6025 611
6026 618
6027 618
6028 618
6029 618
6030 611
6031 618
6032 618
6033 611
6034 611
6035 618
6036 611
6037 618
6038 618
6039 898
6040 898
6041 68
6042 68
6043 68
6044 68
6045 68
6046 898
6047 68
6048 68
6049 68
6050 66
6051 68
6052 68
6053 598
6054 68
6055 68
6056 598
6057 66
6058 898
6059 68
6060 68
6061 68
6062 898
6063 68
6064 68
6065 68
6066 66
6067 68
6068 68
6069 66
6070 68
6071 68
6072 68
6073 68
6074 68
6075 68
6076 68
6077 68
6078 68
6079 68
6080 68
6081 68
6082 68
6083 68
6084 68
6085 68
6086 68
6087 68
6088 68
6089 68
6090 45
6091 45
6092 45
6093 45
6094 45
6095 45
6096 45
6097 45
6098 45
6099 45
6100 45
6101 45
6102 45
6103 45
6104 45
6105 45
6106 42
6107 45
6108 45
6109 42
6110 45
6111 45
6112 45
6113 45
6114 45
6115 45
6116 45
6117 45
6118 45
6119 45
6120 45
6121 45
6122 45
6123 45
6124 45
6125 45
6126 45
6127 45
6128 45
6129 45
6130 45
6131 45
6132 45
6133 45
6134 45
6135 45
6136 45
6137 45
6138 45
6139 45
6140 45
6141 45
6142 45
6143 902
6144 902
6145 902
6146 902
6147 902
6148 902
6149 902
6150 902
6151 902
6152 438
6153 902
6154 902
6155 902
6156 902
6157 902
6158 986
6159 781
6160 902
6161 905
6162 905
6163 46
6164 905
6165 89
6166 907
6167 438
6168 619
6169 908
6170 905
6171 905
6172 641
6173 108
6174 89
6175 905
6176 905
6177 905
6178 108
6179 438
6180 108
6181 46
6182 89
6183 438
6184 905
6185 89
6186 905
6187 438
6188 34
6189 905
6190 907
6191 907
6192 905
6193 905
6194 905
6195 905
6196 781
6197 905
6198 905
6199 34
6200 46
6201 123
6202 34
6203 907
6204 905
6205 905
6206 905
6207 907
6208 905
6209 905
6210 34
6211 905
6212 905
6213 905
6214 905
6215 905
6216 68
6217 648
6218 905
6219 905
6220 907
6221 905
6222 987
6223 905
6224 905
6225 905
6226 908
6227 905
6228 905
6229 438
6230 905
6231 781
6232 905
6233 781
6234 46
6235 438
6236 905
6237 905
6238 868
6239 905
6240 908
6241 905
6242 905
6243 905
6244 429
6245 905
6246 905
6247 905
6248 905
6249 905
6250 905
6251 908
6252 905
6253 905
6254 905
6255 905
6256 905
6257 988
6258 905
6259 905
6260 905
6261 905
6262 905
6263 905
6264 905
6265 905
6266 89
6267 34
6268 905
6269 905
6270 905
6271 905
6272 905
6273 905
6274 905
6275 905
6276 429
6277 905
6278 905
6279 905
6280 905
6281 905
6282 868
6283 905
6284 781
6285 905
6286 89
6287 641
6288 429
6289 108
6290 905
6291 989
6292 648
6293 905
6294 60
6295 60
6296 915
6297 915
6298 915
6299 915
6300 915
6301 915
6302 915
6303 915
6304 915
6305 915
6306 915
6307 915
6308 915
6309 915
6310 60
6311 915
6312 915
6313 915
6314 915
6315 915
6316 444
6317 444
6318 497
6319 444
6320 868
6321 8
6322 13
6323 13
6324 13
6325 13
6326 13
6327 13
6328 13
6329 13
6330 13
6331 13
6332 13
6333 13
6334 13
6335 13
6336 13
6337 13
6338 13
6339 13
6340 13
6341 13
6342 13
6343 13
6344 13
6345 8
6346 401
6347 401
6348 95
6349 401
6350 401
6351 774
6352 990
6353 8
6354 578
6355 112
6356 401
6357 8
6358 578
6359 401
6360 8
6361 872
6362 401
6363 8
6364 8
6365 920
6366 491
6367 491
6368 491
6369 1042
6370 1042
6371 491
6372 491
6373 874
6374 491
6375 491
6376 491
6377 784
6378 491
6379 491
6380 874
6381 491
6382 491
6383 591
6384 920
6385 874
6386 49
6387 839
6388 49
6389 49
6390 86
6391 86
6392 798
6393 49
6394 86
6395 49
6396 798
6397 798
6398 49
6399 798
6400 798
6401 95
6402 798
6403 431
6404 86
6405 431
6406 86
6407 95
6408 798
6409 798
6410 86
6411 108
6412 798
6413 798
6414 86
6415 86
6416 798
6417 798
6418 108
6419 108
6420 798
6421 798
6422 798
6423 86
6424 86
6425 86
6426 798
6427 86
6428 798
6429 798
6430 86
6431 86
6432 798
6433 991
6434 86
6435 798
6436 798
6437 798
6438 86
6439 108
6440 798
6441 89
6442 108
6443 108
6444 86
6445 95
6446 798
6447 798
6448 86
6449 86
6450 49
6451 798
6452 86
6453 86
6454 86
6455 95
6456 798
6457 86
6458 49
6459 95
6460 798
6461 798
6462 95
6463 86
6464 95
6465 798
6466 798
6467 798
6468 798
6469 86
6470 86
6471 648
6472 648
6473 648
6474 648
6475 450
6476 648
6477 648
6478 648
6479 450
6480 450
6481 648
6482 648
6483 648
6484 648
6485 648
6486 648
6487 648
6488 648
6489 450
6490 648
6491 450
6492 648
6493 648
6494 648
6495 450
6496 450
6497 648
6498 648
6499 450
6500 648
6501 648
6502 450
6503 31
6504 648
6505 450
6506 648
6507 648
6508 450
6509 648
6510 648
6511 648
6512 648
6513 648
6514 450
6515 450
6516 31
6517 450
6518 648
6519 648
6520 450
6521 648
6522 648
6523 648
6524 648
6525 648
6526 450
6527 648
6528 648
6529 450
6530 34
6531 648
6532 648
6533 31
6534 648
6535 648
6536 450
6537 648
6538 648
6539 648
6540 648
6541 450
6542 648
6543 450
6544 648
6545 648
6546 123
6547 926
6548 601
6549 619
6550 123
6551 926
6552 926
6553 601
6554 601
6555 992
6556 601
6557 601
6558 926
6559 926
6560 601
6561 926
6562 601
6563 601
6564 926
6565 601
6566 601
6567 926
6568 123
6569 601
6570 601
6571 601
6572 601
6573 601
6574 601
6575 601
6576 993
6577 601
6578 926
6579 488
6580 488
6581 488
6582 488
6583 488
6584 488
6585 488
6586 488
6587 488
6588 488
6589 488
6590 488
6591 488
6592 488
6593 488
6594 488
6595 488
6596 488
6597 488
6598 488
6599 488
6600 488
6601 488
6602 488
6603 488
6604 488
6605 488
6606 488
6607 488
6608 488
6609 488
6610 488
6611 488
6612 488
6613 488
6614 488
6615 11
6616 11
6617 11
6618 860
6619 11
6620 11
6621 11
6622 11
6623 11
6624 11
6625 11
6626 11
6627 11
6628 11
6629 11
6630 11
6631 11
6632 11
6633 11
6634 994
6635 11
6636 11
6637 11
6638 11
6639 11
6640 11
6641 609
6642 11
6643 11
6644 11
6645 11
6646 11
6647 11
6648 11
6649 11
6650 73
6651 11
6652 11
6653 11
6654 11
6655 11
6656 11
6657 11
6658 11
6659 11
6660 11
6661 11
6662 11
6663 11
6664 11
6665 11
6666 11
6667 609
6668 11
6669 11
6670 11
6671 11
6672 73
6673 11
6674 11
6675 11
6676 11
6677 11
6678 11
6679 11
6680 11
6681 11
6682 11
6683 11
6684 11
6685 11
6686 11
6687 11
6688 11
6689 11
6690 11
6691 11
6692 11
6693 11
6694 11
6695 11
6696 11
6697 11
6698 11
6699 11
6700 103
6701 103
6702 103
6703 103
6704 103
6705 103
6706 103
6707 103
6708 995
6709 103
6710 103
6711 103
6712 103
6713 103
6714 103
6715 103
6716 103
6717 103
6718 103
6719 103
6720 103
6721 103
6722 103
6723 103
6724 103
6725 103
6726 996
