1 31
2 33
3 2
4 3
5 4
6 5
7 8
8 208
9 8
10 9
11 10
12 11
13 12
14 13
15 114
16 15
17 16
18 17
19 44
20 756
21 81
22 21
23 76
24 23
25 24
26 25
27 26
28 27
29 28
30 208
31 122
32 31
33 13
34 32
35 33
36 34
37 82
38 36
39 23
40 37
41 38
42 39
43 26
44 55
45 41
46 49
47 120
48 17
49 44
50 122
51 46
52 47
53 113
54 49
55 44
56 50
57 51
58 52
59 13
60 205
61 126
62 55
63 56
64 24
65 15
66 58
67 59
68 132
69 61
70 58
71 62
72 63
73 64
74 134
75 114
76 757
77 68
78 51
79 41
80 49
81 25
82 51
83 73
84 74
85 75
86 76
87 46
88 77
89 78
90 79
91 80
92 81
93 82
94 4
95 84
96 64
97 5
98 86
99 87
100 24
101 88
102 82
103 8
104 8
105 13
106 95
107 82
108 23
109 23
110 104
111 92
112 119
113 37
114 95
115 25
116 79
117 51
118 97
119 98
120 99
121 100
122 101
123 102
124 75
125 27
126 104
127 105
128 165
129 165
130 758
131 77
132 38
133 24
134 11
135 32
136 110
137 16
138 151
139 68
140 113
141 114
142 82
143 110
144 88
145 23
146 113
147 80
148 8
149 117
150 118
151 119
152 100
153 76
154 4
155 114
156 23
157 120
158 760
159 122
160 100
161 73
162 78
163 75
164 76
165 9
166 124
167 151
168 41
169 41
170 126
171 127
172 81
173 128
174 86
175 129
176 51
177 11
178 131
179 86
180 114
181 134
182 82
183 132
184 145
185 134
186 32
187 33
188 8
189 131
190 59
191 137
192 217
193 13
194 139
195 75
196 31
197 140
198 141
199 68
200 16
201 4
202 143
203 103
204 78
205 145
206 113
207 55
208 146
209 97
210 71
211 154
212 23
213 75
214 21
215 37
216 13
217 82
218 75
219 31
220 149
221 64
222 82
223 27
224 21
225 59
226 114
227 81
228 49
229 100
230 134
231 151
232 33
233 762
234 128
235 3
236 154
237 206
238 156
239 25
240 68
241 157
242 103
243 100
244 38
245 63
246 9
247 86
248 13
249 13
250 114
251 3
252 75
253 8
254 120
255 8
256 31
257 110
258 21
259 120
260 141
261 47
262 206
263 62
264 129
265 173
266 23
267 101
268 9
269 165
270 9
271 166
272 75
273 102
274 122
275 13
276 41
277 11
278 137
279 75
280 117
281 38
282 75
283 73
284 131
285 74
286 151
287 37
288 26
289 36
290 63
291 55
292 49
293 41
294 25
295 119
296 13
297 78
298 105
299 145
300 763
301 87
302 13
303 117
304 74
305 172
306 131
307 100
308 10
309 47
310 49
311 173
312 165
313 151
314 3
315 114
316 8
317 86
318 25
319 75
320 221
321 75
322 81
323 13
324 75
325 81
326 5
327 80
328 137
329 176
330 86
331 100
332 49
333 63
334 36
335 8
336 27
337 137
338 3
339 105
340 24
341 4
342 27
343 63
344 32
345 12
346 79
347 75
348 25
349 176
350 100
351 44
352 208
353 16
354 25
355 49
356 34
357 21
358 92
359 105
360 78
361 76
362 184
363 131
364 206
365 9
366 31
367 113
368 11
369 75
370 82
371 12
372 49
373 188
374 47
375 55
376 74
377 31
378 58
379 4
380 8
381 2
382 75
383 8
384 110
385 74
386 55
387 100
388 118
389 27
390 32
391 126
392 221
393 8
394 79
395 82
396 71
397 17
398 188
399 764
400 31
401 75
402 137
403 137
404 33
405 31
406 32
407 149
408 119
409 37
410 17
411 151
412 51
413 32
414 143
415 196
416 113
417 13
418 31
419 74
420 23
421 114
422 78
423 197
424 82
425 75
426 127
427 13
428 124
429 765
430 9
431 32
432 206
433 52
434 82
435 766
436 156
437 34
438 75
439 75
440 120
441 201
442 134
443 75
444 114
445 151
446 17
447 32
448 100
449 76
450 31
451 202
452 78
453 134
454 92
455 21
456 21
457 51
458 16
459 203
460 56
461 9
462 81
463 82
464 88
465 76
466 27
467 114
468 767
469 143
470 100
471 120
472 173
473 63
474 151
475 44
476 131
477 205
478 206
479 80
480 8
481 27
482 13
483 37
484 101
485 16
486 86
487 120
488 33
489 208
490 32
491 92
492 75
493 92
494 47
495 126
496 4
497 87
498 75
499 39
500 114
501 173
502 134
503 86
504 209
505 768
506 114
507 38
508 114
509 154
510 33
511 39
512 13
513 21
514 21
515 114
516 119
517 134
518 55
519 5
520 212
521 95
522 92
523 13
524 206
525 100
526 100
527 23
528 151
529 119
530 113
531 213
532 122
533 214
534 127
535 15
536 82
537 84
538 49
539 75
540 47
541 146
542 87
543 26
544 79
545 100
546 49
547 172
548 75
549 33
550 217
551 172
552 86
553 13
554 34
555 12
556 44
557 86
558 218
559 31
560 16
561 21
562 173
563 8
564 23
565 100
566 75
567 145
568 212
569 219
570 196
571 9
572 105
573 140
574 100
575 75
576 173
577 157
578 47
579 55
580 213
581 63
582 77
583 13
584 21
585 105
586 51
587 8
588 100
589 221
590 128
591 46
592 36
593 36
594 114
595 13
596 46
597 117
598 13
599 132
600 75
601 27
602 769
603 49
604 113
605 100
606 117
607 31
608 8
609 137
610 208
611 28
612 47
613 100
614 78
615 27
616 75
617 184
618 38
619 49
620 202
621 79
622 16
623 201
624 37
625 165
626 75
627 110
628 51
629 24
630 86
631 165
632 100
633 218
634 76
635 154
636 114
637 75
638 32
639 100
640 31
641 128
642 120
643 47
644 156
645 97
646 75
647 34
648 13
649 8
650 32
651 5
652 11
653 231
654 9
655 27
656 13
657 23
658 36
659 73
660 31
661 25
662 51
663 156
664 27
665 134
666 87
667 23
668 75
669 16
670 8
671 84
672 27
673 113
674 770
675 127
676 78
677 100
678 771
679 27
680 97
681 206
682 37
683 39
684 47
685 98
686 87
687 23
688 131
689 17
690 41
691 172
692 4
693 55
694 86
695 772
696 21
697 76
698 81
699 78
700 120
701 8
702 773
703 120
704 75
705 2
706 110
707 36
708 129
709 151
710 128
711 13
712 75
713 98
714 239
715 24
716 213
717 114
718 34
719 23
720 239
721 127
722 11
723 76
724 774
725 3
726 79
727 75
728 100
729 73
730 156
731 86
732 196
733 212
734 151
735 27
736 209
737 120
738 8
739 86
740 23
741 47
742 143
743 176
744 134
745 100
746 31
747 126
748 76
749 775
750 134
751 4
752 75
753 27
754 137
755 86
756 149
757 113
758 3
759 92
760 33
761 75
762 81
763 206
764 100
765 82
766 75
767 36
768 9
769 75
770 5
771 36
772 114
773 202
774 776
775 8
776 13
777 27
778 78
779 23
780 113
781 59
782 33
783 214
784 79
785 102
786 37
787 15
788 213
789 118
790 50
791 87
792 213
793 31
794 114
795 76
796 212
797 145
798 41
799 56
800 21
801 777
802 206
803 47
804 87
805 4
806 8
807 78
808 143
809 39
810 100
811 31
812 37
813 97
814 131
815 75
816 49
817 8
818 92
819 82
820 75
821 100
822 37
823 202
824 114
825 74
826 25
827 75
828 15
829 151
830 33
831 239
832 231
833 68
834 26
835 73
836 87
837 31
838 100
839 212
840 184
841 4
842 37
843 92
844 122
845 4
846 32
847 87
848 73
849 76
850 778
851 100
852 73
853 13
854 113
855 8
856 779
857 114
858 8
859 92
860 75
861 119
862 75
863 16
864 13
865 34
866 32
867 202
868 32
869 47
870 103
871 33
872 16
873 98
874 100
875 68
876 118
877 100
878 75
879 33
880 87
881 780
882 97
883 87
884 184
885 46
886 75
887 13
888 100
889 37
890 114
891 25
892 86
893 49
894 217
895 16
896 203
897 81
898 119
899 44
900 17
901 49
902 13
903 78
904 13
905 173
906 82
907 80
908 44
909 33
910 151
911 221
912 13
913 75
914 219
915 102
916 134
917 31
918 76
919 5
920 31
921 32
922 221
923 114
924 76
925 31
926 173
927 33
928 38
929 16
930 146
931 26
932 8
933 11
934 75
935 86
936 103
937 100
938 47
939 51
940 75
941 75
942 206
943 114
944 75
945 82
946 78
947 49
948 139
949 11
950 151
951 13
952 131
953 73
954 11
955 118
956 76
957 13
958 166
959 201
960 201
961 12
962 134
963 92
964 13
965 82
966 8
967 47
968 13
969 208
970 81
971 100
972 41
973 37
974 84
975 49
976 16
977 197
978 118
979 41
980 75
981 117
982 47
983 41
984 92
985 75
986 781
987 77
988 205
989 217
990 52
991 3
992 75
993 8
994 79
995 21
996 24
997 212
998 8
999 16
1000 102
1001 75
1002 146
1003 213
1004 196
1005 117
1006 49
1007 4
1008 165
1009 99
1010 49
1011 3
1012 58
1013 145
1014 33
1015 100
1016 82
1017 117
1018 61
1019 51
1020 113
1021 140
1022 100
1023 92
1024 63
1025 81
1026 114
1027 118
1028 4
1029 10
1030 82
1031 32
1032 196
1033 113
1034 23
1035 100
1036 137
1037 16
1038 92
1039 25
1040 49
1041 120
1042 131
1043 5
1044 51
1045 97
1046 202
1047 27
1048 23
1049 75
1050 113
1051 149
1052 76
1053 27
1054 131
1055 782
1056 104
1057 8
1058 783
1059 784
1060 92
1061 87
1062 9
1063 2
1064 100
1065 184
1066 88
1067 16
1068 785
1069 82
1070 219
1071 218
1072 151
1073 219
1074 25
1075 100
1076 786
1077 82
1078 75
1079 82
1080 101
1081 41
1082 101
1083 212
1084 79
1085 82
1086 26
1087 13
1088 101
1089 206
1090 47
1091 58
1092 113
1093 75
1094 26
1095 213
1096 92
1097 49
1098 173
1099 95
1100 34
1101 63
1102 100
1103 149
1104 86
1105 118
1106 16
1107 212
1108 32
1109 80
1110 13
1111 105
