8372 671
10355 672
6047 673
9895 674
9791 675
57 676
1640 674
9566 679
2925 36
7804 678
8140 679
9112 680
10412 681
1366 680
8516 672
4446 671
5015 683
10895 680
6167 49
1175 680
7493 680
686 684
10916 680
7974 671
3321 36
4722 872
10001 675
10601 671
457 683
6778 36
5830 679
10123 679
3932 20
7055 684
8145 675
3303 671
10558 674
199 672
6812 670
3298 670
7871 670
6218 671
6454 680
8816 683
158 671
2560 678
4159 676
7373 670
10375 684
9966 675
9903 675
9785 671
6079 671
2024 679
3270 684
7811 36
9783 675
7201 679
2125 672
9126 684
3385 684
78 679
2027 670
6504 684
4847 675
791 671
7380 873
5732 675
3935 680
120 674
6353 675
9354 684
7439 680
5619 689
8858 675
6488 683
6366 671
10172 680
6374 684
7702 683
10988 674
8718 683
1599 679
6004 674
1338 672
9286 689
7358 36
2443 671
4250 679
2050 674
1710 680
8796 671
8464 680
7071 670
2223 670
4220 689
1647 670
5570 30
3988 684
8435 675
5583 670
5626 684
8312 675
5174 683
4678 674
4042 671
3123 30
4189 675
1119 674
6330 680
6302 683
801 674
5117 30
6721 674
10159 680
3712 680
2866 670
2699 673
10546 674
5746 674
3743 689
8790 683
4239 670
6091 670
487 696
7313 675
1677 679
10644 684
5217 678
8651 36
1590 675
6986 670
881 682
7768 675
9198 684
10380 671
5588 670
6961 675
9839 679
562 670
8303 672
3335 675
7958 675
628 683
658 696
1990 683
38 696
593 696
4789 675
4941 680
8086 680
10391 672
3804 670
1740 716
8702 671
1530 683
10652 680
9321 675
8519 680
10777 680
3029 680
10243 674
4430 674
1973 680
9300 679
139 675
4762 36
10681 675
4493 680
412 683
6441 675
4256 683
10930 680
10948 680
11039 670
1631 698
10677 683
1979 674
1715 679
5681 673
8882 671
3309 698
1734 674
2409 683
1471 675
4093 30
6132 676
3496 670
7832 674
10121 674
8238 670
9836 689
8173 680
5651 674
3345 680
7523 680
1160 675
2574 689
3579 36
1153 680
10329 674
10238 678
3180 680
6764 683
4844 683
1872 36
4851 30
7390 670
2625 679
9248 675
5258 701
4679 671
9570 684
9504 675
666 684
9517 675
7674 674
6451 680
10747 683
7078 660
2631 678
4931 674
2659 675
8349 680
4166 680
4988 670
6767 670
10927 679
3139 674
8864 684
1098 670
9276 671
7581 675
3188 672
880 684
4786 683
4935 671
1019 683
5253 680
8413 671
11022 684
6538 674
10242 680
8879 684
10896 680
79 674
6583 675
5382 684
10866 671
10865 670
5427 684
10958 698
5321 703
8723 20
77 675
7024 683
8505 679
3986 36
1058 874
9549 49
8711 20
1271 680
5576 679
4247 684
7305 680
8301 675
7011 703
6041 679
5391 680
10757 689
8241 684
6188 680
7824 683
9690 671
1748 689
7617 680
3114 680
5936 683
5151 680
7849 701
8020 680
6410 672
8488 36
1408 684
3054 680
4613 675
6443 681
9078 683
2026 676
4362 689
3510 680
2759 683
4454 679
9755 680
10244 670
10041 683
3333 680
7560 683
4502 675
6141 680
1917 680
10855 684
3763 683
4450 672
2310 678
4948 680
3310 675
7498 672
6201 37
6916 683
5944 684
4919 683
10368 680
1924 683
6491 683
7142 679
4210 684
5233 675
5307 660
6769 680
1315 684
1429 680
1597 683
6765 36
1426 679
7613 875
6174 679
3070 684
10102 684
4347 30
9666 674
7701 876
7694 671
7334 36
10935 674
334 696
10444 684
9131 670
592 696
1278 679
4020 683
5019 36
5255 684
10081 679
8919 675
9924 684
9201 716
9093 689
2817 680
10802 674
176 683
6111 684
3253 877
1537 680
10346 684
2366 684
6736 684
6771 679
5484 674
586 683
7519 674
5969 689
4699 672
10301 675
1198 671
6745 674
2289 670
8658 674
5541 680
5700 675
2180 684
8703 671
4462 684
2196 36
8136 680
6356 680
20 680
10991 684
3647 673
9760 676
6946 674
988 683
1258 670
7972 680
3601 679
4429 684
8202 671
5270 670
311 670
1242 680
1566 671
767 696
4636 684
10632 679
7587 36
477 683
8028 36
2792 30
2999 670
7541 680
2651 30
9794 674
8737 680
1205 696
2718 672
10455 689
6998 683
2845 20
926 670
1936 680
1914 683
6312 878
2534 670
3805 684
5186 670
501 670
8193 683
10155 680
883 680
2132 673
5327 671
4691 679
847 684
4472 684
9798 683
6708 670
10996 670
1741 683
9497 674
7830 680
8536 675
10542 679
3065 678
2345 879
10814 680
9030 670
11005 675
2380 20
8814 683
1446 36
8297 684
8555 675
10672 660
10624 36
1679 680
2757 671
10941 880
6929 671
10609 684
5289 680
8148 674
587 696
4004 674
8259 684
8920 680
4950 671
1866 680
3371 676
4561 680
8839 680
9227 678
5392 675
2737 680
4215 680
2295 679
7283 672
707 696
3124 689
9433 674
9148 881
2157 671
5138 680
6693 680
9450 680
6157 36
873 882
5866 671
5422 680
7497 671
6267 672
7673 684
3720 675
2833 671
6957 679
9765 680
5702 674
483 674
3445 684
4296 672
8511 678
6582 674
6177 683
6176 684
8059 680
4649 670
2244 678
11023 680
9736 674
1302 672
8617 674
8380 684
5438 680
8727 671
7126 674
2324 671
1135 696
11041 680
2916 675
6641 671
10857 689
4495 683
6907 883
11093 675
9101 674
7564 674
2882 884
2806 684
4576 670
7036 684
9206 675
3923 671
6958 675
8005 674
5056 670
10660 674
8063 679
7465 675
10559 689
10269 683
7170 660
10067 684
1277 684
6085 20
7939 671
7510 683
11091 673
8485 716
5434 674
9224 36
1601 680
240 675
5742 684
2692 674
4906 703
542 671
8725 683
6578 683
7355 680
7138 684
10470 671
8754 684
7807 36
8035 671
8106 670
7648 36
1531 684
497 680
5331 30
6656 36
4018 672
2343 675
2897 679
1892 671
3594 670
6671 36
2205 680
117 683
4845 679
6105 670
4776 673
1871 674
662 683
836 680
4928 671
5276 671
9923 674
9578 684
4259 680
1364 679
2791 684
6673 675
2904 682
9608 36
10310 675
9529 660
4121 683
4089 680
8214 689
3252 682
9284 684
1061 680
11094 684
1009 674
1882 689
3931 680
9298 684
8571 670
2238 674
1044 716
9028 689
3495 674
7545 684
1938 716
602 885
5768 672
5882 703
5553 680
4833 680
9481 670
9920 671
8189 675
10277 670
5394 675
822 674
771 696
4405 680
2776 680
4229 675
1935 672
9220 20
8132 674
7387 680
4532 886
1586 701
10066 680
472 670
7424 684
4270 679
7309 683
2468 674
2255 674
966 696
2986 680
7296 36
7050 680
9863 680
5987 680
6243 680
905 670
576 670
289 696
9655 679
7400 684
1097 675
10998 682
10680 683
1718 684
706 689
6354 682
10954 671
6386 670
5110 683
99 671
7040 680
10163 680
10397 679
4902 680
5284 670
9260 675
7359 675
5035 683
6730 670
9684 680
2142 675
3525 36
7924 36
4130 670
4644 680
3501 716
833 675
2250 684
8157 680
2209 674
3293 679
60 682
5412 683
4949 675
10280 683
4278 675
1984 676
1189 680
2589 683
8679 675
2972 680
9063 680
8092 671
8826 20
2870 671
11011 672
4081 675
2689 675
509 887
82 676
9721 720
2401 888
112 720
