17073 1278
17074 1216
17075 72
17076 1216
17077 1216
17078 1216
17079 789
17080 1216
17081 72
17082 1216
17083 39
17084 789
17085 1216
17086 1284
17087 72
17088 1216
17089 1216
17090 1280
17091 1216
17092 789
17093 1216
17094 72
17095 1216
17096 606
17097 789
17098 39
17099 604
17100 914
17101 812
17102 30
17103 1216
17104 39
17105 1286
17106 1284
17107 72
17108 789
17109 1216
17110 39
17111 1134
17112 812
17113 39
17114 1283
17115 1137
17116 72
17117 39
17118 39
17119 1216
17120 1216
17121 39
17122 1216
17123 39
17124 1283
17125 789
17126 1216
17127 1216
17128 1216
17129 1216
17130 1284
17131 1216
17132 789
17133 1216
17134 72
17135 1278
17136 1216
17137 39
17138 1216
17139 1216
17140 72
17141 61
17142 72
17143 1216
17144 1216
17145 1216
17146 588
17147 931
17148 1284
17149 789
17150 1216
17151 1216
17152 1283
17153 789
17154 1216
17155 72
17156 789
17157 1216
17158 72
17159 1284
17160 789
17161 789
17162 1216
17163 1216
17164 789
17165 789
17166 39
17167 1216
17168 1286
17169 1284
17170 39
17171 72
17172 72
17173 789
17174 1284
17175 41
17176 1283
17177 1216
17178 911
17179 1286
17180 23
17181 1216
17182 72
17183 41
17184 1216
17185 914
17186 1284
17187 39
17188 789
17189 39
17190 789
17191 41
17192 23
17193 1284
17194 39
17195 29
17196 789
17197 789
17198 72
17199 1280
17200 1216
17201 29
17202 914
17203 1216
17204 1284
17205 23
17206 1286
17207 1287
17208 1216
17209 1286
17210 914
17211 39
17212 789
17213 1283
17214 1216
17215 72
17216 789
17217 812
17218 1283
17219 1216
17220 1288
17221 72
17222 789
17223 39
17224 1283
17225 1216
17226 812
17227 1283
17228 914
17229 39
17230 72
17231 914
17232 789
17233 914
17234 72
17235 1216
17236 61
17237 914
17238 1216
17239 1216
17240 789
17241 1283
17242 812
17243 606
17244 1216
17245 789
17246 39
17247 789
17248 789
17249 789
17250 1283
17251 29
17252 1216
17253 39
17254 39
17255 1284
17256 39
17257 1216
17258 39
17259 1216
17260 1284
17261 72
17262 914
17263 789
17264 39
17265 39
17266 1287
17267 72
17268 1287
17269 1286
17270 789
17271 789
17272 1216
17273 812
17274 1216
17275 789
17276 61
17277 23
17278 1286
17279 789
17280 789
17281 39
17282 1284
17283 1338
17284 39
17285 789
17286 1216
17287 39
17288 39
17289 23
17290 1216
17291 1288
17292 39
17293 1216
17294 789
17295 39
17296 1216
17297 812
17298 1216
17299 789
17300 72
17301 1216
17302 1283
17303 789
17304 914
17305 789
17306 1216
17307 1284
17308 914
17309 1216
17310 789
17311 72
17312 1287
17313 1284
17314 789
17315 39
17316 789
17317 606
17318 1283
17319 23
17320 61
17321 1283
17322 1216
17323 23
17324 914
17325 588
17326 1287
17327 606
17328 72
17329 39
17330 789
17331 1216
17332 61
17333 1280
17334 23
17335 72
17336 1283
17337 1216
17338 914
17339 39
17340 41
17341 1283
17342 812
17343 1284
17344 1284
17345 1286
17346 39
17347 1216
17348 39
17349 1216
17350 1216
17351 1322
17352 39
17353 789
17354 1283
17355 72
17356 1284
17357 72
17358 39
17359 1280
17360 1278
17361 1216
17362 1216
17363 1284
17364 1216
17365 69
17366 789
17367 1216
17368 789
17369 1216
17370 1278
17371 72
17372 1284
17373 1284
17374 39
17375 911
17376 789
17377 1216
17378 789
17379 39
17380 41
17381 914
17382 588
17383 1216
17384 606
17385 1216
17386 1216
17387 1216
17388 1284
17389 1216
17390 789
17391 1216
17392 1216
17393 72
17394 1287
17395 789
17396 1216
17397 914
17398 812
17399 118
17400 39
17401 1283
17402 72
17403 789
17404 1216
17405 1216
17406 1216
17407 1216
17408 789
17409 39
17410 606
17411 789
17412 1216
17413 1283
17414 606
17415 39
17416 39
17417 914
17418 606
17419 1216
17420 789
17421 72
17422 72
17423 72
17424 1216
17425 914
17426 72
17427 1216
17428 1216
17429 1216
17430 1323
17431 1286
17432 39
17433 1284
17434 1216
17435 1216
17436 812
17437 789
17438 41
17439 29
17440 72
17441 1216
17442 606
17443 39
17444 39
17445 1283
17446 789
17447 1283
17448 789
17449 1283
17450 789
17451 39
17452 789
17453 1216
17454 1216
17455 1216
17456 39
17457 1284
17458 72
17459 789
17460 789
17461 1216
17462 1216
17463 23
17464 812
17465 1283
17466 1216
17467 1216
17468 1216
17469 789
17470 72
17471 914
17472 789
17473 1216
17474 1216
17475 812
17476 588
17477 789
17478 72
17479 789
17480 1216
17481 1283
17482 789
17483 72
17484 789
17485 39
17486 606
17487 1284
17488 1283
17489 1216
17490 29
17491 1216
17492 39
17493 789
17494 1286
17495 72
17496 1137
17497 1216
17498 1216
17499 1283
17500 606
17501 39
17502 789
17503 1216
17504 1216
17505 914
17506 789
17507 588
17508 1283
17509 39
17510 1216
17511 914
17512 1216
17513 789
17514 789
17515 72
17516 1216
17517 1216
17518 1216
17519 914
17520 789
17521 606
17522 39
17523 789
17524 789
17525 789
17526 72
17527 1216
17528 72
17529 1283
17530 1216
17531 1216
17532 1216
17533 1216
17534 789
17535 789
17536 606
17537 1216
17538 789
17539 1287
17540 789
17541 29
17542 588
17543 1278
17544 39
17545 39
17546 39
17547 606
17548 914
17549 1216
17550 1216
17551 39
17552 1216
17553 789
17554 1216
17555 1216
17556 61
17557 1286
17558 1216
17559 72
17560 29
17561 1216
17562 1284
17563 1286
17564 72
17565 72
17566 39
17567 789
17568 72
17569 1286
17570 1284
17571 1216
17572 789
17573 39
17574 1216
17575 1216
17576 72
17577 789
17578 1216
17579 99
17580 61
17581 789
17582 812
17583 1292
17584 789
17585 72
17586 1216
17587 1216
17588 812
17589 72
17590 1216
17591 1216
17592 72
17593 39
17594 1216
17595 1283
17596 1137
17597 1286
17598 1286
17599 1216
17600 72
17601 1216
17602 1216
17603 39
17604 1283
17605 1278
17606 1283
17607 812
17608 1216
17609 72
17610 1284
17611 1216
17612 789
17613 1216
17614 39
17615 789
17616 39
17617 1292
17618 1216
17619 72
17620 1216
17621 1216
17622 812
17623 72
17624 789
17625 1216
17626 1216
17627 789
17628 41
17629 914
17630 1283
17631 1216
17632 789
17633 1284
17634 1284
17635 606
17636 1286
17637 1283
17638 1286
17639 72
17640 1283
17641 39
17642 1216
17643 72
17644 914
17645 1283
17646 606
17647 72
17648 1216
17649 1292
17650 39
17651 1216
17652 789
17653 41
17654 1278
17655 1280
17656 1216
17657 789
17658 1216
17659 41
17660 1216
17661 72
17662 72
17663 812
17664 72
17665 789
17666 789
17667 1216
17668 72
17669 1216
17670 1134
17671 606
17672 914
17673 789
17674 914
17675 789
17676 41
17677 1216
17678 789
17679 1216
17680 1216
17681 914
17682 789
17683 1216
17684 1216
17685 914
17686 1216
17687 1216
17688 789
17689 812
17690 789
17691 789
17692 72
17693 1216
17694 1216
17695 1283
17696 1216
17697 789
17698 914
17699 789
17700 1216
17701 1284
17702 1216
17703 606
17704 1284
17705 41
17706 789
17707 1292
17708 1216
17709 789
17710 914
17711 789
17712 39
17713 39
17714 789
17715 789
17716 789
17717 1283
17718 1286
17719 39
17720 29
17721 812
17722 29
17723 39
17724 588
17725 1216
17726 72
17727 1216
17728 812
17729 1216
17730 606
17731 914
17732 789
17733 789
17734 1216
17735 789
17736 72
17737 72
17738 789
17739 72
17740 606
17741 39
17742 789
17743 39
17744 1216
17745 72
17746 789
17747 606
17748 789
17749 1216
17750 1216
17751 789
17752 789
17753 72
17754 789
17755 812
17756 789
17757 72
17758 789
17759 1216
17760 41
17761 1284
17762 1284
17763 789
17764 1216
17765 1216
17766 39
17767 1284
17768 789
17769 39
17770 23
17771 789
17772 1216
17773 1283
17774 789
17775 1216
17776 789
17777 39
17778 789
17779 39
17780 1287
17781 606
17782 1216
17783 61
17784 1216
17785 789
17786 1216
17787 789
17788 39
17789 789
17790 1216
17791 39
17792 1278
17793 1216
17794 1216
17795 789
17796 789
17797 1216
17798 789
17799 39
17800 1216
17801 789
17802 1216
17803 1216
17804 789
17805 1216
17806 72
17807 789
17808 1216
17809 789
17810 72
17811 1284
17812 23
17813 812
17814 789
17815 789
17816 1216
17817 23
17818 1283
17819 1284
17820 23
17821 39
17822 789
17823 1286
17824 1284
17825 1280
17826 72
17827 1284
17828 789
17829 606
17830 914
17831 1216
17832 789
17833 1284
17834 1286
17835 1283
17836 1216
17837 1216
17838 39
17839 1280
17840 39
17841 1216
17842 1216
17843 1216
17844 1286
17845 1216
17846 39
17847 1284
17848 1216
17849 1216
17850 72
17851 1216
17852 914
17853 1216
17854 789
17855 29
17856 1216
17857 789
17858 39
17859 41
17860 1216
17861 914
17862 606
17863 39
17864 67
17865 606
17866 1216
17867 39
17868 1216
17869 914
17870 1283
17871 1216
17872 789
17873 1134
17874 789
17875 914
17876 789
17877 914
17878 789
17879 1216
17880 1283
17881 1284
17882 789
17883 789
17884 1216
17885 914
17886 1216
17887 39
17888 1283
17889 1216
17890 39
17891 39
17892 39
17893 789
17894 39
17895 789
17896 1216
17897 72
17898 72
17899 1216
17900 39
17901 1216
17902 72
17903 1216
17904 1287
17905 1216
17906 1283
17907 39
17908 914
17909 1216
17910 72
17911 1283
17912 1216
17913 39
17914 789
17915 1216
17916 789
17917 1216
17918 588
17919 61
17920 1284
17921 789
17922 1216
17923 789
17924 789
17925 789
17926 39
17927 39
17928 1286
17929 613
17930 789
17931 1284
17932 1216
17933 789
17934 1292
17935 1278
17936 1216
17937 789
17938 789
17939 72
17940 1286
17941 1216
17942 1216
17943 1216
17944 1216
17945 789
17946 41
17947 812
17948 1216
17949 1216
17950 72
17951 1216
17952 72
17953 1216
17954 1216
17955 1216
17956 1216
17957 789
17958 39
17959 61
17960 72
17961 1216
17962 39
17963 39
17964 1216
17965 812
17966 812
17967 789
17968 789
17969 61
17970 1216
17971 606
17972 39
17973 1284
17974 1216
17975 1216
17976 72
17977 789
17978 914
17979 23
17980 1216
17981 789
17982 789
17983 812
17984 1278
17985 1286
17986 1216
17987 1216
17988 72
17989 1283
17990 789
17991 39
17992 1280
17993 90
17994 1284
17995 1216
17996 1216
17997 789
17998 606
17999 1216
18000 1216
18001 812
18002 914
18003 1216
18004 789
18005 789
18006 30
18007 41
18008 1216
18009 39
18010 39
18011 1284
18012 1283
18013 1284
18014 789
18015 606
18016 789
18017 41
18018 1278
18019 1278
18020 1284
18021 72
18022 1284
18023 1278
18024 789
18025 789
18026 39
18027 789
18028 1216
18029 1216
18030 23
18031 39
18032 23
18033 789
18034 914
18035 1216
18036 1216
18037 1284
18038 789
18039 1280
18040 72
18041 1286
18042 1216
18043 1216
18044 39
18045 72
18046 41
18047 789
18048 789
18049 789
18050 1283
18051 41
18052 72
18053 1216
18054 39
18055 1216
18056 1283
18057 789
18058 1283
18059 914
18060 39
18061 39
18062 29
18063 1284
18064 1284
18065 1284
18066 914
18067 1283
18068 72
18069 1216
18070 41
18071 789
18072 23
18073 1278
18074 1286
18075 72
18076 789
18077 789
18078 1284
18079 61
18080 1216
18081 1287
18082 1286
18083 1278
18084 789
18085 39
18086 72
18087 39
18088 72
18089 812
18090 1216
18091 72
18092 53
18093 1283
18094 1278
18095 39
18096 1216
18097 789
18098 606
18099 1216
18100 39
18101 1216
18102 1286
18103 1216
18104 789
18105 1216
18106 606
18107 1216
18108 789
18109 77
18110 1287
18111 1286
18112 914
18113 1280
18114 1216
18115 914
18116 72
18117 39
18118 1216
18119 1284
18120 1216
18121 39
18122 72
18123 39
18124 588
18125 39
18126 789
18127 1283
18128 1216
18129 29
18130 1288
18131 588
18132 789
18133 789
18134 72
18135 1286
18136 606
18137 1283
18138 39
18139 812
18140 72
18141 789
18142 39
18143 39
18144 812
18145 789
18146 1284
18147 39
18148 789
18149 1216
18150 1216
18151 1283
18152 789
18153 1216
18154 1216
18155 914
18156 789
18157 789
18158 1216
18159 72
18160 1216
18161 789
18162 1216
18163 606
18164 812
18165 1286
18166 1216
18167 72
18168 1280
18169 61
18170 1287
18171 1216
18172 789
18173 72
18174 789
18175 606
18176 39
18177 1216
18178 23
18179 1284
18180 1283
18181 606
18182 789
18183 39
18184 1284
18185 1283
18186 72
18187 1324
18188 1283
18189 789
18190 1284
18191 1280
18192 914
18193 41
18194 1216
18195 39
18196 789
18197 1216
18198 1216
18199 1216
18200 61
18201 41
18202 1287
18203 789
18204 1216
18205 1278
18206 789
18207 1216
18208 1283
18209 789
18210 606
18211 72
18212 1216
18213 1216
18214 1283
18215 914
18216 789
18217 789
18218 789
18219 789
18220 1216
18221 1216
18222 1283
18223 789
18224 789
18225 1216
18226 1216
18227 1216
18228 39
18229 1280
18230 39
18231 914
18232 1286
18233 1216
18234 914
18235 1283
18236 789
18237 1118
18238 1216
18239 914
18240 789
18241 1286
18242 789
18243 72
18244 72
18245 1216
18246 1137
18247 789
18248 1284
18249 1134
18250 29
18251 1216
18252 789
18253 1216
18254 914
18255 1284
18256 1216
18257 39
18258 606
18259 914
18260 39
18261 72
18262 1284
18263 39
18264 61
18265 1216
18266 812
18267 1283
18268 72
18269 789
18270 1286
18271 1283
18272 1216
18273 789
18274 39
18275 1284
18276 39
18277 1216
18278 1216
18279 1216
18280 39
18281 789
18282 914
18283 1216
18284 1216
18285 1216
18286 1216
18287 39
18288 1216
18289 1286
18290 1284
18291 1286
18292 72
18293 39
18294 1286
18295 603
18296 914
18297 23
18298 588
18299 1216
18300 1283
18301 789
18302 789
18303 1283
18304 39
18305 1283
18306 789
18307 72
18308 1284
18309 789
18310 1284
18311 39
18312 914
18313 39
18314 39
18315 789
18316 789
18317 914
18318 789
18319 1216
18320 1216
18321 1284
18322 1286
18323 72
18324 789
18325 72
18326 1216
18327 39
18328 588
18329 1216
18330 818
18331 812
18332 39
18333 39
18334 1216
18335 1216
18336 812
18337 72
18338 1216
18339 1286
18340 1278
18341 1216
18342 588
18343 1216
18344 1286
18345 789
18346 1216
18347 39
18348 1283
18349 1216
18350 1284
18351 1216
18352 789
18353 914
18354 914
18355 1216
18356 1216
18357 789
18358 39
18359 789
18360 1216
18361 789
18362 789
18363 1216
18364 1216
18365 1134
18366 812
18367 1292
18368 72
18369 39
18370 789
18371 1216
18372 914
18373 606
18374 789
18375 606
18376 1134
18377 39
18378 1216
18379 789
18380 1286
18381 914
18382 1216
18383 1216
18384 23
18385 1216
18386 789
18387 39
18388 1216
18389 914
18390 789
18391 1287
18392 1216
18393 789
18394 39
18395 72
18396 1216
18397 914
18398 1216
18399 1286
18400 29
18401 39
18402 39
18403 914
18404 1283
18405 39
18406 1284
18407 914
18408 812
18409 1216
18410 61
18411 1216
18412 1284
18413 812
18414 1216
18415 1118
18416 789
18417 1216
18418 789
18419 1284
18420 1283
18421 1216
18422 72
18423 1284
18424 789
18425 789
18426 1216
18427 1216
18428 789
18429 39
18430 914
18431 789
18432 72
18433 1216
18434 1283
18435 789
18436 1216
18437 1216
18438 1216
18439 914
18440 1216
18441 41
18442 1216
18443 39
18444 1216
18445 1286
18446 1216
18447 789
18448 39
18449 39
18450 1216
18451 789
18452 789
18453 1216
18454 39
18455 1216
18456 914
18457 1216
18458 23
18459 39
18460 1216
18461 789
18462 72
18463 1216
18464 1216
18465 914
18466 914
18467 39
18468 1284
18469 61
18470 1216
18471 1216
18472 1216
18473 1216
18474 1216
18475 1216
18476 39
18477 789
18478 1284
18479 1284
18480 1284
18481 61
18482 29
18483 72
18484 606
18485 789
18486 1278
18487 789
18488 588
18489 1216
18490 72
18491 1216
18492 1283
18493 914
18494 72
18495 789
18496 789
18497 789
18498 1216
18499 812
18500 1216
18501 1286
18502 39
18503 789
18504 789
18505 72
18506 39
18507 789
18508 1216
18509 789
18510 1216
18511 789
18512 606
18513 789
18514 812
18515 72
18516 914
18517 1216
18518 914
18519 1216
18520 1283
18521 61
18522 1284
18523 789
18524 72
18525 789
18526 39
18527 914
18528 1216
18529 1216
18530 588
18531 789
18532 812
18533 789
18534 1216
18535 1216
18536 23
18537 1216
18538 23
18539 1284
18540 41
18541 1283
18542 1283
18543 1216
18544 1216
18545 789
18546 1286
18547 789
18548 72
18549 23
18550 1216
18551 1216
18552 1216
18553 914
18554 1216
18555 1216
18556 1286
18557 789
18558 1286
18559 1216
18560 1216
18561 39
18562 1284
18563 39
18564 72
18565 606
18566 1283
18567 789
18568 39
18569 812
18570 588
18571 1283
18572 588
18573 1283
18574 72
18575 23
18576 1216
18577 789
18578 1280
18579 1287
18580 39
18581 1216
18582 789
18583 1216
18584 72
18585 72
18586 41
18587 1287
18588 1216
18589 23
18590 1216
18591 1216
18592 1280
18593 1284
18594 1216
18595 1216
18596 41
18597 1216
18598 1216
18599 789
18600 1216
18601 1283
18602 1284
18603 72
18604 1216
18605 1216
18606 789
18607 1216
18608 23
18609 812
18610 812
18611 1287
18612 1284
18613 1283
18614 61
18615 588
18616 1216
18617 1216
18618 1216
18619 72
18620 39
18621 72
18622 789
18623 914
18624 39
18625 23
18626 39
18627 39
18628 1278
18629 72
18630 914
18631 1216
18632 789
18633 72
18634 1284
18635 1283
18636 789
18637 1284
18638 1284
18639 1284
18640 1216
18641 1216
18642 1284
18643 23
18644 588
18645 1134
18646 23
18647 789
18648 1216
18649 29
18650 789
18651 1283
18652 812
18653 789
18654 789
18655 789
18656 1284
18657 789
18658 1118
18659 29
18660 1216
18661 72
18662 1216
18663 72
18664 789
18665 39
18666 1216
18667 1216
18668 606
18669 72
18670 1216
18671 789
18672 606
18673 1283
18674 1216
18675 914
18676 1283
18677 39
18678 789
18679 72
18680 789
18681 1137
18682 39
18683 789
18684 1286
18685 789
18686 914
18687 1216
18688 1216
18689 1283
18690 1216
18691 1284
18692 1216
18693 72
18694 39
18695 1216
18696 1057
18697 1284
18698 39
18699 1284
18700 789
18701 789
18702 812
18703 1216
18704 1216
18705 1216
18706 1216
18707 1284
18708 606
18709 23
18710 914
18711 1216
18712 931
18713 39
18714 1216
18715 606
18716 23
18717 789
18718 39
18719 1286
18720 39
18721 1216
18722 1284
18723 812
18724 39
18725 1216
18726 1216
18727 1283
18728 1216
18729 1283
18730 789
18731 39
18732 1284
18733 789
18734 1280
18735 1216
18736 72
18737 789
18738 1216
18739 1216
18740 39
18741 1216
18742 789
18743 1216
18744 1216
18745 812
18746 914
18747 588
18748 72
18749 588
18750 1283
18751 812
18752 1283
18753 914
18754 1338
18755 789
18756 29
18757 1284
18758 599
18759 39
18760 789
18761 789
18762 72
18763 789
18764 29
18765 39
18766 789
18767 789
18768 39
18769 72
18770 789
18771 789
18772 1283
18773 789
18774 914
18775 1216
18776 812
18777 39
18778 41
18779 1216
18780 789
18781 39
18782 789
18783 39
18784 39
18785 789
18786 789
18787 789
18788 914
18789 1216
18790 1216
18791 1216
18792 1216
18793 789
18794 812
18795 812
18796 39
18797 914
18798 41
18799 914
18800 789
18801 61
18802 789
18803 1216
18804 588
18805 789
18806 61
18807 914
18808 1216
18809 1216
18810 789
18811 914
18812 1216
18813 1216
18814 39
18815 39
18816 789
18817 1216
18818 1216
18819 789
18820 1216
18821 39
18822 72
18823 1216
18824 1283
18825 1283
18826 1216
18827 72
18828 1286
18829 41
18830 39
18831 41
18832 789
18833 1216
18834 39
18835 789
18836 789
18837 914
18838 39
18839 1216
18840 41
18841 1287
18842 1286
18843 39
18844 1284
18845 1216
18846 72
18847 1286
18848 1216
18849 72
18850 1216
18851 1216
18852 1216
18853 1216
18854 1284
18855 1216
18856 914
18857 789
18858 606
18859 789
18860 789
18861 1216
18862 72
18863 1284
18864 1216
18865 1216
18866 789
18867 1216
18868 72
18869 812
18870 39
18871 1216
18872 789
18873 23
18874 1216
18875 72
18876 789
18877 1286
18878 1216
18879 1216
18880 1284
18881 39
18882 789
18883 39
18884 1216
18885 72
18886 789
18887 789
18888 1216
18889 789
18890 1283
18891 789
18892 789
18893 1216
18894 1286
18895 1284
18896 41
18897 72
18898 1216
18899 39
18900 914
18901 1216
18902 23
18903 789
18904 1216
18905 789
18906 1216
18907 1134
18908 789
18909 1057
18910 1284
18911 77
18912 39
18913 61
18914 789
18915 1284
18916 606
18917 1283
18918 1286
18919 72
18920 789
18921 812
18922 789
18923 1216
18924 39
18925 39
18926 72
18927 789
18928 1216
18929 789
18930 789
18931 41
18932 61
18933 39
18934 789
18935 789
18936 789
18937 1216
18938 1216
18939 1283
18940 588
18941 39
18942 50
18943 1216
18944 1216
18945 72
18946 1283
18947 1326
18948 1216
18949 1216
18950 1216
18951 39
18952 20
18953 1297
18954 56
18955 50
18956 1327
18957 50
18958 573
18959 1061
18960 36
18961 1241
18962 917
18963 1297
18964 27
18965 790
18966 1133
18967 1297
18968 903
18969 50
