6672 25
6673 68
6674 146
6675 47
6676 13
6677 231
6678 110
6679 114
6680 75
6681 81
6682 79
6683 34
6684 86
6685 151
6686 100
6687 92
6688 114
6689 4
6690 231
6691 31
6692 100
6693 87
6694 55
6695 73
6696 31
6697 1329
6698 80
6699 114
6700 217
6701 3
6702 13
6703 798
6704 100
6705 113
6706 202
6707 117
6708 173
6709 8
6710 13
6711 73
6712 25
6713 9
6714 81
6715 74
6716 4
6717 4
6718 114
6719 16
6720 73
6721 99
6722 78
6723 76
6724 213
6725 11
6726 25
6727 218
6728 201
6729 117
6730 173
6731 13
6732 151
6733 16
6734 44
6735 92
6736 87
6737 4
6738 76
6739 119
6740 119
6741 100
6742 893
6743 32
6744 86
6745 99
6746 208
6747 75
6748 114
6749 27
6750 219
6751 37
6752 201
6753 114
6754 1330
6755 55
6756 4
6757 33
6758 100
6759 75
6760 8
6761 75
6762 9
6763 139
6764 205
6765 184
6766 166
6767 173
6768 212
6769 87
6770 79
6771 51
6772 37
6773 27
6774 86
6775 31
6776 231
6777 5
6778 184
6779 13
6780 47
6781 101
6782 100
6783 92
6784 5
6785 2
6786 73
6787 9
6788 149
6789 52
6790 47
6791 75
6792 100
6793 100
6794 1175
6795 126
6796 103
6797 1326
6798 905
6799 883
6800 82
6801 157
6802 157
6803 33
6804 75
6805 41
6806 76
6807 92
6808 25
6809 73
6810 100
6811 100
6812 173
6813 47
6814 5
6815 143
6816 36
6817 4
6818 75
6819 13
6820 86
6821 75
6822 68
6823 113
6824 221
6825 137
6826 21
6827 78
6828 25
6829 75
6830 8
6831 151
6832 137
6833 75
6834 212
6835 13
6836 201
6837 114
6838 34
6839 33
6840 13
6841 15
6842 33
6843 47
6844 113
6845 231
6846 31
6847 23
6848 784
6849 114
6850 75
6851 15
6852 13
6853 23
6854 76
6855 17
6856 25
6857 92
6858 201
6859 154
6860 131
6861 76
6862 5
6863 49
6864 4
6865 13
6866 33
6867 1174
6868 196
6869 3
6870 82
6871 33
6872 33
6873 77
6874 56
6875 114
6876 34
6877 4
6878 100
6879 76
6880 8
6881 120
6882 883
6883 37
6884 110
6885 118
6886 76
6887 798
6888 113
6889 92
6890 71
6891 105
6892 33
6893 102
6894 149
6895 1331
6896 114
6897 16
6898 3
6899 37
6900 33
6901 86
6902 134
6903 8
6904 16
6905 131
6906 33
6907 1332
6908 39
6909 41
6910 5
6911 13
6912 49
6913 3
6914 55
6915 156
6916 205
6917 1138
6918 149
6919 75
6920 92
6921 76
6922 218
6923 24
6924 149
6925 52
6926 13
6927 120
6928 127
6929 87
6930 202
6931 33
6932 143
6933 213
6934 16
6935 81
6936 75
6937 33
6938 100
6939 31
6940 4
6941 36
6942 31
6943 31
6944 9
6945 202
6946 99
6947 8
6948 4
6949 13
6950 213
6951 120
6952 47
6953 16
6954 100
6955 105
6956 36
6957 51
6958 68
6959 897
6960 143
6961 68
6962 82
6963 114
6964 31
6965 24
6966 118
6967 31
6968 5
6969 36
6970 13
6971 114
6972 49
6973 217
6974 134
6975 76
6976 1046
6977 86
6978 3
6979 75
6980 120
6981 100
6982 1157
6983 13
6984 27
6985 975
6986 173
6987 39
6988 16
6989 49
6990 114
6991 27
6992 95
6993 139
6994 33
6995 16
6996 120
6997 201
6998 51
6999 49
7000 154
7001 36
7002 8
7003 114
7004 76
7005 143
7006 206
7007 100
7008 5
7009 39
7010 8
7011 51
7012 37
7013 58
7014 17
7015 127
7016 131
7017 75
7018 1362
7019 38
7020 100
7021 221
7022 3
7023 141
7024 206
7025 17
7026 76
7027 221
7028 4
7029 92
7030 4
7031 149
7032 49
7033 86
7034 118
7035 82
7036 87
7037 25
7038 893
7039 998
7040 87
7041 8
7042 16
7043 37
7044 1333
7045 10
7046 218
7047 763
7048 55
7049 63
7050 87
7051 74
7052 75
7053 208
7054 3
7055 87
7056 41
7057 203
7058 119
7059 27
7060 39
7061 105
7062 78
7063 127
7064 81
7065 789
7066 8
7067 27
7068 84
7069 143
7070 39
7071 173
7072 8
7073 140
7074 118
7075 219
7076 88
7077 75
7078 184
7079 10
7080 81
7081 110
7082 76
7083 131
7084 3
7085 127
7086 24
7087 11
7088 32
7089 100
7090 118
7091 38
7092 31
7093 78
7094 25
7095 11
7096 3
7097 4
7098 4
7099 31
7100 21
7101 21
7102 75
7103 17
7104 27
7105 110
7106 88
7107 8
7108 146
7109 92
7110 100
7111 8
7112 239
7113 32
7114 17
7115 103
7116 120
7117 5
7118 13
7119 33
7120 21
7121 154
7122 1334
7123 1175
7124 134
7125 16
7126 99
7127 82
7128 114
7129 126
7130 41
7131 145
7132 75
7133 26
7134 13
7135 13
7136 58
7137 11
7138 87
7139 55
7140 17
7141 17
7142 51
7143 960
7144 206
7145 82
7146 73
7147 127
7148 81
7149 76
7150 134
7151 81
7152 202
7153 15
7154 4
7155 75
7156 103
7157 75
7158 151
7159 37
7160 13
7161 221
7162 13
7163 13
7164 110
7165 122
7166 9
7167 118
7168 1362
7169 75
7170 205
7171 73
7172 25
7173 33
7174 117
7175 73
7176 16
7177 21
7178 4
7179 105
7180 76
7181 209
7182 13
7183 137
7184 17
7185 1362
7186 13
7187 3
7188 25
7189 73
7190 84
7191 55
7192 218
7193 79
7194 37
7195 8
7196 82
7197 110
7198 120
7199 202
7200 13
7201 51
7202 75
7203 25
7204 105
7205 8
7206 81
7207 34
7208 120
7209 37
7210 61
7211 4
7212 206
7213 5
7214 960
7215 76
7216 32
7217 21
7218 114
7219 146
7220 127
7221 119
7222 114
7223 80
7224 79
7225 118
7226 4
7227 47
7228 24
7229 73
7230 15
7231 41
7232 883
7233 25
7234 4
7235 4
7236 41
7237 38
7238 120
7239 100
7240 134
7241 17
7242 218
7243 31
7244 9
7245 25
7246 17
7247 49
7248 8
7249 905
7250 23
7251 132
7252 25
7253 8
7254 86
7255 100
7256 131
7257 113
7258 32
7259 131
7260 975
7261 218
7262 143
7263 166
7264 31
7265 213
7266 134
7267 127
7268 154
7269 11
7270 156
7271 213
7272 27
7273 103
7274 34
7275 10
7276 41
7277 157
7278 103
7279 75
7280 101
7281 31
7282 9
7283 68
7284 893
7285 31
7286 82
7287 75
7288 75
7289 8
7290 76
7291 47
7292 886
7293 27
7294 4
7295 131
7296 184
7297 34
7298 16
7299 25
7300 2
7301 103
7302 82
7303 41
7304 126
7305 87
7306 149
7307 100
7308 100
7309 206
7310 975
7311 36
7312 134
7313 68
7314 36
7315 151
7316 49
7317 82
7318 196
7319 44
7320 13
7321 76
7322 218
7323 105
7324 105
7325 41
7326 25
7327 73
7328 82
7329 143
7330 113
7331 75
7332 21
7333 17
7334 184
7335 118
7336 32
7337 34
7338 44
7339 154
7340 15
7341 118
7342 1335
7343 146
7344 63
7345 75
7346 36
7347 8
7348 37
7349 75
7350 80
7351 47
7352 47
7353 75
7354 32
7355 87
7356 151
7357 34
7358 184
7359 68
7360 82
7361 73
7362 202
7363 78
7364 1143
7365 8
7366 798
7367 103
7368 31
7369 33
7370 114
7371 4
7372 34
7373 173
7374 75
7375 82
7376 110
7377 15
7378 9
7379 105
7380 32
7381 49
7382 8
7383 151
7384 218
7385 114
7386 92
7387 87
7388 114
7389 8
7390 173
7391 8
7392 36
7393 217
7394 120
7395 114
7396 4
7397 883
7398 41
7399 31
7400 87
7401 21
7402 86
7403 88
7404 31
7405 78
7406 81
7407 119
7408 120
7409 27
7410 100
7411 114
7412 119
7413 21
7414 27
7415 119
7416 76
7417 61
7418 120
7419 47
7420 113
7421 75
7422 119
7423 165
7424 87
7425 73
7426 92
7427 8
7428 75
7429 75
7430 213
7431 21
7432 25
7433 13
7434 4
7435 24
7436 25
7437 127
7438 27
7439 87
7440 4
7441 36
7442 100
7443 149
7444 82
7445 73
7446 16
7447 9
7448 105
7449 33
7450 75
7451 789
7452 75
7453 39
7454 114
7455 16
7456 8
7457 212
7458 100
7459 49
7460 75
7461 114
7462 140
7463 118
7464 21
7465 68
7466 231
7467 129
7468 201
7469 49
7470 4
7471 134
7472 27
7473 139
7474 95
7475 13
7476 75
7477 100
7478 131
7479 13
7480 31
7481 118
7482 75
7483 23
7484 165
7485 81
7486 104
7487 134
7488 47
7489 49
7490 75
7491 97
7492 11
7493 87
7494 76
7495 27
7496 4
7497 87
7498 68
7499 47
7500 80
7501 27
7502 32
7503 4
7504 82
7505 39
7506 103
7507 13
7508 63
7509 119
7510 51
7511 16
7512 37
7513 16
7514 975
7515 134
7516 38
7517 100
7518 3
7519 99
7520 4
7521 26
7522 8
7523 87
7524 58
7525 81
7526 41
7527 127
7528 25
7529 25
7530 8
7531 143
7532 33
7533 110
7534 76
7535 8
7536 10
7537 196
7538 24
7539 1338
7540 176
7541 87
7542 13
7543 8
7544 81
7545 87
7546 23
7547 11
7548 8
7549 10
7550 38
7551 13
7552 119
7553 37
7554 8
7555 41
7556 27
7557 100
7558 100
7559 34
7560 205
7561 212
7562 117
7563 117
7564 99
7565 13
7566 33
7567 5
7568 76
7569 217
7570 217
7571 8
7572 16
7573 34
7574 75
7575 127
7576 38
7577 63
7578 16
7579 95
7580 75
7581 68
7582 13
7583 166
7584 82
7585 118
7586 80
7587 184
7588 24
7589 82
7590 127
7591 25
7592 47
7593 33
7594 139
7595 119
7596 149
7597 127
7598 75
7599 23
7600 154
7601 44
7602 219
7603 12
7604 81
7605 100
7606 151
7607 5
7608 33
7609 11
7610 81
7611 103
7612 32
7613 126
7614 76
7615 84
7616 27
7617 87
7618 206
7619 32
7620 73
7621 76
7622 13
7623 8
7624 80
7625 151
7626 34
7627 231
7628 126
7629 231
7630 75
7631 110
7632 82
7633 2
7634 75
7635 34
7636 8
7637 4
7638 114
7639 110
7640 97
7641 114
7642 75
7643 75
7644 960
7645 5
7646 219
7647 81
7648 184
7649 757
7650 221
7651 81
7652 75
7653 214
7654 21
7655 79
7656 41
7657 34
7658 82
7659 221
7660 151
7661 100
7662 134
7663 27
7664 102
7665 27
7666 103
7667 44
7668 3
7669 49
7670 807
7671 88
7672 105
7673 87
7674 99
7675 113
7676 75
7677 118
7678 5
7679 75
7680 8
7681 64
7682 16
7683 55
7684 95
7685 25
7686 149
7687 37
7688 231
7689 12
7690 46
7691 76
7692 37
7693 47
7694 87
7695 86
7696 97
7697 100
7698 78
7699 117
7700 127
7701 1339
7702 51
7703 97
7704 127
7705 196
7706 75
7707 33
7708 766
7709 214
7710 149
7711 76
7712 82
7713 120
7714 74
7715 165
7716 25
7717 21
7718 8
7719 100
7720 137
7721 16
7722 92
7723 141
7724 110
7725 25
7726 37
7727 63
7728 32
7729 206
7730 34
7731 41
7732 5
7733 127
7734 137
7735 113
7736 17
7737 92
7738 13
7739 49
7740 27
7741 17
7742 23
7743 25
7744 8
7745 73
7746 4
7747 146
7748 119
7749 41
7750 114
7751 78
7752 8
7753 5
7754 1362
7755 58
7756 55
7757 13
7758 103
7759 34
7760 75
7761 77
7762 905
7763 1340
7764 102
7765 120
7766 118
7767 212
7768 68
7769 41
7770 8
7771 143
7772 38
7773 883
7774 127
7775 118
7776 31
7777 49
7778 36
7779 202
7780 27
7781 11
7782 75
7783 24
