16263 113
16264 4073
16265 5
16266 4110
16267 148
16268 94
16269 46
16270 147
16271 302
16272 7
16273 65
16274 51
16275 302
16276 186
16277 90
16278 54
16279 251
16280 46
16281 65
16282 21
16283 1994
16284 2
16285 3066
16286 213
16287 110
16288 206
16289 94
16290 7
16291 153
16292 4138
16293 147
16294 37
16295 102
16296 21
16297 113
16298 65
16299 63
16300 10
16301 147
16302 147
16303 213
16304 4074
16305 113
16306 110
16307 302
16308 38
16309 186
16310 302
16311 147
16312 7
16313 2226
16314 1191
16315 186
16316 36
16317 1566
16318 206
16319 1994
16320 4146
16321 206
16322 51
16323 35
16324 63
16325 12
16326 879
16327 63
16328 55
16329 90
16330 63
16331 110
16332 15
16333 2226
16334 113
16335 186
16336 65
16337 1191
16338 186
16339 46
16340 51
16341 147
16342 7
16343 51
16344 206
16345 26
16346 7
16347 94
16348 186
16349 4075
16350 63
16351 30
16352 209
16353 147
16354 113
16355 206
16356 191
16357 147
16358 37
16359 1191
16360 4
16361 46
16362 46
16363 51
16364 46
16365 55
16366 65
16367 185
16368 35
16369 209
16370 147
16371 138
16372 113
16373 213
16374 4138
16375 12
16376 65
16377 302
16378 1994
16379 46
16380 37
16381 1566
16382 51
16383 90
16384 57
16385 4162
16386 147
16387 186
16388 102
16389 209
16390 1191
16391 213
16392 302
16393 37
16394 206
16395 302
16396 90
16397 167
16398 4133
16399 302
16400 54
16401 147
16402 46
16403 46
16404 4163
16405 135
16406 879
16407 186
16408 147
16409 4133
16410 302
16411 186
16412 110
16413 54
16414 1997
16415 147
16416 51
16417 5
16418 147
16419 302
16420 30
16421 2813
16422 15
16423 46
16424 7
16425 147
16426 4076
16427 113
16428 36
16429 185
16430 113
16431 206
16432 206
16433 30
16434 110
16435 206
16436 46
16437 2
16438 112
16439 206
16440 302
16441 213
16442 54
16443 110
16444 3073
16445 57
16446 113
16447 31
16448 57
16449 7
16450 65
16451 186
16452 113
16453 186
16454 65
16455 4170
16456 302
16457 113
16458 185
16459 206
16460 206
16461 209
16462 30
16463 94
16464 185
16465 1
16466 46
16467 213
16468 57
16469 102
16470 186
16471 1
16472 1994
16473 186
16474 302
16475 110
16476 153
16477 51
16478 131
16479 302
16480 147
16481 302
16482 19
16483 37
16484 51
16485 7
16486 209
16487 46
16488 51
16489 46
16490 102
16491 186
16492 4158
16493 90
16494 147
16495 206
16496 302
16497 4163
16498 1566
16499 35
16500 186
16501 302
16502 186
16503 57
16504 206
16505 206
16506 206
16507 206
16508 206
16509 102
16510 21
16511 147
16512 4126
16513 206
16514 25
16515 7
16516 140
16517 255
16518 7
16519 102
16520 2017
16521 7
16522 113
16523 4077
16524 54
16525 110
16526 130
16527 213
16528 1157
16529 186
16530 4078
16531 57
16532 35
16533 35
16534 17
16535 46
16536 186
16537 7
16538 5
16539 17
16540 302
16541 102
16542 37
16543 302
16544 57
16545 37
16546 886
16547 147
16548 35
16549 147
16550 302
16551 46
16552 4146
16553 185
16554 186
16555 17
16556 206
16557 57
16558 186
16559 26
16560 251
16561 90
16562 110
16563 1178
16564 186
16565 113
16566 43
16567 63
16568 4079
16569 147
16570 213
16571 4080
16572 213
16573 879
16574 886
16575 135
16576 4135
16577 3358
16578 63
16579 185
16580 186
16581 57
16582 209
16583 7
16584 186
16585 113
16586 3073
16587 147
16588 35
16589 15
16590 55
16591 147
16592 4133
16593 186
16594 209
16595 46
16596 5
16597 167
16598 135
16599 302
16600 4081
16601 113
16602 14
16603 186
16604 147
16605 57
16606 302
16607 147
16608 186
16609 5
16610 113
16611 55
16612 51
16613 46
16614 65
16615 302
16616 20
16617 46
16618 1994
16619 138
16620 2714
16621 94
16622 51
16623 46
16624 94
16625 37
16626 19
16627 46
16628 35
16629 4135
16630 185
16631 186
16632 185
16633 186
16634 17
16635 51
16636 153
16637 251
16638 186
16639 8
16640 4082
16641 147
16642 65
16643 2761
16644 63
16645 1566
16646 186
16647 147
16648 51
16649 94
16650 65
16651 102
16652 46
16653 186
16654 51
16655 26
16656 110
16657 110
16658 51
16659 186
16660 4133
16661 57
16662 147
16663 2255
16664 4083
16665 11
16666 186
16667 135
16668 135
16669 20
16670 209
16671 186
16672 51
16673 1994
16674 213
16675 147
16676 3045
16677 46
16678 186
16679 186
16680 206
16681 113
16682 213
16683 51
16684 4133
16685 147
16686 206
16687 46
16688 302
16689 94
16690 147
16691 4110
16692 167
16693 131
16694 206
16695 185
16696 186
16697 302
16698 302
16699 17
16700 4084
16701 51
16702 147
16703 302
16704 167
16705 35
16706 51
16707 206
16708 186
16709 113
16710 186
16711 213
16712 102
16713 46
16714 147
16715 209
16716 46
16717 1157
16718 4110
16719 302
16720 51
16721 113
16722 2
16723 54
16724 185
16725 110
16726 147
16727 46
16728 4085
16729 206
16730 26
16731 57
16732 112
16733 130
16734 102
16735 65
16736 186
16737 12
16738 46
16739 19
16740 46
16741 186
16742 51
16743 186
16744 113
16745 51
16746 213
16747 113
16748 65
16749 2218
16750 185
16751 4086
16752 4087
16753 17
16754 206
16755 51
16756 147
16757 186
16758 46
16759 186
16760 37
16761 1994
16762 213
16763 213
16764 130
16765 147
16766 148
16767 879
16768 147
16769 46
16770 147
16771 206
16772 5
16773 147
16774 35
16775 3352
16776 206
16777 886
16778 20
16779 147
16780 102
16781 17
16782 110
16783 4088
16784 186
16785 206
16786 57
16787 209
16788 186
16789 37
16790 186
16791 147
16792 886
16793 65
16794 213
16795 90
16796 113
16797 147
16798 206
16799 130
16800 879
16801 65
16802 186
16803 55
16804 21
16805 42
16806 186
16807 1779
16808 186
16809 12
16810 4089
16811 30
16812 86
16813 2
16814 90
16815 186
16816 185
16817 19
16818 206
16819 51
16820 886
16821 30
16822 46
16823 113
16824 21
16825 302
16826 302
16827 186
16828 302
16829 213
16830 113
16831 65
16832 4
16833 57
16834 209
16835 186
16836 302
16837 185
16838 147
16839 1779
16840 57
16841 37
16842 186
16843 57
16844 206
16845 302
16846 11
16847 302
16848 186
16849 26
16850 186
16851 186
16852 186
16853 2
16854 51
16855 186
16856 302
16857 46
16858 206
16859 209
16860 38
16861 5
16862 4090
16863 113
16864 213
16865 4126
16866 147
16867 245
16868 90
16869 147
16870 102
16871 130
16872 113
16873 4158
16874 302
16875 186
16876 302
16877 206
16878 130
16879 113
16880 206
16881 65
16882 140
16883 65
16884 113
16885 65
16886 206
16887 213
16888 302
16889 1994
16890 37
16891 1
16892 110
16893 4
16894 1566
16895 186
16896 186
16897 46
16898 186
16899 255
16900 186
16901 7
16902 206
16903 1191
16904 30
16905 90
16906 51
16907 31
16908 25
16909 51
16910 51
16911 153
16912 302
16913 302
16914 147
16915 185
16916 302
16917 185
16918 31
16919 4123
16920 206
16921 4091
16922 1157
16923 186
16924 90
16925 112
16926 206
16927 46
16928 213
16929 7
16930 113
16931 209
16932 147
16933 147
16934 251
16935 147
16936 213
16937 102
16938 147
16939 130
16940 51
16941 51
16942 94
16943 112
16944 55
16945 1779
16946 63
16947 46
16948 112
16949 186
16950 186
16951 90
16952 147
16953 57
16954 185
16955 153
16956 147
16957 186
16958 5
16959 186
16960 186
16961 18
16962 186
16963 886
16964 186
16965 147
16966 30
16967 17
16968 186
16969 302
16970 26
16971 1166
16972 94
16973 57
16974 4092
16975 110
16976 37
16977 65
16978 46
16979 213
16980 2469
16981 186
16982 147
16983 115
16984 5
16985 51
16986 65
16987 1994
16988 36
16989 148
16990 147
16991 57
16992 185
16993 113
16994 206
16995 51
16996 4093
16997 186
16998 35
16999 18
17000 3621
17001 209
17002 206
17003 65
17004 51
17005 1994
17006 251
17007 1191
17008 115
17009 55
17010 19
17011 115
17012 4162
17013 90
17014 186
17015 51
17016 209
17017 113
17018 147
17019 147
17020 65
17021 5
17022 113
17023 206
17024 57
17025 2226
17026 65
17027 25
17028 65
17029 185
17030 185
17031 25
17032 186
17033 46
17034 57
17035 251
17036 147
17037 5
17038 186
17039 302
17040 51
17041 213
17042 46
17043 36
17044 2
17045 130
17046 213
17047 186
17048 110
17049 113
17050 4095
17051 46
17052 113
17053 5
17054 17
17055 37
17056 37
17057 206
17058 206
17059 213
17060 12
17061 4096
17062 186
17063 147
17064 57
17065 206
17066 302
17067 185
17068 113
17069 113
17070 51
17071 65
17072 879
17073 7
17074 51
17075 90
17076 209
17077 55
17078 302
17079 302
17080 1584
17081 879
17082 302
17083 147
17084 113
17085 4135
17086 4170
17087 4163
17088 879
17089 186
17090 167
17091 148
17092 147
17093 30
17094 186
17095 186
17096 209
17097 113
17098 57
17099 147
17100 302
17101 46
17102 206
17103 102
17104 57
17105 2
17106 186
17107 186
17108 135
17109 46
17110 115
17111 1566
17112 112
17113 302
17114 46
17115 206
17116 302
17117 302
17118 186
17119 112
17120 186
17121 2226
17122 186
17123 147
17124 206
17125 90
17126 186
17127 46
17128 5
17129 302
17130 302
17131 110
17132 4097
17133 147
17134 147
17135 51
17136 186
17137 302
17138 879
17139 110
17140 147
17141 209
17142 147
17143 1994
17144 186
17145 186
17146 51
17147 147
17148 112
17149 209
17150 140
17151 2776
17152 147
17153 110
17154 2226
17155 51
17156 206
17157 213
17158 57
17159 213
17160 1584
17161 186
17162 148
17163 110
17164 213
17165 51
17166 186
17167 206
17168 185
17169 4098
17170 113
17171 147
17172 213
17173 186
17174 186
17175 186
17176 1994
17177 54
17178 302
17179 185
17180 302
17181 167
17182 302
17183 186
17184 4099
17185 113
17186 186
17187 115
17188 4100
17189 186
17190 147
17191 147
17192 186
17193 38
17194 209
17195 186
17196 186
17197 186
17198 115
17199 22
17200 1157
17201 206
17202 10
17203 1994
17204 147
17205 18
17206 186
17207 147
17208 186
17209 55
17210 46
17211 51
17212 186
17213 30
17214 147
17215 191
17216 51
17217 186
17218 186
17219 113
17220 1191
17221 46
17222 57
17223 206
17224 51
17225 147
17226 209
17227 57
17228 206
17229 36
17230 35
17231 147
17232 46
17233 147
17234 206
17235 147
17236 879
17237 206
17238 46
17239 186
17240 186
17241 206
17242 167
17243 206
17244 19
17245 186
17246 147
17247 186
17248 17
17249 55
17250 46
17251 147
17252 43
17253 37
17254 51
17255 209
17256 65
17257 186
17258 113
17259 110
17260 209
17261 186
17262 147
17263 113
17264 51
17265 102
17266 46
17267 2469
17268 251
17269 147
17270 113
17271 186
17272 147
17273 879
17274 1191
17275 186
17276 1191
17277 57
17278 46
17279 147
17280 147
17281 209
17282 5
17283 57
17284 186
17285 886
17286 57
17287 206
17288 186
17289 5
17290 186
17291 206
17292 46
17293 65
17294 186
17295 113
17296 46
17297 1
17298 1
17299 186
17300 302
17301 302
17302 209
17303 37
17304 147
17305 147
17306 186
17307 55
17308 65
17309 206
17310 37
17311 113
17312 113
17313 37
17314 209
17315 1994
17316 186
17317 302
17318 186
17319 4101
17320 46
17321 147
17322 57
17323 46
17324 30
17325 251
17326 186
17327 113
17328 186
17329 110
17330 4123
17331 186
17332 86
17333 251
17334 206
17335 57
17336 206
17337 20
17338 213
17339 302
17340 186
17341 51
17342 113
17343 147
17344 209
17345 886
17346 65
17347 206
17348 4102
17349 302
17350 147
17351 113
17352 206
17353 186
17354 46
17355 4103
17356 185
17357 135
17358 1191
17359 886
17360 113
17361 46
17362 1
17363 46
17364 51
17365 186
17366 110
17367 4110
17368 1566
17369 1566
17370 147
17371 209
17372 51
17373 186
17374 206
17375 5
17376 115
17377 113
17378 186
17379 90
17380 186
17381 147
17382 302
17383 51
17384 206
17385 46
17386 17
17387 1994
17388 186
17389 186
17390 1997
17391 186
17392 186
17393 879
17394 51
17395 147
17396 209
17397 186
17398 206
17399 1191
17400 3020
17401 185
17402 153
17403 65
17404 186
17405 186
17406 90
17407 186
17408 147
17409 112
17410 102
17411 46
17412 147
17413 113
17414 30
17415 206
17416 4104
17417 186
17418 51
17419 54
17420 213
17421 206
17422 186
17423 63
17424 185
17425 147
17426 186
17427 251
17428 90
17429 65
17430 112
17431 17
17432 185
17433 46
17434 46
17435 147
17436 115
17437 186
17438 147
17439 186
17440 147
17441 18
17442 209
17443 113
17444 302
17445 113
17446 20
17447 147
17448 21
17449 206
17450 251
17451 1191
17452 186
17453 30
17454 302
17455 206
17456 206
17457 65
17458 32
17459 209
17460 209
17461 102
17462 302
17463 46
17464 206
17465 12
17466 37
17467 255
17468 1157
17469 185
17470 186
17471 37
17472 147
17473 186
17474 1
17475 36
17476 186
17477 113
17478 113
17479 186
17480 102
17481 115
17482 302
17483 879
17484 147
17485 57
17486 37
17487 186
17488 46
17489 112
17490 186
17491 4105
17492 35
17493 147
17494 186
17495 186
17496 209
17497 46
17498 113
17499 302
17500 63
17501 65
17502 10
17503 206
17504 4106
17505 51
17506 186
17507 147
17508 245
17509 8
17510 90
17511 65
17512 186
17513 46
