4084 3583
10048 1056
4693 1493
9188 716
6149 689
1297 3590
663 682
273 3318
181 3583
7293 3592
407 682
7920 716
4025 3590
2979 892
7056 689
3357 1622
10825 3592
170 3594
2260 3559
8268 3
7969 3318
9674 3590
1290 1493
3994 689
5444 1493
1548 716
1228 3594
4045 892
9120 3318
7067 1493
4917 3559
7192 3590
1787 1493
5905 3591
9929 689
1726 3592
10218 1493
4231 3590
7764 3318
7096 1493
3414 3559
10153 3318
5124 892
9157 689
495 3594
3390 716
209 3559
10550 1493
9563 3583
10398 1493
3696 682
7913 689
7884 716
8660 3583
2675 682
5106 3592
4873 3318
2800 1622
2705 3318
4696 689
7749 689
1685 3318
10502 3596
3731 1622
9297 3590
2225 3590
4251 1493
9509 689
1648 1705
9235 689
8002 1476
1989 1080
2527 3590
8818 3318
6500 3591
7769 689
3498 3583
7447 892
6112 3594
3978 3590
5476 892
3277 892
169 689
9705 1493
5990 1493
10210 892
4409 1493
8710 1886
9328 716
1689 13
3884 3592
3490 1493
4134 892
5180 3592
7322 3590
10246 1080
7526 689
7897 1622
7376 3591
5918 3318
3346 1493
6014 892
5945 3318
8203 3318
9018 1622
8649 689
5649 716
3374 892
3920 1192
9541 3590
7129 3594
2484 1622
6205 3559
6469 3592
118 3559
10213 689
2480 3590
9914 689
6305 1493
2074 682
7130 689
9205 3594
4196 3590
9819 3590
2859 3590
1323 3590
10382 3591
10425 892
10465 3592
1387 682
1045 3603
5652 3318
1051 682
9301 1493
9379 892
4156 3590
6387 682
3159 3318
2473 3592
2760 682
5105 3590
6749 3592
11108 1493
10208 1622
1966 682
3783 3583
10970 682
342 1493
7046 3590
10880 1493
2001 3318
915 3318
654 892
190 716
785 3318
10716 682
6600 3592
1142 3318
10487 3592
10815 892
6347 682
6294 682
781 716
8037 716
6918 682
7438 3592
3794 689
9310 3603
2116 1080
4235 716
6096 716
633 3590
6022 3592
6982 3591
6727 3590
601 1493
4634 3596
2063 1622
6646 1622
5337 689
365 892
4716 3590
7710 682
4312 3592
67 716
1296 3590
3683 3559
6279 3318
6027 716
7556 3592
1103 682
4748 1493
1624 892
10691 682
1945 3594
10640 689
5980 682
9240 689
1246 3583
4049 3559
10736 682
8936 3559
3115 682
10667 682
8427 1493
9493 682
220 682
9955 716
3873 3318
4823 3559
7261 3590
3858 892
2702 689
3709 1493
4759 3583
10847 3318
5653 3318
10030 1493
9473 682
632 689
1891 3583
7616 3592
1215 3559
10689 3559
7272 3592
2085 1493
2585 3590
7703 3559
389 3592
9964 689
1000 3318
5657 682
4545 716
10034 689
10028 3603
2049 3559
6924 682
7942 682
10300 3590
9766 1493
6467 716
6222 3590
2084 716
4188 716
3926 3594
2836 3583
10949 1493
6788 682
7378 892
7997 3590
4371 3590
8327 3583
8661 3318
6415 3559
1238 3318
10968 3590
7812 892
4544 689
7495 3592
6370 3591
1570 892
756 682
10510 3559
11070 716
6665 3590
8410 3592
4435 892
1099 716
270 892
9482 3590
4321 682
9553 3318
6384 689
4393 3636
6517 3583
3040 3592
10914 682
7780 1493
6150 3592
2768 3594
4946 3592
2978 3318
4315 1056
4460 3594
2685 3592
10898 3583
9911 682
4751 3583
11006 1493
4788 3318
2577 682
9108 1493
2177 689
7384 3590
10496 716
5911 3594
5273 689
173 689
2152 3318
10026 1493
8673 1493
3263 3591
753 3592
10678 682
6396 3590
7823 716
10428 3559
1081 689
8378 3590
3352 716
5316 1493
10702 3559
2073 3592
6713 892
1659 3318
114 716
7863 1493
6426 892
679 3592
7635 13
7684 716
8454 3592
6012 689
2283 3592
5963 1493
6455 716
10406 1493
5693 892
7740 3592
276 689
9444 3592
7166 892
7501 1493
6605 716
5381 3592
9956 892
4041 3583
6237 689
7472 3592
2407 3583
6984 1493
6524 3583
5054 1493
7282 892
4288 3590
28 3592
7927 3318
1431 3583
6028 3592
4991 682
6290 689
10120 3583
4122 689
8708 3594
5006 2911
7187 1493
6008 3592
10464 3590
5525 3583
5874 892
7231 689
8648 716
4354 3318
3941 682
10109 3592
1774 716
5554 682
1137 716
4324 892
4805 3590
4623 689
3907 1622
8375 689
10695 682
11008 1493
2249 892
8354 3590
2272 3603
3059 716
7276 689
7031 682
2874 892
9339 1493
3948 689
2857 892
234 689
2898 3583
2808 1622
8677 892
9460 3592
246 892
4675 2934
3891 3559
7825 3594
293 689
9164 3559
10258 1493
10413 1493
2075 3559
10603 3590
5014 682
9318 3590
3657 3592
747 3594
9686 3592
9168 689
5800 892
5669 3318
7596 682
2681 3591
4101 3590
2697 3590
5355 3594
6893 3318
10165 3590
6385 892
9556 716
9176 3590
1798 1622
1986 3594
8471 3561
3724 3318
10281 3318
7303 689
7880 682
1485 3590
9020 3592
2930 1608
5749 689
6480 682
6533 716
8700 1493
4850 1863
7491 3559
10620 682
9627 689
7409 1493
1796 3583
5867 3590
1519 892
4003 3592
8115 3559
2643 1493
461 892
1249 1493
6061 3590
5762 682
2108 689
3100 716
10769 2575
6639 682
9888 3592
4474 716
3597 3592
10583 716
223 1493
2794 3590
10764 3318
1191 3559
9398 2911
10056 3592
4356 3559
1071 3590
7686 682
8377 3559
8841 682
3630 689
8977 716
8290 3637
9694 682
3596 716
9896 1493
9110 3592
7306 682
2296 3638
225 716
9050 892
6894 682
5083 3590
9463 3318
798 3591
5851 3592
4290 3559
5957 3559
4717 716
10937 892
1133 1493
1885 3590
436 682
10474 3559
813 3559
1618 3590
9709 892
5849 682
7628 3594
6236 689
4 1493
7874 3592
4883 689
2913 892
9366 689
10393 1493
11095 7
2921 1622
6949 2974
3992 3318
8577 3590
9151 716
8452 1493
1324 3590
3288 3592
4447 3590
10525 3590
1912 689
125 1493
8757 3559
2511 682
9901 2108
3811 1080
558 3590
10841 689
7696 3559
10236 2571
8929 892
1582 1080
521 716
7994 682
7474 716
3358 3318
2593 3592
5100 1080
1207 1485
979 1080
7817 689
10370 682
645 3559
1620 3592
6992 716
4204 3591
10330 1493
3546 1493
3576 3590
9963 3590
2340 3592
8023 1493
8717 689
10319 682
1047 1493
9954 3590
8386 689
6203 892
8172 3583
9932 2122
4689 682
6787 892
10229 892
9561 1493
2984 892
391 3594
4157 3583
5177 3318
1835 1622
2094 3594
680 3559
6126 3590
6991 1858
655 1493
7960 3590
9938 892
3727 3592
3817 3318
8894 2933
9807 892
672 3592
9530 3583
3580 3592
735 3592
6563 3592
5820 3592
10332 3592
8558 689
466 3592
3971 689
1498 682
9275 682
10427 3592
10725 3559
5114 689
5214 1493
7443 682
2703 3592
10570 1493
4607 682
5772 3594
3497 716
9675 892
3279 1493
3068 1622
9153 3590
8474 3592
1286 682
9118 689
6252 1493
6148 3583
10864 3591
7579 716
6773 3592
1257 689
3587 1493
5149 682
4077 716
5738 3591
3121 892
3078 682
8047 3318
10754 892
6795 3594
2899 689
3353 3583
7664 3318
2241 3590
6922 3590
9695 892
5377 3592
8515 1622
8210 1493
3795 3318
9445 3559
4528 3592
4810 689
2786 3583
4059 682
3726 3583
3089 3583
9231 892
4864 3592
5883 716
9605 3592
3570 689
7640 3603
3396 3591
8619 3592
4635 3318
8643 892
6885 2115
10713 903
5022 3592
10381 1493
9777 3318
268 892
7104 3592
8744 682
3673 3592
5701 689
700 1059
4011 3318
2230 674
9592 3592
3383 1080
6136 892
10503 1493
6389 682
10530 1493
7304 3594
7946 3559
9074 3592
10180 1493
4557 689
9998 892
10511 1622
