1 31
2 173
3 2
4 204
5 4
6 5
7 8
8 390
9 8
10 9
11 10
12 11
13 147
14 13
15 131
16 15
17 16
18 44
19 15
20 91
21 234
22 21
23 22
24 23
25 24
26 102
27 26
28 27
29 28
30 29
31 134
32 31
33 13
34 32
35 173
36 34
37 86
38 36
39 23
40 37
41 38
42 39
43 26
44 166
45 41
46 50
47 101
48 44
49 51
50 16
51 47
52 48
53 122
54 50
55 51
56 99
57 53
58 54
59 13
60 235
61 113
62 166
63 143
64 59
65 15
66 61
67 62
68 63
69 64
70 61
71 247
72 67
73 207
74 152
75 131
76 71
77 121
78 109
79 254
80 50
81 102
82 53
83 77
84 78
85 79
86 80
87 47
88 81
89 82
90 130
91 84
92 85
93 86
94 87
95 13
96 176
97 5
98 90
99 91
100 24
101 93
102 86
103 8
104 8
105 13
106 101
107 86
108 23
109 96
110 112
111 98
112 99
113 233
114 101
115 102
116 130
117 235
118 105
119 106
120 107
121 108
122 109
123 110
124 136
125 27
126 112
127 113
128 292
129 138
130 116
131 81
132 38
133 24
134 11
135 166
136 118
137 119
138 234
139 121
140 122
141 131
142 86
143 118
144 93
145 23
146 122
147 84
148 8
149 127
150 128
151 129
152 108
153 80
154 130
155 131
156 23
157 132
158 91
159 134
160 108
161 77
162 82
163 136
164 22
165 9
166 138
167 162
168 140
169 41
170 260
171 143
172 85
173 144
174 90
175 145
176 235
177 11
178 147
179 90
180 131
181 110
182 86
183 34
184 165
185 152
186 32
187 154
188 8
189 147
190 62
191 155
192 181
193 13
194 157
195 136
196 31
197 158
198 118
199 121
200 16
201 1416
202 162
203 111
204 82
205 165
206 122
207 166
208 167
209 105
210 168
211 86
212 23
213 136
214 21
215 37
216 13
217 86
218 136
219 31
220 170
221 207
222 86
223 27
224 21
225 62
226 131
227 85
228 50
229 236
230 152
231 172
232 173
233 5
234 41
235 128
236 176
237 253
238 178
239 25
240 121
241 179
242 111
243 108
244 180
245 67
246 9
247 181
248 13
249 13
250 131
251 204
252 79
253 8
254 132
255 54
256 31
257 34
258 21
259 132
260 159
261 48
262 34
263 247
264 145
265 188
266 23
267 109
268 9
269 138
270 9
271 191
272 136
273 110
274 134
275 122
276 140
277 11
278 155
279 111
280 265
281 180
282 136
283 77
284 147
285 78
286 172
287 37
288 26
289 36
290 67
291 166
292 50
293 144
294 102
295 129
296 13
297 82
298 113
299 165
300 197
301 128
302 5
303 269
304 78
305 200
306 147
307 201
308 10
309 48
310 50
311 202
312 138
313 102
314 204
315 131
316 8
317 90
318 102
319 136
320 226
321 136
322 85
323 13
324 136
325 85
326 5
327 207
328 155
329 208
330 13
331 108
332 50
333 67
334 36
335 8
336 234
337 155
338 204
339 113
340 24
341 130
342 27
343 39
344 32
345 147
346 130
347 79
348 25
349 214
350 108
351 51
352 1417
353 138
354 102
355 50
356 34
357 21
358 98
359 113
360 82
361 80
362 219
363 147
364 34
365 9
366 31
367 122
368 11
369 136
370 4
371 147
372 50
373 108
374 48
375 166
376 78
377 31
378 61
379 4
380 8
381 2
382 136
383 8
384 118
385 226
386 166
387 108
388 227
389 27
390 32
391 260
392 228
393 8
394 82
395 86
396 168
397 44
398 225
399 1418
400 31
401 79
402 155
403 155
404 173
405 31
406 8
407 170
408 129
409 233
410 44
411 234
412 235
413 8
414 162
415 236
416 102
417 13
418 31
419 78
420 23
421 70
422 82
423 113
424 86
425 79
426 143
427 13
428 138
429 10
430 9
431 32
432 253
433 54
434 95
435 242
436 170
437 34
438 136
439 79
440 132
441 245
442 152
443 136
444 131
445 172
446 44
447 32
448 225
449 80
450 31
451 247
452 82
453 152
454 98
455 21
456 21
457 235
458 16
459 248
460 143
461 9
462 85
463 86
464 93
465 80
466 27
467 131
468 165
469 162
470 108
471 250
472 202
473 67
474 172
475 51
476 147
477 235
478 253
479 84
480 8
481 27
482 13
483 254
484 109
485 138
486 90
487 162
488 298
489 257
490 32
491 98
492 111
493 98
494 48
495 260
496 130
497 91
498 79
499 39
500 131
501 202
502 152
503 90
504 253
505 273
506 131
507 38
508 131
509 176
510 173
511 39
512 13
513 21
514 21
515 131
516 99
517 152
518 166
519 5
520 265
521 101
522 98
523 13
524 253
525 108
526 108
527 113
528 162
529 129
530 122
531 269
532 134
533 270
534 143
535 15
536 86
537 88
538 50
539 136
540 48
541 167
542 91
543 26
544 130
545 108
546 50
547 157
548 136
549 273
550 274
551 200
552 90
553 13
554 34
555 147
556 51
557 181
558 275
559 31
560 27
561 21
562 202
563 8
564 23
565 108
566 136
567 165
568 204
569 276
570 236
571 9
572 113
573 158
574 108
575 79
576 202
577 179
578 48
579 16
580 269
581 67
582 81
583 13
584 21
585 113
586 235
587 36
588 108
589 280
590 34
591 47
592 36
593 36
594 131
595 13
596 47
597 269
598 13
599 34
600 136
601 27
602 1419
603 50
604 155
605 108
606 127
607 31
608 8
609 155
610 285
611 28
612 48
613 108
614 82
615 27
616 79
617 219
618 180
619 50
620 287
621 103
622 16
623 245
624 37
625 132
626 79
627 138
628 235
629 32
630 90
631 292
632 293
633 275
634 80
635 176
636 131
637 136
638 166
639 265
640 31
641 144
642 132
643 297
644 178
645 105
646 136
647 34
648 13
649 8
650 32
651 5
652 11
653 298
654 9
655 27
656 13
657 96
658 36
659 77
660 31
661 299
662 235
663 170
664 204
665 152
666 302
667 23
668 79
669 119
670 8
671 88
672 27
673 122
674 71
675 143
676 82
677 108
678 166
679 27
680 105
681 253
682 8
683 39
684 48
685 106
686 302
687 23
688 147
689 44
690 140
691 200
692 130
693 166
694 90
695 1420
696 21
697 22
698 85
699 82
700 204
701 8
702 257
703 132
704 136
705 2
706 316
707 36
708 145
709 234
710 41
711 13
712 136
713 143
714 162
715 24
716 162
717 131
718 34
719 23
720 320
721 143
722 11
723 22
724 4
725 204
726 130
727 136
728 108
729 77
730 178
731 90
732 236
733 265
734 172
735 27
736 253
737 250
738 8
739 90
740 23
741 48
742 162
743 208
744 152
745 48
746 31
747 260
748 80
749 219
750 152
751 4
752 79
753 27
754 155
755 90
756 170
757 122
758 204
759 98
760 173
761 136
762 85
763 253
764 201
765 86
766 136
767 36
768 13
769 111
770 5
771 36
772 131
773 247
774 130
775 8
776 13
777 27
778 82
779 23
780 122
781 62
782 155
783 270
784 16
785 110
786 37
787 15
788 269
789 128
790 99
791 91
792 269
793 31
794 131
795 80
796 265
797 165
798 333
799 143
800 21
801 254
802 253
803 48
804 128
805 130
806 8
807 82
808 162
809 39
810 108
811 31
812 37
813 336
814 147
815 79
816 50
817 8
818 98
819 86
820 79
821 207
822 254
823 247
824 131
825 78
826 102
827 136
828 15
829 139
830 54
831 162
832 298
833 121
834 26
835 77
836 91
837 31
838 108
839 265
840 219
841 130
842 37
843 98
844 134
845 130
846 32
847 302
848 77
849 80
850 21
851 13
852 77
853 13
854 122
855 8
856 1421
857 131
858 13
859 98
860 136
861 129
862 79
863 346
864 13
865 34
866 132
867 247
868 132
869 48
870 136
871 273
872 119
873 235
874 108
875 106
876 128
877 108
878 136
879 173
880 302
881 36
882 152
883 91
884 219
885 47
886 111
887 13
888 108
889 233
890 131
891 102
892 90
893 50
894 274
895 16
896 248
897 85
898 129
899 51
900 44
901 50
902 13
903 235
904 13
905 202
906 86
907 84
908 51
909 273
910 102
911 280
912 13
913 79
914 276
915 110
916 152
917 31
918 80
919 5
920 31
921 32
922 280
923 131
924 22
925 31
926 202
927 173
928 38
929 16
930 167
931 26
932 8
933 11
934 136
935 90
936 111
937 108
938 48
939 253
940 136
941 136
942 253
943 131
944 136
945 113
946 82
947 50
948 157
949 11
950 162
951 13
952 147
953 77
954 11
955 128
956 80
957 13
958 191
959 245
960 245
961 119
962 152
963 98
964 13
965 86
966 36
967 48
968 13
969 257
970 85
971 108
972 41
973 233
974 88
975 50
976 138
977 64
978 128
979 179
980 136
981 269
982 48
983 41
984 236
985 136
986 359
987 81
988 235
989 274
990 54
991 204
992 136
993 8
994 103
995 21
996 24
997 265
998 8
999 16
1000 110
1001 136
1002 167
1003 269
1004 361
1005 162
1006 50
1007 130
1008 292
1009 107
1010 50
1011 204
1012 61
1013 113
1014 173
1015 108
1016 86
1017 162
1018 64
1019 235
1020 122
1021 158
1022 201
1023 98
1024 67
1025 85
1026 131
1027 128
1028 130
1029 10
1030 86
1031 32
1032 236
1033 122
1034 23
1035 108
1036 369
1037 16
1038 98
1039 102
1040 50
1041 250
1042 147
1043 5
1044 235
1045 105
1046 247
1047 27
1048 23
1049 79
1050 122
1051 170
1052 80
1053 13
1054 130
1055 374
1056 112
1057 8
1058 1423
1059 376
1060 98
1061 302
1062 9
1063 2
1064 108
1065 219
1066 242
1067 138
1068 1424
1069 86
1070 276
1071 275
1072 234
1073 276
1074 287
1075 108
1076 1425
1077 399
1078 136
1079 86
1080 158
1081 41
1082 109
1083 265
1084 83
1085 86
1086 26
1087 13
1088 109
1089 253
1090 297
1091 51
1092 122
1093 136
1094 26
1095 269
1096 98
1097 121
1098 202
1099 101
1100 34
1101 67
1102 108
1103 170
1104 181
1105 128
1106 16
1107 98
1108 32
1109 84
1110 13
1111 113
1112 181
1113 11
1114 128
1115 131
1116 130
1117 219
1118 80
1119 254
1120 13
1121 143
1122 247
1123 273
1124 4
1125 82
1126 24
1127 31
1128 80
1129 253
1130 26
1131 50
1132 8
1133 27
1134 136
1135 36
1136 21
1137 62
1138 173
1139 31
1140 173
1141 253
1142 110
1143 130
1144 13
1145 136
1146 122
1147 248
1148 31
1149 136
1150 122
1151 154
1152 170
1153 91
1154 80
1155 8
1156 108
1157 22
1158 152
1159 102
1160 121
1161 136
1162 155
1163 152
1164 176
1165 21
1166 13
1167 108
1168 158
1169 13
1170 122
1171 8
1172 113
1173 77
1174 152
1175 91
1176 8
1177 138
1178 8
1179 136
1180 113
1181 4
1182 136
1183 136
1184 37
1185 82
1186 85
1187 31
1188 81
1189 91
1190 80
1191 105
1192 274
1193 5
1194 37
1195 99
1196 388
1197 162
1198 302
1199 13
1200 285
1201 147
1202 167
1203 152
1204 98
1205 36
1206 96
1207 101
1208 61
1209 51
1210 13
1211 265
1212 21
1213 5
1214 34
1215 105
1216 207
1217 130
1218 13
1219 390
1220 204
1221 37
1222 155
1223 274
1224 32
1225 34
1226 152
1227 82
1228 260
1229 181
1230 50
1231 4
1232 134
1233 8
1234 225
1235 165
1236 227
1237 23
1238 110
1239 78
1240 36
1241 162
1242 91
1243 77
1244 90
1245 219
1246 110
1247 78
1248 233
1249 27
1250 159
1251 2
1252 132
1253 102
1254 201
1255 207
1256 31
1257 144
1258 202
1259 122
1260 167
1261 15
1262 86
1263 204
1264 138
1265 136
1266 108
1267 32
1268 108
1269 394
1270 44
1271 91
1272 138
1273 13
1274 11
1275 155
1276 13
1277 302
1278 109
1279 228
1280 122
1281 111
1282 98
1283 111
1284 253
1285 247
1286 170
1287 132
1288 162
1289 253
1290 27
1291 106
1292 102
1293 93
1294 8
1295 147
1296 275
1297 275
1298 85
1299 136
1300 13
1301 37
1302 293
1303 143
1304 16
1305 136
1306 16
1307 399
1308 132
1309 34
1310 86
1311 134
1312 113
1313 77
1314 16
1315 91
1316 8
1317 152
1318 162
1319 48
1320 147
1321 280
1322 85
1323 275
1324 275
1325 80
1326 86
1327 292
1328 204
1329 143
1330 122
1331 8
1332 13
1333 8
1334 113
1335 276
1336 79
1337 11
1338 121
1339 122
1340 32
1341 13
1342 208
1343 13
1344 25
1345 78
1346 108
1347 80
1348 67
1349 113
1350 31
1351 110
1352 131
1353 147
1354 129
1355 79
1356 274
1357 13
1358 98
1359 86
1360 90
1361 90
1362 79
1363 157
1364 109
1365 36
1366 91
1367 34
1368 13
1369 8
1370 165
1371 130
1372 226
1373 191
1374 147
1375 157
1376 51
1377 207
1378 71
1379 80
1380 287
1381 108
1382 85
1383 201
1384 44
1385 85
1386 242
1387 170
1388 390
1389 130
1390 130
1391 376
1392 99
1393 86
1394 390
1395 41
1396 77
1397 85
1398 165
1399 67
1400 79
1401 248
1402 54
1403 162
1404 173
1405 4
1406 13
1407 85
1408 302
1409 108
1410 292
1411 226
1412 13
1413 84
1414 180
1415 39
1416 24
1417 119
1418 128
1419 4
1420 44
1421 130
1422 102
1423 181
1424 50
1425 154
1426 235
1427 61
1428 90
1429 302
1430 5
1431 110
1432 86
1433 13
1434 44
1435 233
1436 122
1437 136
1438 39
1439 136
1440 162
1441 418
1442 99
1443 77
1444 136
1445 93
1446 219
1447 21
1448 122
1449 165
1450 128
1451 131
1452 41
1453 136
1454 253
1455 85
1456 122
1457 79
1458 122
1459 16
1460 265
1461 172
1462 27
1463 85
1464 21
1465 50
1466 13
1467 247
1468 236
1469 109
1470 85
1471 121
1472 86
1473 236
1474 147
1475 108
1476 422
1477 80
1478 138
1479 204
1480 23
1481 82
1482 298
1483 108
1484 180
1485 275
1486 99
1487 108
1488 79
1489 31
1490 270
1491 13
1492 5
1493 37
1494 147
1495 204
1496 152
1497 16
1498 170
1499 32
1500 136
1501 8
1502 36
1503 32
1504 129
1505 122
1506 15
1507 99
1508 11
1509 155
1510 191
1511 13
1512 118
1513 113
1514 245
1515 136
1516 13
1517 44
1518 173
1519 9
1520 128
1521 86
1522 134
1523 131
1524 276
1525 23
1526 21
1527 180
1528 48
1529 98
1530 235
1531 302
1532 136
1533 172
1534 207
1535 265
1536 225
1537 91
1538 8
1539 173
1540 136
1541 67
1542 130
1543 86
1544 214
1545 15
1546 122
1547 27
1548 62
1549 21
1550 204
1551 86
1552 31
1553 166
1554 162
1555 131
1556 39
1557 162
1558 431
1559 131
1560 265
1561 130
1562 25
1563 257
1564 82
1565 24
1566 91
1567 93
1568 138
1569 129
1570 9
1571 179
1572 260
1573 13
1574 236
1575 79
1576 85
1577 86
1578 8
1579 113
1580 138
1581 8
1582 434
1583 8
1584 15
1585 245
1586 435
1587 13
1588 109
1589 13
1590 121
1591 136
1592 15
1593 8
1594 80
1595 147
1596 8
1597 235
1598 82
1599 235
1600 181
1601 91
1602 132
1603 269
1604 369
1605 102
1606 136
1607 204
1608 274
1609 138
1610 269
1611 431
1612 147
1613 155
1614 4
1615 136
1616 131
1617 8
1618 294
1619 93
1620 27
1621 13
1622 16
1623 128
1624 9
1625 166
1626 15
1627 173
1628 245
1629 178
1630 34
1631 441
1632 16
1633 136
1634 23
1635 90
1636 13
1637 90
1638 280
1639 136
1640 254
1641 131
1642 84
1643 152
1644 431
1645 233
1646 15
1647 202
1648 132
1649 77
1650 103
1651 78
1652 204
1653 236
1654 78
1655 22
1656 226
1657 147
1658 39
1659 110
1660 34
1661 82
1662 399
1663 86
1664 132
1665 16
1666 13
1667 129
1668 236
1669 173
1670 167
1671 131
1672 54
1673 85
1674 21
1675 82
1676 86
1677 109
1678 147
1679 91
1680 131
1681 77
1682 86
1683 86
1684 86
1685 110
1686 204
1687 90
1688 180
1689 34
1690 79
1691 41
1692 145
1693 15
1694 138
1695 80
1696 136
1697 11
1698 13
1699 11
1700 108
1701 84
1702 108
1703 31
1704 204
1705 77
1706 122
1707 31
1708 131
1709 98
1710 91
1711 136
1712 111
1713 119
1714 418
1715 101
1716 79
1717 21
1718 302
1719 16
1720 11
1721 129
1722 233
1723 162
1724 130
1725 84
1726 27
1727 247
1728 47
1729 207
1730 302
1731 253
1732 8
1733 13
1734 254
1735 36
1736 152
1737 138
1738 136
1739 48
1740 235
1741 235
1742 346
1743 16
1744 50
1745 39
1746 61
1747 128
1748 91
1749 145
1750 15
1751 86
1752 274
1753 152
1754 248
1755 80
1756 21
1757 36
1758 5
1759 448
1760 136
1761 108
1762 155
1763 234
1764 50
1765 21
1766 59
1767 390
1768 85
1769 118
1770 274
1771 162
1772 128
1773 173
1774 101
1775 143
1776 178
1777 82
1778 50
1779 22
1780 136
1781 292
1782 152
1783 61
1784 165
1785 158
1786 8
1787 27
1788 131
1789 179
1790 152
1791 236
1792 108
1793 26
1794 99
1795 137
1796 110
1797 13
1798 152
1799 130
1800 13
1801 287
1802 8
1803 86
1804 21
1805 50
1806 136
1807 233
1808 172
1809 131
1810 4
1811 131
1812 298
1813 90
1814 154
1815 204
1816 90
1817 79
1818 34
1819 32
1820 166
1821 24
1822 13
1823 21
1824 31
1825 130
1826 23
1827 23
1828 4
1829 131
1830 85
1831 247
1832 399
1833 8
1834 13
1835 152
1836 181
1837 50
1838 299
1839 79
1840 50
1841 11
1842 390
1843 77
1844 162
1845 111
1846 90
1847 21
1848 39
1849 297
1850 292
1851 172
1852 162
1853 108
1854 158
1855 48
1856 22
1857 152
1858 452
1859 13
1860 166
1861 128
1862 130
1863 5
1864 13
1865 23
1866 91
1867 4
1868 34
1869 253
1870 13
1871 107
1872 219
1873 85
1874 13
1875 172
1876 39
1877 5
1878 44
1879 13
1880 136
1881 13
1882 91
1883 292
1884 108
1885 275
1886 118
1887 119
1888 80
1889 122
1890 130
1891 110
1892 91
1893 180
1894 152
1895 21
1896 236
1897 39
1898 15
1899 136
1900 11
1901 59
1902 122
1903 13
1904 298
1905 292
1906 8
1907 8
1908 122
1909 138
1910 130
1911 179
1912 144
1913 11
1914 235
1915 399
1916 257
1917 91
1918 113
1919 31
1920 143
1921 166
1922 130
1923 23
1924 235
1925 155
1926 50
1927 131
1928 8
1929 394
1930 143
1931 32
1932 136
1933 41
1934 152
1935 121
1936 91
1937 82
1938 235
1939 155
1940 116
1941 173
1942 44
1943 122
1944 80
1945 260
1946 21
1947 131
1948 51
1949 9
1950 132
1951 158
1952 29
1953 276
1954 102
1955 227
1956 26
1957 16
1958 85
1959 80
1960 122
1961 81
1962 44
1963 136
1964 38
1965 134
1966 170
1967 86
1968 122
1969 172
1970 9
1971 136
1972 13
1973 91
1974 130
1975 13
1976 102
1977 176
1978 247
1979 107
1980 83
1981 34
1982 119
1983 136
1984 107
1985 31
1986 260
1987 38
1988 166
1989 188
1990 235
1991 376
1992 34
1993 90
1994 287
1995 102
1996 98
1997 85
1998 31
1999 302
2000 27
2001 110
2002 86
2003 130
2004 157
2005 131
2006 50
2007 86
2008 390
2009 13
2010 8
2011 225
2012 86
2013 390
2014 204
2015 48
2016 122
2017 152
2018 136
2019 16
2020 31
2021 276
2022 166
2023 9
2024 235
2025 130
2026 53
2027 202
2028 13
2029 8
2030 119
2031 80
2032 297
2033 162
2034 136
2035 147
2036 399
2037 50
2038 31
2039 207
2040 143
2041 166
2042 274
2043 253
2044 8
2045 93
2046 122
2047 165
2048 130
2049 105
2050 254
2051 204
2052 179
2053 162
2054 13
2055 32
2056 122
2057 34
2058 297
2059 11
2060 8
2061 273
2062 129
2063 152
2064 11
2065 108
2066 108
2067 204
2068 138
2069 166
2070 102
2071 54
2072 8
2073 27
2074 170
2075 105
2076 13
2077 34
2078 11
2079 269
2080 21
2081 79
2082 155
2083 8
2084 101
2085 27
2086 41
2087 16
2088 90
2089 131
2090 98
2091 15
2092 8
2093 24
2094 260
2095 50
2096 269
2097 147
2098 131
2099 173
2100 50
2101 204
2102 152
2103 136
2104 4
2105 130
2106 176
2107 79
2108 41
2109 166
2110 102
2111 280
2112 298
2113 136
2114 464
2115 376
2116 179
2117 207
2118 287
2119 155
2120 16
2121 61
2122 298
2123 77
2124 245
2125 121
2126 54
2127 21
2128 78
2129 136
2130 132
2131 130
2132 138
2133 16
2134 80
2135 61
2136 79
2137 207
2138 108
2139 26
2140 108
2141 248
2142 121
2143 16
2144 1427
2145 80
2146 236
2147 44
2148 102
2149 10
2150 4
2151 138
2152 110
2153 4
2154 128
2155 80
2156 15
2157 302
2158 217
2159 131
2160 136
2161 399
2162 13
2163 217
2164 131
2165 132
2166 99
2167 162
2168 13
2169 34
2170 109
2171 31
2172 16
2173 292
2174 292
2175 265
2176 181
2177 41
2178 11
2179 108
2180 302
2181 13
2182 122
2183 253
2184 80
2185 67
2186 8
2187 113
2188 21
2189 34
2190 204
2191 157
2192 257
2193 346
2194 32
2195 207
2196 219
2197 16
2198 80
2199 108
2200 113
2201 32
2202 34
2203 173
2204 173
2205 91
2206 16
2207 176
2208 470
2209 254
2210 108
2211 111
2212 276
2213 22
2214 147
2215 253
2216 111
2217 236
2218 82
2219 98
2220 48
2221 101
2222 13
2223 202
2224 108
2225 275
2226 131
2227 134
2228 108
2229 147
2230 107
2231 80
2232 90
2233 85
2234 162
2235 31
2236 265
2237 136
2238 254
2239 168
2240 172
2241 275
2242 85
2243 85
2244 91
2245 247
2246 108
2247 67
2248 8
2249 9
2250 302
2251 132
2252 136
2253 131
2254 102
2255 254
2256 248
2257 13
2258 50
2259 128
2260 105
2261 80
2262 106
2263 472
2264 82
2265 36
2266 32
2267 108
2268 204
2269 422
2270 108
2271 204
2272 105
2273 280
2274 108
2275 50
2276 138
2277 376
2278 13
2279 48
2280 31
2281 16
2282 253
2283 27
2284 143
2285 85
2286 297
2287 179
2288 98
2289 202
2290 31
2291 22
2292 152
2293 16
2294 22
2295 109
2296 376
2297 143
2298 16
2299 269
2300 13
2301 5
2302 8
2303 122
2304 157
2305 8
2306 147
2307 145
2308 80
2309 98
2310 302
2311 31
2312 134
2313 59
2314 11
2315 11
2316 130
2317 155
2318 34
2319 82
2320 44
2321 265
2322 152
2323 130
2324 91
2325 122
2326 131
2327 102
2328 67
2329 119
2330 26
2331 31
2332 136
2333 90
2334 226
2335 204
2336 85
2337 122
2338 111
2339 166
2340 27
2341 48
2342 162
2343 121
2344 48
2345 399
2346 129
2347 122
2348 11
2349 39
2350 214
2351 4
2352 399
2353 147
2354 225
2355 4
2356 54
2357 98
2358 80
2359 144
2360 113
2361 138
2362 147
2363 173
2364 131
2365 136
2366 302
2367 13
2368 204
2369 113
2370 136
2371 111
2372 16
2373 13
2374 108
2375 82
2376 157
2377 247
2378 477
2379 44
2380 265
2381 147
2382 399
2383 34
2384 248
2385 79
2386 31
2387 48
2388 8
2389 113
2390 98
2391 108
2392 31
2393 21
2394 157
2395 180
2396 102
2397 147
2398 201
2399 77
2400 147
2401 10
2402 131
2403 152
2404 147
2405 77
2406 157
2407 110
2408 109
2409 235
2410 157
2411 136
2412 79
2413 8
2414 152
2415 8
2416 102
2417 139
2418 204
2419 79
2420 34
2421 130
2422 13
2423 8
2424 13
2425 159
2426 5
2427 79
2428 98
2429 247
2430 122
2431 236
2432 122
2433 23
2434 108
2435 173
2436 44
2437 162
2438 131
2439 8
2440 136
2441 242
2442 130
2443 91
2444 16
2445 67
2446 37
2447 208
2448 85
2449 85
2450 154
2451 80
2452 152
2453 129
2454 274
2455 21
2456 483
2457 13
2458 136
2459 155
2460 248
2461 131
2462 50
2463 162
2464 82
2465 132
2466 484
2467 39
2468 254
2469 253
2470 136
2471 155
2472 173
2473 27
2474 13
2475 143
2476 136
2477 80
2478 162
2479 130
2480 275
2481 85
2482 13
2483 77
2484 152
2485 269
2486 111
2487 298
2488 226
2489 50
2490 136
2491 179
2492 180
2493 247
2494 188
2495 236
2496 108
2497 24
2498 34
2499 16
2500 4
2501 155
2502 102
2503 102
2504 13
2505 274
2506 191
2507 119
2508 166
2509 166
2510 80
2511 170
2512 98
2513 122
2514 247
2515 134
2516 204
2517 166
2518 13
2519 130
2520 121
2521 269
2522 21
2523 147
2524 102
2525 204
2526 166
2527 275
2528 376
2529 34
2530 85
2531 106
2532 13
2533 181
2534 202
2535 269
2536 13
2537 136
2538 111
2539 13
2540 136
2541 112
2542 131
2543 80
2544 138
2545 24
2546 80
2547 108
2548 34
2549 79
2550 32
2551 152
2552 477
2553 390
2554 285
2555 302
2556 80
2557 99
2558 50
2559 102
2560 91
2561 32
2562 82
2563 84
2564 102
2565 166
2566 38
2567 85
2568 24
2569 21
2570 147
2571 102
2572 200
2573 292
2574 91
2575 9
2576 23
2577 170
2578 1429
2579 84
2580 108
2581 147
2582 78
2583 80
2584 8
2585 275
2586 36
2587 128
2588 118
2589 253
2590 13
2591 147
2592 79
2593 27
2594 136
2595 31
2596 50
2597 208
2598 136
2599 173
2600 155
2601 98
2602 173
2603 147
2604 8
2605 227
2606 155
2607 32
2608 136
2609 130
2610 13
2611 22
2612 85
2613 388
2614 155
2615 165
2616 108
2617 26
2618 138
2619 8
2620 166
2621 136
2622 44
2623 131
2624 79
2625 109
2626 103
2627 207
2628 152
2629 265
2630 108
2631 91
2632 90
2633 50
2634 388
2635 111
2636 162
2637 15
2638 103
2639 143
2640 50
2641 200
2642 61
2643 27
2644 138
2645 24
2646 5
2647 13
2648 155
2649 119
2650 180
2651 254
2652 13
2653 136
2654 157
2655 50
2656 36
2657 173
2658 143
2659 121
2660 131
2661 54
2662 44
2663 13
2664 173
2665 50
2666 86
2667 82
2668 274
2669 128
2670 86
2671 23
2672 207
2673 247
2674 166
2675 170
2676 80
2677 103
2678 128
2679 111
2680 15
2681 333
2682 13
2683 32
2684 39
2685 27
2686 47
2687 41
2688 16
2689 121
2690 122
2691 79
2692 254
2693 82
2694 495
2695 130
2696 85
2697 275
2698 99
2699 131
2700 41
2701 270
2702 144
2703 27
2704 136
2705 110
2706 130
2707 470
2708 191
2709 103
2710 96
2711 24
2712 274
2713 152
2714 86
2715 5
2716 48
2717 44
2718 121
2719 22
2720 204
2721 119
2722 173
2723 2
2724 136
2725 8
2726 11
2727 47
2728 129
2729 108
2730 44
2731 50
2732 50
2733 99
2734 86
2735 15
2736 102
2737 91
2738 67
2739 108
2740 50
2741 90
2742 173
2743 10
2744 108
2745 23
2746 236
2747 285
2748 143
2749 44
2750 15
2751 162
2752 39
2753 173
2754 113
2755 217
2756 204
2757 91
2758 80
2759 235
2760 170
2761 13
2762 31
2763 48
2764 80
2765 108
2766 147
2767 108
2768 260
2769 111
2770 257
2771 21
2772 29
2773 131
2774 130
2775 136
2776 91
2777 152
2778 80
2779 158
2780 265
2781 54
2782 207
2783 147
2784 143
2785 99
2786 110
2787 136
2788 26
2789 103
2790 136
2791 302
2792 254
2793 81
2794 294
2795 8
2796 470
2797 39
2798 166
2799 23
2800 152
2801 80
2802 44
2803 132
2804 226
2805 91
2806 302
2807 152
2808 152
2809 143
2810 122
2811 122
2812 122
2813 102
2814 152
2815 27
2816 173
2817 91
2818 90
2819 21
2820 108
2821 13
2822 79
2823 81
2824 136
2825 108
2826 178
2827 245
2828 145
2829 1430
2830 131
2831 168
2832 86
2833 91
2834 54
2835 136
2836 110
2837 39
2838 99
2839 102
2840 50
2841 152
2842 394
2843 15
2844 108
2845 265
2846 21
2847 8
2848 136
2849 111
2850 152
2851 113
2852 191
2853 122
2854 80
2855 108
2856 2
2857 9
2858 152
2859 275
2860 108
2861 98
2862 16
2863 245
2864 23
2865 128
2866 202
2867 86
2868 21
2869 106
2870 91
2871 285
2872 157
2873 8
2874 9
2875 90
2876 176
2877 44
2878 172
2879 162
2880 15
2881 15
2882 1431
2883 253
2884 122
2885 82
2886 26
2887 23
2888 86
2889 108
2890 118
2891 172
2892 39
2893 132
2894 67
2895 130
2896 346
2897 109
2898 110
2899 41
2900 253
2901 48
2902 25
2903 270
2904 166
2905 219
2906 108
2907 297
2908 21
2909 131
2910 157
2911 23
2912 136
2913 9
2914 298
2915 93
2916 121
2917 81
2918 122
2919 32
2920 136
2921 152
2922 13
2923 399
2924 8
2925 219
2926 176
2927 245
2928 61
2929 204
2930 11
2931 23
2932 214
2933 122
2934 202
2935 287
2936 13
2937 13
2938 79
2939 204
2940 50
2941 131
2942 136
2943 8
2944 204
2945 132
2946 32
2947 131
2948 269
2949 111
2950 248
2951 298
2952 8
2953 84
2954 131
2955 85
2956 173
2957 16
2958 82
2959 108
2960 173
2961 31
2962 86
2963 134
2964 80
2965 54
2966 90
2967 136
2968 4
2969 98
2970 143
2971 167
2972 91
2973 138
2974 136
2975 122
2976 167
2977 102
2978 110
2979 9
2980 67
2981 119
2982 225
2983 4
2984 9
2985 34
2986 91
2987 143
2988 16
2989 180
2990 247
2991 131
2992 162
2993 86
2994 13
2995 79
2996 197
2997 136
2998 119
2999 202
3000 431
3001 204
3002 122
3003 98
3004 147
3005 131
3006 16
3007 155
3008 13
3009 86
3010 86
3011 29
3012 208
3013 166
3014 128
3015 1432
3016 83
3017 108
3018 178
3019 85
3020 260
3021 102
3022 13
3023 2
3024 13
3025 99
3026 204
3027 80
3028 287
3029 91
3030 168
3031 67
3032 147
3033 132
3034 136
3035 162
3036 37
3037 26
3038 226
3039 131
3040 27
3041 8
3042 204
3043 207
3044 170
3045 5
3046 26
3047 80
3048 5
3049 173
3050 5
3051 99
3052 8
3053 23
3054 91
3055 234
3056 50
3057 93
3058 82
3059 101
3060 172
3061 176
3062 204
3063 162
3064 13
3065 91
3066 77
3067 36
3068 152
3069 16
3070 91
3071 270
3072 136
3073 376
3074 13
3075 16
3076 50
3077 39
3078 170
3079 152
3080 253
3081 204
3082 201
3083 103
3084 8
3085 31
3086 399
3087 2
3088 130
3089 110
3090 130
3091 24
3092 36
3093 48
3094 292
3095 44
3096 34
3097 204
3098 27
3099 131
3100 101
3101 8
3102 144
3103 80
3104 78
3105 136
3106 8
3107 108
3108 4
3109 122
3110 1433
3111 99
3112 269
3113 145
3114 91
3115 170
3116 50
3117 236
3118 108
3119 102
3120 131
3121 9
3122 11
3123 235
3124 91
3125 16
3126 111
3127 248
3128 155
3129 147
3130 50
3131 16
3132 22
3133 152
3134 201
3135 147
3136 147
3137 128
3138 23
3139 254
3140 136
3141 119
3142 99
3143 98
3144 78
3145 31
3146 225
3147 285
3148 79
3149 31
3150 90
3151 48
3152 79
3153 31
3154 48
3155 8
3156 136
3157 90
3158 102
3159 110
3160 119
3161 113
3162 136
3163 11
3164 39
3165 134
3166 147
3167 13
3168 67
3169 119
3170 388
3171 47
3172 201
3173 172
3174 269
3175 16
3176 273
3177 21
3178 23
3179 265
3180 91
3181 236
3182 39
3183 98
3184 147
3185 108
3186 108
3187 158
3188 121
3189 80
3190 37
3191 8
3192 257
3193 136
3194 32
3195 13
3196 130
3197 297
3198 265
3199 41
3200 8
3201 77
3202 136
3203 157
3204 77
3205 16
3206 44
3207 122
3208 109
3209 138
3210 147
3211 131
3212 129
3213 172
3214 86
3215 41
3216 11
3217 130
3218 16
3219 48
3220 86
3221 34
3222 50
3223 39
3224 144
3225 32
3226 131
3227 85
3228 173
3229 15
3230 13
3231 108
3232 88
3233 111
3234 154
3235 31
3236 152
3237 13
3238 130
3239 131
3240 41
3241 136
3242 102
3243 172
3244 96
3245 50
3246 99
3247 79
3248 23
3249 147
3250 376
3251 99
3252 235
3253 23
3254 269
3255 147
3256 128
3257 131
3258 80
3259 131
3260 131
3261 122
3262 204
3263 333
3264 162
3265 50
3266 145
3267 108
3268 8
3269 85
3270 302
3271 152
3272 108
3273 39
3274 23
3275 131
3276 21
3277 9
3278 80
3279 204
3280 227
3281 34
3282 34
3283 173
3284 233
3285 273
3286 86
3287 274
3288 27
3289 158
3290 122
3291 136
3292 113
3293 109
3294 154
3295 128
3296 4
3297 41
3298 202
3299 390
3300 166
3301 13
3302 50
3303 91
3304 250
3305 108
3306 25
3307 27
3308 158
3309 441
3310 121
3311 122
3312 50
3313 13
3314 181
3315 32
3316 269
3317 13
3318 111
3319 136
3320 16
3321 219
3322 292
3323 204
3324 143
3325 48
3326 54
3327 292
3328 8
3329 204
3330 23
3331 90
3332 37
3333 91
3334 207
3335 121
3336 48
3337 67
3338 13
3339 13
3340 22
3341 37
3342 23
3343 132
3344 8
3345 91
3346 27
3347 77
3348 129
3349 84
3350 132
3351 13
3352 62
3353 110
3354 85
3355 24
3356 31
3357 152
3358 110
3359 15
3360 152
3361 23
3362 13
3363 253
3364 113
3365 109
3366 36
3367 136
3368 139
3369 85
3370 23
3371 53
3372 158
3373 44
3374 9
3375 5
3376 48
3377 523
3378 79
3379 138
3380 90
3381 13
3382 111
3383 188
3384 8
3385 302
3386 13
3387 162
3388 86
3389 130
3390 101
3391 106
3392 217
3393 103
3394 113
3395 80
3396 333
3397 113
3398 61
3399 34
3400 108
3401 204
3402 136
3403 108
3404 253
3405 86
3406 31
3407 269
3408 253
3409 204
3410 16
3411 128
3412 399
3413 136
3414 105
3415 34
3416 162
3417 34
3418 155
3419 138
3420 50
3421 32
3422 50
3423 292
3424 130
3425 166
3426 165
3427 197
3428 85
3429 8
3430 130
3431 85
3432 173
3433 103
3434 16
3435 85
3436 176
3437 13
3438 102
3439 86
3440 16
3441 34
3442 37
3443 31
3444 418
3445 91
3446 48
3447 181
3448 39
3449 108
3450 136
3451 247
3452 166
3453 292
3454 108
3455 136
3456 245
3457 31
3458 122
3459 102
3460 287
3461 8
3462 248
3463 253
3464 136
3465 152
3466 269
3467 129
3468 155
3469 247
3470 155
3471 85
3472 81
3473 111
3474 147
3475 22
3476 93
3477 265
3478 79
3479 90
3480 376
3481 147
3482 172
3483 31
3484 173
3485 136
3486 130
3487 132
3488 16
3489 110
3490 27
3491 273
3492 204
3493 152
3494 10
3495 254
3496 202
3497 62
3498 110
3499 10
3500 108
3501 62
3502 131
3503 61
3504 134
3505 77
3506 50
3507 109
3508 82
3509 495
3510 91
3511 173
3512 8
3513 147
3514 61
3515 37
3516 179
3517 204
3518 26
3519 48
3520 108
3521 81
3522 34
3523 118
3524 61
3525 219
3526 235
3527 31
3528 130
3529 79
3530 98
3531 13
3532 102
3533 388
3534 13
3535 86
3536 13
3537 155
3538 138
3539 173
3540 79
3541 253
3542 80
3543 90
3544 84
3545 23
3546 27
3547 34
3548 200
3549 39
3550 122
3551 41
3552 67
3553 54
3554 80
3555 39
3556 2
3557 253
3558 204
3559 152
3560 13
3561 50
3562 147
3563 118
3564 67
3565 77
3566 245
3567 173
3568 118
3569 34
3570 41
3571 162
3572 80
3573 108
3574 86
3575 108
3576 275
3577 217
3578 98
3579 219
3580 27
3581 8
3582 204
3583 44
3584 79
3585 82
3586 136
3587 204
3588 132
3589 13
3590 418
3591 204
3592 108
3593 136
3594 202
3595 67
3596 62
3597 27
3598 39
3599 173
3600 132
3601 204
3602 13
3603 136
3604 131
3605 13
3606 143
3607 8
3608 41
3609 162
3610 274
3611 77
3612 48
3613 253
3614 86
3615 23
3616 173
3617 8
3618 108
3619 162
3620 136
3621 287
3622 16
3623 253
3624 269
3625 287
3626 159
3627 78
3628 50
3629 86
3630 41
3631 270
3632 80
3633 108
3634 270
3635 132
3636 155
3637 176
3638 32
3639 292
3640 48
3641 176
3642 166
3643 80
3644 34
3645 136
3646 16
3647 131
3648 108
3649 39
3650 162
3651 2
3652 253
3653 13
3654 202
3655 31
3656 287
3657 27
3658 81
3659 90
3660 292
3661 265
3662 130
3663 390
3664 79
3665 47
3666 22
3667 483
3668 122
3669 80
3670 162
3671 90
3672 173
3673 27
3674 138
3675 111
3676 39
3677 269
3678 128
3679 122
3680 79
3681 111
3682 31
3683 105
3684 167
3685 13
3686 8
3687 13
3688 130
3689 80
3690 136
3691 108
3692 13
3693 102
3694 84
3695 110
3696 170
3697 270
3698 77
3699 191
3700 297
3701 166
3702 77
3703 81
3704 80
3705 390
3706 191
3707 132
3708 11
3709 27
3710 8
3711 23
3712 91
3713 13
3714 130
3715 31
3716 346
3717 122
3718 85
3719 8
3720 121
3721 204
3722 13
3723 39
3724 110
3725 134
3726 110
3727 27
3728 8
3729 51
3730 44
3731 152
3732 122
3733 470
3734 39
3735 204
3736 79
3737 204
3738 191
3739 131
3740 108
3741 172
3742 80
3743 91
3744 208
3745 176
3746 158
3747 207
3748 78
3749 23
3750 21
3751 166
3752 204
3753 136
3754 80
3755 176
3756 50
3757 200
3758 102
3759 106
3760 219
3761 39
3762 152
3763 235
3764 82
3765 136
3766 152
3767 8
3768 86
3769 136
3770 131
3771 86
3772 136
3773 143
3774 51
3775 102
3776 21
3777 102
3778 85
3779 106
3780 13
3781 31
3782 108
3783 110
3784 39
3785 13
3786 431
3787 15
3788 108
3789 138
3790 16
3791 80
3792 13
3793 388
3794 144
3795 110
3796 79
3797 86
3798 253
3799 136
3800 122
3801 236
3802 37
3803 302
3804 202
3805 302
3806 155
3807 234
3808 85
3809 13
3810 130
3811 188
3812 39
3813 90
3814 253
3815 39
3816 166
3817 110
3818 61
3819 269
3820 431
3821 26
3822 90
3823 113
3824 80
3825 253
3826 204
3827 130
3828 122
3829 50
3830 90
3831 464
3832 11
3833 36
3834 138
3835 13
3836 102
3837 208
3838 132
3839 102
3840 276
3841 77
3842 90
3843 207
3844 128
3845 85
3846 90
3847 147
3848 16
3849 31
3850 390
3851 98
3852 136
3853 207
3854 122
3855 13
3856 50
3857 131
3858 9
3859 32
3860 204
3861 136
3862 108
3863 152
3864 39
3865 162
3866 8
3867 90
3868 118
3869 111
3870 39
3871 31
3872 24
3873 110
3874 108
3875 51
3876 31
3877 131
3878 172
3879 21
3880 48
3881 253
3882 273
3883 523
3884 27
3885 247
3886 122
3887 15
3888 108
3889 4
3890 1434
3891 105
3892 102
3893 180
3894 39
3895 31
3896 16
3897 166
3898 136
3899 90
3900 13
3901 9
3902 131
3903 157
3904 172
3905 21
3906 166
3907 152
3908 143
3909 136
3910 269
3911 136
3912 191
3913 2
3914 179
3915 23
3916 37
3917 162
3918 48
3919 32
3920 448
3921 130
3922 181
3923 91
3924 90
3925 13
3926 260
3927 136
3928 253
3929 86
3930 136
3931 91
3932 265
3933 297
3934 5
3935 91
3936 85
3937 173
3938 79
3939 11
3940 86
3941 170
3942 113
3943 48
3944 176
3945 227
3946 23
3947 172
3948 41
3949 1435
3950 1436
3951 50
3952 38
3953 86
3954 173
3955 86
3956 138
3957 86
3958 102
3959 162
3960 147
3961 102
3962 86
3963 253
3964 181
3965 273
3966 37
3967 136
3968 98
3969 44
3970 119
3971 41
3972 98
3973 5
3974 27
3975 48
3976 8
3977 21
3978 275
3979 32
3980 4
3981 298
3982 152
3983 99
3984 108
3985 21
3986 219
3987 245
3988 302
3989 143
3990 39
3991 44
3992 110
3993 23
3994 41
3995 172
3996 236
3997 80
3998 79
3999 23
4000 242
4001 245
4002 253
4003 27
4004 254
4005 181
4006 253
4007 162
4008 79
4009 147
4010 131
4011 110
4012 225
4013 269
4014 204
4015 143
4016 108
4017 8
4018 121
4019 166
4020 235
4021 253
4022 96
4023 34
4024 204
4025 275
4026 136
4027 147
4028 297
4029 138
4030 32
4031 34
4032 152
4033 162
4034 86
4035 23
4036 102
4037 143
4038 8
4039 108
4040 131
4041 110
4042 91
4043 130
4044 90
4045 9
4046 236
4047 81
4048 131
4049 336
4050 13
4051 134
4052 265
4053 31
4054 147
4055 77
4056 162
4057 128
4058 245
4059 170
4060 131
4061 98
4062 80
4063 166
4064 111
4065 298
4066 253
4067 82
4068 24
4069 208
4070 167
4071 138
4072 113
4073 2
4074 44
4075 162
4076 102
4077 101
4078 287
4079 50
4080 236
4081 121
4082 39
4083 176
4084 110
4085 41
4086 131
4087 85
4088 1437
4089 91
4090 47
4091 111
4092 236
4093 254
4094 108
4095 79
4096 15
4097 39
4098 39
4099 80
4100 13
4101 275
4102 108
4103 207
4104 162
4105 154
4106 297
4107 32
4108 31
4109 116
4110 112
4111 152
4112 253
4113 85
4114 128
4115 31
4116 130
4117 131
4118 98
4119 31
4120 274
4121 235
4122 144
4123 136
4124 86
4125 131
4126 122
4127 11
4128 248
4129 253
4130 202
4131 136
4132 32
4133 37
4134 9
4135 13
4136 172
4137 36
4138 13
4139 152
4140 170
4141 13
4142 108
4143 162
4144 158
4145 132
4146 86
4147 31
4148 13
4149 136
4150 37
4151 273
4152 1438
4153 143
4154 136
4155 84
4156 275
4157 110
4158 85
4159 269
4160 173
4161 253
4162 21
4163 172
4164 108
4165 247
4166 91
4167 50
4168 143
4169 297
4170 22
4171 44
4172 34
4173 108
4174 50
4175 136
4176 298
4177 80
4178 37
4179 376
4180 48
4181 204
4182 102
4183 136
4184 32
4185 10
4186 130
4187 13
4188 101
4189 121
4190 108
4191 265
4192 108
4193 27
4194 158
4195 86
4196 275
4197 13
4198 13
4199 204
4200 67
4201 23
4202 257
4203 132
4204 333
4205 106
4206 13
4207 374
4208 41
4209 130
4210 91
4211 4
4212 136
4213 79
4214 41
4215 91
4216 82
4217 233
4218 50
4219 162
4220 91
4221 21
4222 143
4223 50
4224 376
4225 8
4226 27
4227 113
4228 166
4229 121
4230 77
4231 275
4232 99
4233 8
4234 265
4235 101
4236 180
4237 158
4238 376
4239 202
4240 179
4241 32
4242 44
4243 5
4244 16
4245 108
4246 208
4247 91
4248 236
4249 129
4250 109
4251 27
4252 108
4253 236
4254 16
4255 204
4256 235
4257 119
4258 132
4259 91
4260 265
4261 138
4262 280
4263 155
4264 108
4265 176
4266 32
4267 108
4268 36
4269 79
4270 109
4271 166
4272 103
4273 13
4274 48
4275 8
4276 16
4277 41
4278 121
4279 80
4280 131
4281 80
4282 103
4283 131
4284 86
4285 158
4286 80
4287 102
4288 275
4289 22
4290 105
4291 50
4292 191
4293 173
4294 147
4295 34
4296 121
4297 5
4298 13
4299 376
4300 98
4301 269
4302 280
4303 165
4304 90
4305 21
4306 24
4307 77
4308 15
4309 217
4310 8
4311 253
4312 27
4313 102
4314 245
4315 41
4316 85
4317 31
4318 86
4319 99
4320 173
4321 170
4322 152
4323 85
4324 9
4325 84
4326 253
4327 298
4328 11
4329 13
4330 48
4331 32
4332 155
4333 79
4334 297
4335 128
4336 109
4337 34
4338 152
4339 122
4340 274
4341 41
4342 247
4343 44
4344 13
4345 32
4346 1439
4347 254
4348 79
4349 16
4350 13
4351 233
4352 31
4353 48
4354 110
4355 173
4356 105
4357 48
4358 166
4359 152
4360 122
4361 155
4362 121
4363 253
4364 204
4365 86
4366 37
4367 95
4368 48
4369 11
4370 22
4371 275
4372 132
4373 191
4374 136
4375 90
4376 131
4377 162
4378 204
4379 136
4380 16
4381 178
4382 38
4383 152
4384 207
4385 132
4386 86
4387 50
4388 106
4389 31
4390 108
4391 80
4392 41
4393 390
4394 483
4395 85
4396 102
4397 136
4398 31
4399 376
4400 34
4401 376
4402 86
4403 106
4404 287
4405 91
4406 128
4407 273
4408 111
4409 27
4410 399
4411 122
4412 36
4413 54
4414 143
4415 285
4416 269
4417 173
4418 13
4419 138
4420 51
4421 254
4422 136
4423 39
4424 166
4425 226
4426 131
4427 131
4428 173
4429 302
4430 107
4431 8
4432 113
4433 13
4434 31
4435 9
4436 166
4437 34
4438 253
4439 131
4440 36
4441 108
4442 274
4443 130
4444 8
4445 50
4446 91
4447 275
4448 23
4449 90
4450 121
4451 50
4452 44
4453 298
4454 109
4455 77
4456 253
4457 176
4458 38
4459 113
4460 260
4461 29
4462 91
4463 80
4464 85
4465 21
4466 297
4467 108
4468 236
4469 5
4470 130
4471 13
4472 91
4473 207
4474 101
4475 23
4476 41
4477 41
4478 346
4479 108
4480 5
4481 180
4482 280
4483 13
4484 276
4485 79
4486 9
4487 234
4488 31
4489 32
4490 143
4491 147
4492 336
4493 91
4494 80
4495 253
4496 90
4497 79
4498 39
4499 99
4500 98
4501 8
4502 121
4503 36
4504 13
4505 225
4506 34
4507 130
4508 8
4509 13
4510 79
4511 34
4512 67
4513 23
4514 204
4515 155
4516 257
4517 136
4518 431
4519 51
4520 44
4521 233
4522 287
4523 82
4524 13
4525 108
4526 102
4527 48
4528 27
4529 108
4530 172
4531 85
4532 225
4533 173
4534 50
4535 11
4536 85
4537 173
4538 8
4539 167
4540 152
4541 85
4542 41
4543 204
4544 41
4545 101
4546 23
4547 86
4548 4
4549 166
4550 165
4551 36
4552 108
4553 109
4554 108
4555 287
4556 24
4557 41
4558 108
4559 31
4560 8
4561 91
4562 131
4563 173
4564 253
4565 292
4566 162
4567 9
4568 9
4569 167
4570 118
4571 83
4572 155
4573 31
4574 108
4575 44
4576 202
4577 134
4578 273
4579 399
4580 236
4581 67
4582 152
4583 292
4584 298
4585 113
4586 86
4587 431
4588 245
4589 147
4590 85
4591 80
4592 129
4593 431
4594 214
4595 98
4596 122
4597 152
4598 16
4599 8
4600 108
4601 13
4602 299
4603 155
4604 79
4605 79
4606 144
4607 170
4608 155
4609 10
4610 83
4611 166
4612 80
4613 121
4614 32
4615 24
4616 31
4617 253
4618 129
4619 8
4620 204
4621 77
4622 108
4623 41
4624 23
4625 181
4626 122
4627 298
4628 247
4629 131
4630 399
4631 136
4632 431
4633 138
4634 101
4635 110
4636 302
4637 98
4638 108
4639 32
4640 31
4641 274
4642 4
4643 90
4644 91
4645 143
4646 24
4647 13
4648 93
4649 202
4650 21
4651 16
4652 155
4653 122
4654 4
4655 131
4656 204
4657 130
4658 8
4659 13
4660 16
4661 90
4662 34
4663 390
4664 276
4665 108
4666 31
4667 158
4668 86
4669 9
4670 298
4671 399
4672 167
4673 50
4674 173
4675 197
4676 176
4677 179
4678 254
4679 91
4680 13
4681 162
4682 44
4683 78
4684 5
4685 108
4686 122
4687 132
4688 274
4689 170
4690 34
4691 109
4692 87
4693 27
4694 248
4695 98
4696 144
4697 152
4698 178
4699 121
4700 298
4701 298
4702 99
4703 4
4704 253
4705 167
4706 16
4707 166
4708 172
4709 172
4710 162
4711 44
4712 54
4713 111
4714 247
4715 21
4716 275
4717 101
4718 82
4719 245
4720 109
4721 37
4722 1440
4723 37
4724 108
4725 111
4726 82
4727 13
4728 5
4729 8
4730 168
4731 98
4732 152
4733 23
4734 13
4735 90
4736 48
4737 136
4738 37
4739 130
4740 113
4741 80
4742 10
4743 50
4744 85
4745 102
4746 162
4747 122
4748 27
4749 113
4750 90
4751 110
4752 80
4753 13
4754 162
4755 86
4756 130
4757 23
4758 21
4759 110
4760 48
4761 86
4762 219
4763 274
4764 4
4765 122
4766 9
4767 98
4768 34
4769 204
4770 376
4771 38
4772 16
4773 388
4774 50
4775 79
4776 253
4777 113
4778 173
4779 67
4780 136
4781 270
4782 67
4783 248
4784 32
4785 79
4786 235
4787 80
4788 110
4789 121
4790 131
4791 44
4792 5
4793 31
4794 32
4795 122
4796 39
4797 204
4798 13
4799 50
4800 82
4801 32
4802 298
4803 51
4804 176
4805 275
4806 84
4807 39
4808 44
4809 80
4810 144
4811 108
4812 111
4813 245
4814 204
4815 204
4816 90
4817 61
4818 204
4819 269
4820 15
4821 200
4822 274
4823 105
4824 147
4825 86
4826 44
4827 138
4828 86
4829 31
4830 21
4831 21
4832 86
4833 91
4834 16
4835 44
4836 13
4837 16
4838 128
4839 5
4840 27
4841 98
4842 86
4843 4
4844 235
4845 235
4846 10
4847 121
4848 122
4849 86
4850 85
4851 107
4852 15
4853 132
4854 37
4855 166
4856 21
4857 111
4858 80
4859 236
4860 155
4861 84
4862 13
4863 144
4864 27
4865 21
4866 82
4867 8
4868 208
4869 236
4870 98
4871 119
4872 82
4873 110
4874 136
4875 134
4876 155
4877 225
4878 44
4879 138
4880 292
4881 8
4882 162
4883 144
4884 166
4885 297
4886 208
4887 390
4888 85
4889 276
4890 16
4891 23
4892 1441
4893 34
4894 13
4895 98
4896 27
4897 13
4898 253
4899 8
4900 136
4901 152
4902 91
4903 144
4904 265
4905 80
4906 143
4907 96
4908 32
4909 22
4910 376
4911 178
4912 8
4913 173
4914 247
4915 173
4916 102
4917 105
4918 23
4919 235
4920 274
4921 122
4922 122
4923 108
4924 86
4925 98
4926 431
4927 136
4928 91
4929 131
4930 106
4931 107
4932 129
4933 26
4934 8
4935 302
4936 50
4937 99
4938 138
4939 136
4940 79
4941 91
4942 61
4943 28
4944 91
4945 157
4946 27
4947 108
4948 91
4949 121
4950 91
4951 131
4952 61
4953 298
4954 95
4955 155
4956 24
4957 85
4958 155
4959 13
4960 102
4961 138
4962 21
4963 108
4964 207
4965 287
4966 108
4967 191
4968 44
4969 82
4970 80
4971 247
4972 236
4973 270
4974 173
4975 21
4976 86
4977 24
4978 166
4979 208
4980 122
4981 176
4982 44
4983 23
4984 376
4985 8
4986 113
4987 253
4988 202
4989 102
4990 132
4991 170
4992 128
4993 233
4994 91
4995 82
4996 131
4997 158
4998 162
4999 130
5000 106
5001 122
5002 154
5003 8
5004 8
5005 21
5006 27
5007 102
5008 136
5009 36
5010 254
5011 119
5012 4
5013 233
5014 170
5015 235
5016 214
5017 44
5018 131
5019 219
5020 248
5021 21
5022 27
5023 13
5024 41
5025 5
5026 122
5027 158
5028 61
5029 250
5030 31
5031 147
5032 204
5033 24
5034 80
5035 235
5036 13
5037 8
5038 32
5039 31
5040 298
5041 9
5042 131
5043 21
5044 80
5045 248
5046 44
5047 85
5048 8
5049 99
5050 233
5051 162
5052 119
5053 130
5054 27
5055 21
5056 202
5057 108
5058 91
5059 31
5060 130
5061 225
5062 102
5063 4
5064 5
5065 204
5066 119
5067 173
5068 122
5069 13
5070 152
5071 152
5072 131
5073 155
5074 136
5075 111
5076 13
5077 118
5078 136
5079 176
5080 4
5081 44
5082 217
5083 275
5084 136
5085 166
5086 265
5087 130
5088 155
5089 113
5090 131
5091 48
5092 90
5093 50
5094 39
5095 128
5096 50
5097 15
5098 297
5099 108
5100 158
5101 2
5102 13
5103 98
5104 274
5105 275
5106 27
5107 118
5108 130
5109 50
5110 235
5111 24
5112 166
5113 173
5114 41
5115 98
5116 31
5117 254
5118 147
5119 108
5120 28
5121 270
5122 265
5123 78
5124 9
5125 32
5126 86
5127 131
5128 162
5129 143
5130 250
5131 155
5132 152
5133 152
5134 80
5135 80
5136 77
5137 102
5138 91
5139 96
5140 167
5141 158
5142 265
5143 16
5144 8
5145 108
5146 152
5147 158
5148 88
5149 170
5150 136
5151 91
5152 152
5153 130
5154 136
5155 67
5156 132
5157 98
5158 118
5159 390
5160 113
5161 274
5162 166
5163 86
5164 102
5165 85
5166 31
5167 99
5168 50
5169 122
5170 111
5171 166
5172 162
5173 280
5174 235
5175 173
5176 21
5177 110
5178 90
5179 23
5180 27
5181 138
5182 34
5183 8
5184 31
5185 4
5186 202
5187 201
5188 102
5189 236
5190 162
5191 147
5192 39
5193 181
5194 108
5195 108
5196 26
5197 165
5198 143
5199 8
5200 34
5201 236
5202 90
5203 9
5204 29
5205 11
5206 176
5207 15
5208 99
5209 11
5210 113
5211 8
5212 292
5213 50
5214 27
5215 41
5216 270
5217 91
5218 172
5219 122
5220 8
5221 13
5222 21
5223 71
5224 13
5225 208
5226 13
5227 13
5228 67
5229 108
5230 273
5231 13
5232 16
5233 121
5234 54
5235 102
5236 32
5237 10
5238 13
5239 67
5240 108
5241 21
5242 8
5243 5
5244 191
5245 99
5246 23
5247 280
5248 98
5249 80
5250 77
5251 292
5252 399
5253 91
5254 162
5255 302
5256 292
5257 10
5258 435
5259 10
5260 88
5261 226
5262 85
5263 44
5264 67
5265 85
5266 109
5267 273
5268 108
5269 86
5270 202
5271 37
5272 36
5273 41
5274 431
5275 131
5276 91
5277 201
5278 108
5279 162
5280 202
5281 86
5282 16
5283 477
5284 202
5285 119
5286 50
5287 253
5288 90
5289 91
5290 108
5291 8
5292 234
5293 31
5294 32
5295 136
5296 16
5297 431
5298 108
5299 108
5300 86
5301 217
5302 152
5303 98
5304 50
5305 8
5306 8
5307 219
5308 85
5309 131
5310 147
5311 86
5312 80
5313 31
5314 61
5315 86
5316 27
5317 152
5318 13
5319 269
5320 93
5321 235
5322 44
5323 32
5324 247
5325 130
5326 13
5327 91
5328 399
5329 77
5330 11
5331 254
5332 86
5333 287
5334 90
5335 111
5336 172
5337 41
5338 36
5339 31
5340 80
5341 8
5342 236
5343 147
5344 39
5345 136
5346 119
5347 147
5348 8
5349 155
5350 16
5351 85
5352 47
5353 78
5354 13
5355 260
5356 247
5357 8
5358 181
5359 36
5360 108
5361 34
5362 13
5363 54
5364 130
5365 253
5366 80
5367 8
5368 39
5369 44
5370 54
5371 155
5372 50
5373 122
5374 11
5375 136
5376 173
5377 27
5378 5
5379 147
5380 15
5381 27
5382 302
5383 2
5384 155
5385 181
5386 31
5387 50
5388 77
5389 130
5390 122
5391 91
5392 121
5393 207
5394 121
5395 34
5396 50
5397 167
5398 147
5399 297
5400 10
5401 136
5402 269
5403 13
5404 138
5405 130
5406 8
5407 31
5408 86
5409 147
5410 247
5411 80
5412 235
5413 108
5414 226
5415 21
5416 136
5417 23
5418 13
5419 136
5420 26
5421 280
5422 91
5423 136
5424 265
5425 31
5426 31
5427 302
5428 136
5429 31
5430 113
5431 173
5432 113
5433 108
5434 254
5435 167
5436 84
5437 111
5438 91
5439 39
5440 11
5441 44
5442 86
5443 292
5444 204
5445 269
5446 2
5447 39
5448 16
5449 13
5450 82
5451 36
5452 26
5453 13
5454 15
5455 144
5456 8
5457 13
5458 86
5459 8
5460 173
5461 64
5462 136
5463 111
5464 48
5465 21
5466 131
5467 85
5468 77
5469 27
5470 136
5471 138
5472 29
5473 154
5474 32
5475 147
5476 9
5477 273
5478 269
5479 82
5480 13
5481 11
5482 23
5483 32
5484 254
5485 103
5486 13
5487 298
5488 98
5489 207
5490 208
5491 152
5492 50
5493 31
5494 143
5495 36
5496 21
5497 122
5498 234
5499 86
5500 154
5501 13
5502 98
5503 31
5504 36
5505 143
5506 82
5507 31
5508 50
5509 85
5510 79
5511 204
5512 130
5513 122
5514 134
5515 39
5516 102
5517 172
5518 8
5519 51
5520 359
5521 5
5522 96
5523 8
5524 82
5525 110
5526 88
5527 32
5528 86
5529 122
5530 99
5531 128
5532 44
5533 85
5534 131
5535 236
5536 257
5537 106
5538 132
5539 109
5540 130
5541 91
5542 132
5543 136
5544 236
5545 131
5546 23
5547 181
5548 13
5549 129
5550 167
5551 130
5552 144
5553 91
5554 170
5555 23
5556 13
5557 31
5558 44
5559 122
5560 13
5561 4
5562 112
5563 180
5564 13
5565 27
5566 130
5567 79
5568 245
5569 31
5570 254
5571 134
5572 51
5573 44
5574 32
5575 108
5576 235
5577 119
5578 236
5579 21
5580 269
5581 112
5582 34
5583 202
5584 179
5585 399
5586 48
5587 11
5588 202
5589 204
5590 166
5591 13
5592 265
5593 34
5594 274
5595 155
5596 253
5597 122
5598 8
5599 245
5600 136
5601 129
5602 16
5603 204
5604 166
5605 132
5606 234
5607 84
5608 21
5609 32
5610 399
5611 62
5612 136
5613 13
5614 225
5615 390
5616 136
5617 191
5618 10
5619 316
5620 31
5621 51
5622 253
5623 48
5624 26
5625 77
5626 302
5627 85
5628 31
5629 131
5630 21
5631 136
5632 24
5633 21
5634 122
5635 297
5636 37
5637 118
5638 13
5639 21
5640 41
5641 32
5642 162
5643 50
5644 162
5645 129
5646 8
5647 236
5648 5
5649 62
5650 23
5651 107
5652 110
5653 110
5654 136
5655 98
5656 131
5657 170
5658 172
5659 4
5660 88
5661 227
5662 77
5663 147
5664 173
5665 13
5666 162
5667 121
5668 132
5669 110
5670 86
5671 233
5672 80
5673 131
5674 152
5675 1442
5676 8
5677 86
5678 13
5679 132
5680 13
5681 36
5682 207
5683 269
5684 269
5685 102
5686 128
5687 106
5688 37
5689 130
5690 155
5691 8
5692 48
5693 9
5694 131
5695 166
5696 108
5697 23
5698 38
5699 31
5700 121
5701 41
5702 107
5703 136
5704 173
5705 24
5706 346
5707 399
5708 79
5709 80
5710 67
5711 48
5712 138
5713 483
5714 119
5715 13
5716 8
5717 155
5718 108
5719 155
5720 113
5721 23
5722 191
5723 204
5724 204
5725 132
5726 8
5727 23
5728 157
5729 21
5730 112
5731 155
5732 121
5733 31
5734 108
5735 152
5736 85
5737 8
5738 333
5739 346
5740 86
5741 44
5742 91
5743 90
5744 11
5745 109
5746 254
5747 16
5748 265
5749 41
5750 247
5751 39
5752 34
5753 172
5754 16
5755 167
5756 21
5757 147
5758 23
5759 34
5760 136
5761 79
5762 170
5763 11
5764 23
5765 253
5766 13
5767 99
5768 121
5769 77
5770 2
5771 119
5772 260
5773 82
5774 273
5775 152
5776 32
5777 90
5778 80
5779 139
5780 214
5781 111
5782 204
5783 122
5784 155
5785 79
5786 80
5787 204
5788 48
5789 155
5790 39
5791 86
5792 108
5793 280
5794 253
5795 51
5796 16
5797 39
5798 269
5799 204
5800 9
5801 8
5802 8
5803 131
5804 16
5805 51
5806 204
5807 85
5808 24
5809 34
5810 82
5811 15
5812 122
5813 82
5814 48
5815 119
5816 390
5817 82
5818 152
5819 11
5820 27
5821 129
5822 28
5823 108
5824 247
5825 36
5826 265
5827 172
5828 102
5829 86
5830 109
5831 24
5832 13
5833 470
5834 152
5835 11
5836 5
5837 9
5838 13
5839 86
5840 170
5841 23
5842 8
5843 152
5844 179
5845 181
5846 31
5847 136
5848 90
5849 170
5850 98
5851 27
5852 37
5853 179
5854 86
5855 61
5856 31
5857 113
5858 71
5859 5
5860 108
5861 152
5862 166
5863 136
5864 13
5865 38
5866 91
5867 275
5868 13
5869 399
5870 154
5871 181
5872 173
5873 23
5874 9
5875 173
5876 103
5877 8
5878 108
5879 26
5880 31
5881 86
5882 121
5883 101
5884 9
5885 85
5886 13
5887 96
5888 204
5889 130
5890 84
5891 152
5892 44
5893 50
5894 37
5895 118
5896 8
5897 128
5898 39
5899 50
5900 13
5901 13
5902 253
5903 128
5904 36
5905 333
5906 16
5907 11
5908 166
5909 128
5910 79
5911 260
5912 44
5913 86
5914 121
5915 90
5916 16
5917 108
5918 110
5919 8
5920 8
5921 464
5922 111
5923 388
5924 162
5925 34
5926 155
5927 99
5928 9
5929 37
5930 269
5931 132
5932 131
5933 129
5934 50
5935 204
5936 253
5937 16
5938 180
5939 113
5940 86
5941 39
5942 39
5943 250
5944 91
5945 110
5946 85
5947 8
5948 154
5949 85
5950 162
5951 102
5952 9
5953 136
5954 102
5955 155
5956 8
5957 105
5958 80
5959 51
5960 298
5961 79
5962 204
5963 27
5964 130
5965 108
5966 90
5967 34
5968 8
5969 91
5970 225
5971 13
5972 111
5973 1443
5974 388
5975 8
5976 8
5977 233
5978 173
5979 173
5980 170
5981 61
5982 32
5983 147
5984 80
5985 32
5986 80
5987 91
5988 122
5989 109
5990 27
5991 270
5992 131
5993 80
5994 155
5995 99
5996 90
5997 61
5998 136
5999 136
6000 13
6001 173
6002 50
6003 132
6004 254
6005 37
6006 144
6007 84
6008 27
6009 118
6010 21
6011 178
6012 41
6013 39
6014 9
6015 31
6016 477
6017 82
6018 112
6019 11
6020 254
6021 130
6022 27
6023 31
6024 131
6025 108
6026 111
6027 101
6028 27
6029 131
6030 4
6031 111
6032 247
6033 13
6034 8
6035 90
6036 98
6037 108
6038 34
6039 143
6040 111
6041 109
6042 85
6043 31
6044 207
6045 108
6046 50
6047 131
6048 16
6049 86
6050 131
6051 122
6052 32
6053 48
6054 376
6055 166
6056 180
6057 77
6058 128
6059 13
6060 108
6061 275
6062 34
6063 204
6064 122
6065 26
6066 128
6067 162
6068 8
6069 280
6070 13
6071 31
6072 173
6073 113
6074 44
6075 122
6076 265
6077 39
6078 274
6079 91
6080 250
6081 16
6082 130
6083 118
6084 67
6085 265
6086 8
6087 82
6088 21
6089 399
6090 48
6091 202
6092 90
6093 122
6094 84
6095 134
6096 101
6097 162
6098 23
6099 8
6100 204
6101 152
6102 16
6103 8
6104 79
6105 202
6106 31
6107 225
6108 173
6109 162
6110 122
6111 302
6112 260
6113 132
6114 122
6115 134
6116 144
6117 166
6118 108
6119 88
6120 36
6121 27
6122 376
6123 15
6124 39
6125 5
6126 294
6127 80
6128 147
6129 71
6130 81
6131 131
6132 53
6133 394
6134 129
6135 8
6136 9
6137 162
6138 157
6139 113
6140 113
6141 91
6142 79
6143 26
6144 86
6145 108
6146 13
6147 77
6148 110
6149 41
6150 27
6151 44
6152 5
6153 77
6154 13
6155 118
6156 79
6157 219
6158 138
6159 204
6160 154
6161 147
6162 24
6163 31
6164 32
6165 119
6166 23
6167 254
6168 157
6169 253
6170 84
6171 21
6172 36
6173 31
6174 109
6175 118
6176 302
6177 235
6178 166
6179 82
6180 136
6181 162
6182 245
6183 39
6184 122
6185 129
6186 173
6187 13
6188 91
6189 129
6190 54
6191 111
6192 298
6193 99
6194 130
6195 155
6196 37
6197 50
6198 44
6199 269
6200 24
6201 82
6202 131
6203 9
6204 108
6205 105
6206 129
6207 77
6208 113
6209 143
6210 8
6211 80
6212 85
6213 82
6214 108
6215 8
6216 136
6217 13
6218 91
6219 176
6220 32
6221 8
6222 294
6223 131
6224 108
6225 132
6226 80
6227 297
6228 129
6229 297
6230 162
6231 25
6232 13
6233 253
6234 136
6235 85
6236 41
6237 41
6238 287
6239 13
6240 82
6241 96
6242 98
6243 91
6244 44
6245 8
6246 122
6247 131
6248 85
6249 32
6250 79
6251 119
6252 27
6253 204
6254 250
6255 276
6256 162
6257 108
6258 84
6259 131
6260 130
6261 51
6262 80
6263 77
6264 119
6265 111
6266 82
6267 293
6268 119
6269 130
6270 78
6271 13
6272 13
6273 162
6274 247
6275 8
6276 131
6277 128
6278 287
6279 110
6280 82
6281 111
6282 23
6283 130
6284 86
6285 136
6286 152
6287 13
6288 79
6289 245
6290 41
6291 136
6292 8
6293 51
6294 170
6295 113
6296 34
6297 24
6298 16
6299 108
6300 130
6301 31
6302 235
6303 8
6304 144
6305 27
6306 132
6307 79
6308 8
6309 4
6310 257
6311 122
6312 253
6313 31
6314 102
6315 167
6316 179
6317 136
6318 36
6319 26
6320 79
6321 39
6322 79
6323 225
6324 34
6325 48
6326 16
6327 136
6328 48
6329 298
6330 91
6331 204
6332 225
6333 16
6334 147
6335 147
6336 44
6337 34
6338 79
6339 78
6340 108
6341 13
6342 122
6343 132
6344 253
6345 44
6346 82
6347 170
6348 204
6349 50
6350 172
6351 102
6352 64
6353 121
6354 235
6355 36
6356 91
6357 250
6358 122
6359 44
6360 80
6361 13
6362 82
6363 103
6364 130
6365 8
6366 91
6367 130
6368 204
6369 297
6370 333
6371 298
6372 112
6373 147
6374 254
6375 108
6376 34
6377 108
6378 119
6379 4
6380 41
6381 112
6382 292
6383 8
6384 41
6385 137
6386 202
6387 170
6388 162
6389 170
6390 108
6391 48
6392 134
6393 39
6394 23
6395 13
6396 275
6397 21
6398 90
6399 236
6400 108
6401 119
6402 79
6403 8
6404 86
6405 31
6406 21
6407 131
6408 64
6409 138
6410 121
6411 13
6412 287
6413 181
6414 253
6415 105
6416 21
6417 173
6418 64
6419 85
6420 32
6421 147
6422 98
6423 167
6424 136
6425 269
6426 9
6427 155
6428 98
6429 22
6430 253
6431 80
6432 399
6433 253
6434 8
6435 128
6436 179
6437 102
6438 129
6439 48
6440 90
6441 121
6442 81
6443 91
6444 86
6445 31
6446 8
6447 298
6448 138
6449 143
6450 292
6451 91
6452 233
6453 80
6454 91
6455 101
6456 13
6457 113
6458 181
6459 4
6460 85
6461 260
6462 269
6463 31
6464 13
6465 131
6466 152
6467 101
6468 93
6469 27
6470 8
6471 103
6472 5
6473 180
6474 13
6475 155
6476 79
6477 108
6478 36
6479 102
6480 170
6481 78
6482 162
6483 111
6484 86
6485 37
6486 376
6487 50
6488 235
6489 108
6490 128
6491 235
6492 21
6493 36
6494 143
6495 180
6496 102
6497 131
6498 47
6499 80
6500 333
6501 15
6502 111
6503 77
6504 302
6505 79
6506 15
6507 50
6508 67
6509 90
6510 269
6511 102
6512 181
6513 176
6514 99
6515 13
6516 50
6517 110
6518 13
6519 98
6520 152
6521 144
6522 152
6523 269
6524 110
6525 108
6526 103
6527 136
6528 37
6529 136
6530 98
6531 34
6532 99
6533 101
6534 227
6535 86
6536 99
6537 152
6538 254
6539 77
6540 181
6541 152
6542 80
6543 131
6544 36
6545 80
6546 28
6547 67
6548 111
6549 50
6550 108
6551 204
6552 98
6553 8
6554 50
6555 102
6556 452
6557 152
6558 1446
6559 44
6560 29
6561 201
6562 39
6563 27
6564 23
6565 147
6566 236
6567 106
6568 265
6569 86
6570 21
6571 108
6572 9
6573 108
6574 484
6575 99
6576 274
6577 8
6578 235
6579 128
6580 257
6581 26
6582 107
6583 121
6584 13
6585 31
6586 96
6587 147
6588 143
6589 172
6590 37
6591 162
6592 13
6593 21
6594 80
6595 32
6596 96
6597 21
6598 34
6599 38
6600 27
6601 85
6602 162
6603 86
6604 225
6605 101
6606 47
6607 273
6608 93
6609 39
6610 11
6611 147
6612 32
6613 99
6614 98
6615 80
6616 176
6617 41
6618 13
6619 77
6620 102
6621 130
6622 41
6623 34
6624 197
6625 158
6626 11
6627 113
6628 130
6629 98
6630 136
6631 23
6632 54
6633 106
6634 86
6635 253
6636 13
6637 39
6638 298
6639 170
6640 166
6641 91
6642 80
6643 25
6644 96
6645 108
6646 152
6647 32
6648 399
6649 86
6650 31
6651 5
6652 23
6653 470
6654 23
6655 472
6656 219
6657 297
6658 102
6659 67
6660 13
6661 108
6662 5
6663 85
6664 31
6665 275
6666 131
6667 21
6668 298
6669 376
6670 130
6671 219
6672 25
6673 121
6674 201
6675 48
6676 13
6677 298
6678 118
6679 131
6680 136
6681 86
6682 103
6683 34
6684 90
6685 172
6686 108
6687 98
6688 131
6689 130
6690 298
6691 31
6692 108
6693 91
6694 166
6695 77
6696 31
6697 24
6698 207
6699 131
6700 274
6701 204
6702 13
6703 418
6704 108
6705 122
6706 247
6707 162
6708 202
6709 8
6710 13
6711 77
6712 102
6713 9
6714 85
6715 78
6716 130
6717 130
6718 131
6719 15
6720 77
6721 254
6722 82
6723 80
6724 269
6725 11
6726 217
6727 275
6728 245
6729 269
6730 202
6731 13
6732 172
6733 119
6734 51
6735 98
6736 302
6737 130
6738 80
6739 99
6740 129
6741 236
6742 470
6743 32
6744 90
6745 254
6746 285
6747 136
6748 131
6749 27
6750 276
6751 233
6752 245
6753 131
6754 1447
6755 172
6756 130
6757 173
6758 108
6759 136
6760 8
6761 136
6762 9
6763 157
6764 235
6765 219
6766 191
6767 202
6768 265
6769 91
6770 130
6771 109
6772 37
6773 27
6774 90
6775 31
6776 298
6777 5
6778 219
6779 13
6780 48
6781 109
6782 48
6783 98
6784 5
6785 2
6786 77
6787 9
6788 170
6789 287
6790 48
6791 136
6792 201
6793 108
6794 273
6795 260
6796 79
6797 119
6798 119
6799 388
6800 86
6801 28
6802 179
6803 173
6804 136
6805 144
6806 22
6807 98
6808 102
6809 77
6810 108
6811 108
6812 202
6813 48
6814 5
6815 162
6816 36
6817 4
6818 79
6819 13
6820 90
6821 136
6822 121
6823 122
6824 280
6825 155
6826 21
6827 82
6828 102
6829 136
6830 8
6831 172
6832 155
6833 136
6834 265
6835 13
6836 245
6837 131
6838 34
6839 173
6840 13
6841 15
6842 173
6843 48
6844 122
6845 298
6846 31
6847 23
6848 376
6849 131
6850 136
6851 15
6852 13
6853 23
6854 80
6855 44
6856 102
6857 98
6858 245
6859 176
6860 147
6861 80
6862 5
6863 50
6864 4
6865 13
6866 173
6867 297
6868 361
6869 204
6870 86
6871 173
6872 173
6873 81
6874 143
6875 131
6876 34
6877 4
6878 108
6879 22
6880 8
6881 132
6882 388
6883 37
6884 248
6885 122
6886 80
6887 130
6888 122
6889 98
6890 168
6891 113
6892 173
6893 110
6894 170
6895 129
6896 131
6897 138
6898 204
6899 37
6900 173
6901 90
6902 152
6903 8
6904 138
6905 147
6906 173
6907 91
6908 39
6909 41
6910 5
6911 13
6912 50
6913 143
6914 166
6915 178
6916 235
6917 21
6918 170
6919 136
6920 98
6921 80
6922 275
6923 24
6924 170
6925 54
6926 13
6927 132
6928 143
6929 91
6930 247
6931 173
6932 162
6933 269
6934 80
6935 85
6936 136
6937 173
6938 108
6939 31
6940 4
6941 36
6942 31
6943 31
6944 137
6945 128
6946 254
6947 8
6948 130
6949 265
6950 269
6951 132
6952 48
6953 16
6954 108
6955 113
6956 36
6957 109
6958 121
6959 227
6960 162
6961 121
6962 86
6963 131
6964 31
6965 24
6966 128
6967 31
6968 5
6969 36
6970 13
6971 131
6972 50
6973 181
6974 152
6975 80
6976 483
6977 90
6978 204
6979 136
6980 132
6981 201
6982 333
6983 13
6984 27
6985 399
6986 202
6987 39
6988 16
6989 50
6990 131
6991 122
6992 101
6993 157
6994 173
6995 16
6996 132
6997 245
6998 235
6999 50
7000 176
7001 36
7002 8
7003 131
7004 80
7005 162
7006 484
7007 108
7008 5
7009 39
7010 8
7011 235
7012 37
7013 61
7014 44
7015 106
7016 147
7017 136
7018 84
7019 98
7020 108
7021 280
7022 204
7023 159
7024 235
7025 44
7026 80
7027 280
7028 4
7029 98
7030 130
7031 170
7032 50
7033 90
7034 128
7035 86
7036 91
7037 102
7038 470
7039 166
7040 91
7041 8
7042 16
7043 37
7044 1448
7045 10
7046 275
7047 197
7048 166
7049 67
7050 91
7051 121
7052 79
7053 257
7054 204
7055 302
7056 144
7057 248
7058 99
7059 27
7060 39
7061 113
7062 82
7063 106
7064 85
7065 390
7066 8
7067 27
7068 88
7069 162
7070 39
7071 202
7072 8
7073 158
7074 128
7075 276
7076 93
7077 136
7078 219
7079 10
7080 85
7081 118
7082 80
7083 147
7084 217
7085 143
7086 59
7087 11
7088 32
7089 225
7090 128
7091 180
7092 31
7093 82
7094 102
7095 11
7096 204
7097 130
7098 4
7099 31
7100 21
7101 21
7102 136
7103 44
7104 27
7105 34
7106 93
7107 8
7108 167
7109 98
7110 225
7111 8
7112 320
7113 32
7114 44
7115 111
7116 132
7117 5
7118 13
7119 173
7120 21
7121 176
7122 99
7123 273
7124 152
7125 16
7126 254
7127 86
7128 131
7129 260
7130 41
7131 113
7132 79
7133 26
7134 13
7135 13
7136 51
7137 11
7138 91
7139 166
7140 44
7141 44
7142 109
7143 226
7144 253
7145 86
7146 77
7147 106
7148 85
7149 80
7150 152
7151 85
7152 247
7153 15
7154 130
7155 136
7156 111
7157 79
7158 234
7159 37
7160 13
7161 280
7162 13
7163 13
7164 118
7165 257
7166 9
7167 128
7168 84
7169 136
7170 235
7171 77
7172 102
7173 173
7174 269
7175 77
7176 138
7177 21
7178 130
7179 113
7180 80
7181 102
7182 13
7183 155
7184 44
7185 84
7186 13
7187 204
7188 287
7189 77
7190 88
7191 166
7192 275
7193 103
7194 233
7195 8
7196 86
7197 118
7198 132
7199 247
7200 13
7201 109
7202 136
7203 287
7204 113
7205 8
7206 85
7207 34
7208 132
7209 233
7210 64
7211 130
7212 129
7213 5
7214 226
7215 80
7216 32
7217 21
7218 131
7219 167
7220 106
7221 99
7222 131
7223 207
7224 4
7225 128
7226 4
7227 48
7228 24
7229 77
7230 15
7231 41
7232 388
7233 217
7234 130
7235 130
7236 144
7237 180
7238 250
7239 108
7240 152
7241 44
7242 275
7243 96
7244 9
7245 287
7246 44
7247 50
7248 8
7249 119
7250 23
7251 63
7252 102
7253 8
7254 90
7255 108
7256 147
7257 122
7258 32
7259 147
7260 399
7261 275
7262 162
7263 191
7264 31
7265 269
7266 152
7267 106
7268 176
7269 11
7270 178
7271 269
7272 27
7273 111
7274 34
7275 10
7276 144
7277 299
7278 136
7279 79
7280 109
7281 31
7282 9
7283 121
7284 470
7285 31
7286 86
7287 136
7288 136
7289 8
7290 80
7291 48
7292 434
7293 27
7294 4
7295 147
7296 9
7297 34
7298 16
7299 102
7300 2
7301 111
7302 86
7303 140
7304 260
7305 91
7306 170
7307 108
7308 108
7309 253
7310 399
7311 36
7312 152
7313 121
7314 36
7315 172
7316 50
7317 86
7318 236
7319 51
7320 13
7321 80
7322 275
7323 113
7324 113
7325 144
7326 102
7327 77
7328 86
7329 162
7330 122
7331 136
7332 21
7333 44
7334 219
7335 128
7336 32
7337 34
7338 51
7339 176
7340 15
7341 128
7342 1449
7343 167
7344 67
7345 79
7346 36
7347 8
7348 233
7349 136
7350 207
7351 48
7352 48
7353 136
7354 32
7355 91
7356 172
7357 34
7358 219
7359 121
7360 86
7361 77
7362 247
7363 82
7364 102
7365 5
7366 418
7367 136
7368 31
7369 173
7370 131
7371 4
7372 34
7373 202
7374 136
7375 86
7376 333
7377 15
7378 9
7379 113
7380 102
7381 50
7382 8
7383 234
7384 275
7385 131
7386 98
7387 91
7388 131
7389 8
7390 202
7391 8
7392 36
7393 274
7394 250
7395 131
7396 130
7397 388
7398 144
7399 31
7400 302
7401 21
7402 90
7403 93
7404 31
7405 82
7406 85
7407 99
7408 132
7409 27
7410 108
7411 131
7412 129
7413 21
7414 27
7415 99
7416 80
7417 64
7418 132
7419 48
7420 122
7421 111
7422 99
7423 292
7424 302
7425 77
7426 98
7427 8
7428 136
7429 136
7430 269
7431 21
7432 102
7433 39
7434 130
7435 24
7436 102
7437 106
7438 27
7439 91
7440 130
7441 36
7442 108
7443 170
7444 86
7445 77
7446 138
7447 9
7448 113
7449 173
7450 79
7451 390
7452 136
7453 39
7454 131
7455 80
7456 8
7457 265
7458 225
7459 50
7460 136
7461 131
7462 158
7463 128
7464 21
7465 121
7466 298
7467 145
7468 245
7469 50
7470 4
7471 152
7472 27
7473 157
7474 101
7475 13
7476 136
7477 108
7478 147
7479 13
7480 31
7481 128
7482 136
7483 23
7484 292
7485 85
7486 112
7487 152
7488 48
7489 50
7490 136
7491 105
7492 11
7493 91
7494 80
7495 27
7496 130
7497 91
7498 121
7499 197
7500 225
7501 27
7502 32
7503 130
7504 86
7505 39
7506 111
7507 13
7508 67
7509 99
7510 235
7511 16
7512 37
7513 16
7514 399
7515 152
7516 180
7517 13
7518 204
7519 107
7520 130
7521 26
7522 8
7523 91
7524 61
7525 85
7526 144
7527 106
7528 102
7529 102
7530 8
7531 162
7532 173
7533 173
7534 80
7535 8
7536 10
7537 236
7538 24
7539 1451
7540 208
7541 91
7542 13
7543 8
7544 85
7545 302
7546 96
7547 155
7548 8
7549 10
7550 180
7551 13
7552 99
7553 37
7554 8
7555 158
7556 27
7557 225
7558 108
7559 34
7560 235
7561 265
7562 155
7563 139
7564 254
7565 13
7566 173
7567 5
7568 80
7569 274
7570 181
7571 8
7572 138
7573 34
7574 136
7575 143
7576 38
7577 67
7578 16
7579 101
7580 136
7581 121
7582 13
7583 191
7584 86
7585 128
7586 207
7587 219
7588 24
7589 86
7590 106
7591 217
7592 48
7593 173
7594 157
7595 99
7596 170
7597 143
7598 79
7599 23
7600 176
7601 51
7602 276
7603 147
7604 85
7605 108
7606 172
7607 5
7608 173
7609 11
7610 85
7611 111
7612 32
7613 260
7614 80
7615 88
7616 27
7617 91
7618 253
7619 225
7620 77
7621 80
7622 13
7623 8
7624 207
7625 172
7626 34
7627 298
7628 260
7629 298
7630 79
7631 159
7632 86
7633 2
7634 79
7635 34
7636 8
7637 130
7638 131
7639 118
7640 105
7641 131
7642 136
7643 136
7644 226
7645 5
7646 276
7647 85
7648 219
7649 71
7650 159
7651 85
7652 111
7653 270
7654 21
7655 103
7656 41
7657 34
7658 86
7659 320
7660 172
7661 108
7662 152
7663 27
7664 110
7665 27
7666 136
7667 51
7668 204
7669 50
7670 431
7671 93
7672 113
7673 302
7674 107
7675 122
7676 136
7677 128
7678 5
7679 79
7680 8
7681 108
7682 138
7683 166
7684 101
7685 102
7686 170
7687 37
7688 298
7689 233
7690 47
7691 80
7692 37
7693 48
7694 91
7695 90
7696 336
7697 108
7698 82
7699 269
7700 143
7701 129
7702 235
7703 105
7704 166
7705 236
7706 79
7707 173
7708 242
7709 270
7710 170
7711 80
7712 86
7713 132
7714 78
7715 292
7716 299
7717 21
7718 8
7719 108
7720 132
7721 16
7722 98
7723 159
7724 118
7725 102
7726 233
7727 67
7728 32
7729 253
7730 34
7731 41
7732 5
7733 106
7734 155
7735 122
7736 44
7737 98
7738 13
7739 50
7740 27
7741 44
7742 23
7743 102
7744 8
7745 77
7746 130
7747 167
7748 99
7749 41
7750 131
7751 82
7752 8
7753 5
7754 84
7755 51
7756 166
7757 13
7758 111
7759 34
7760 136
7761 81
7762 119
7763 1452
7764 110
7765 132
7766 128
7767 265
7768 121
7769 41
7770 8
7771 162
7772 180
7773 388
7774 143
7775 128
7776 31
7777 50
7778 36
7779 247
7780 27
7781 16
7782 136
7783 24
7784 152
7785 13
7786 13
7787 48
7788 31
7789 173
7790 8
7791 4
7792 13
7793 80
7794 122
7795 13
7796 85
7797 80
7798 4
7799 108
7800 159
7801 136
7802 390
7803 273
7804 91
7805 108
7806 32
7807 219
7808 4
7809 173
7810 77
7811 219
7812 9
7813 50
7814 108
7815 166
7816 122
7817 144
7818 131
7819 162
7820 157
7821 227
7822 245
7823 101
7824 235
7825 260
7826 172
7827 106
7828 138
7829 13
7830 91
7831 269
7832 254
7833 29
7834 108
7835 155
7836 265
7837 119
7838 5
7839 173
7840 26
7841 147
7842 79
7843 32
7844 13
7845 204
7846 166
7847 44
7848 159
7849 219
7850 226
7851 84
7852 32
7853 136
7854 11
7855 131
7856 132
7857 147
7858 13
7859 79
7860 59
7861 119
7862 80
7863 27
7864 80
7865 50
7866 102
7867 34
7868 16
7869 16
7870 227
7871 202
7872 86
7873 257
7874 27
7875 86
7876 178
7877 13
7878 86
7879 64
7880 170
7881 477
7882 155
7883 31
7884 101
7885 24
7886 13
7887 253
7888 24
7889 108
7890 8
7891 361
7892 138
7893 131
7894 27
7895 27
7896 176
7897 152
7898 173
7899 176
7900 61
7901 273
7902 13
7903 77
7904 4
7905 31
7906 44
7907 77
7908 102
7909 90
7910 8
7911 1454
7912 204
7913 41
7914 130
7915 106
7916 214
7917 248
7918 21
7919 23
7920 101
7921 111
7922 37
7923 23
7924 219
7925 121
7926 39
7927 110
7928 5
7929 4
7930 108
7931 152
7932 13
7933 136
7934 247
7935 122
7936 80
7937 152
7938 13
7939 91
7940 129
7941 13
7942 170
7943 99
7944 15
7945 50
7946 105
7947 26
7948 37
7949 477
7950 287
7951 44
7952 138
7953 131
7954 298
7955 13
7956 108
7957 292
7958 121
7959 173
7960 275
7961 1455
7962 8
7963 109
7964 50
7965 5
7966 253
7967 176
7968 34
7969 110
7970 82
7971 8
7972 91
7973 233
7974 91
7975 79
7976 23
7977 13
7978 50
7979 106
7980 118
7981 376
7982 39
7983 36
7984 173
7985 155
7986 111
7987 113
7988 8
7989 122
7990 16
7991 173
7992 162
7993 80
7994 170
7995 90
7996 166
7997 275
7998 162
7999 15
8000 81
8001 44
8002 176
8003 31
8004 130
8005 107
8006 147
8007 99
8008 86
8009 10
8010 119
8011 166
8012 108
8013 181
8014 292
8015 82
8016 130
8017 138
8018 162
8019 13
8020 91
8021 152
8022 79
8023 27
8024 102
8025 102
8026 31
8027 130
8028 219
8029 16
8030 172
8031 217
8032 122
8033 16
8034 250
8035 91
8036 78
8037 62
8038 37
8039 136
8040 225
8041 16
8042 102
8043 64
8044 50
8045 23
8046 292
8047 110
8048 90
8049 136
8050 233
8051 109
8052 5
8053 9
8054 162
8055 5
8056 23
8057 143
8058 152
8059 91
8060 67
8061 102
8062 181
8063 109
8064 98
8065 225
8066 79
8067 48
8068 106
8069 131
8070 15
8071 166
8072 138
8073 167
8074 99
8075 122
8076 225
8077 85
8078 13
8079 16
8080 136
8081 257
8082 79
8083 162
8084 227
8085 172
8086 91
8087 131
8088 276
8089 166
8090 39
8091 61
8092 91
8093 86
8094 245
8095 77
8096 113
8097 88
8098 172
8099 119
8100 15
8101 86
8102 108
8103 108
8104 31
8105 93
8106 202
8107 13
8108 128
8109 181
8110 131
8111 8
8112 131
8113 80
8114 108
8115 105
8116 2
8117 145
8118 82
8119 5
8120 108
8121 122
8122 86
8123 98
8124 84
8125 86
8126 8
8127 130
8128 130
8129 88
8130 44
8131 236
8132 107
8133 292
8134 31
8135 28
8136 91
8137 15
8138 82
8139 132
8140 109
8141 80
8142 64
8143 253
8144 116
8145 121
8146 26
8147 132
8148 254
8149 13
8150 34
8151 102
8152 136
8153 472
8154 122
8155 131
8156 31
8157 91
8158 79
8159 31
8160 86
8161 225
8162 265
8163 79
8164 226
8165 176
8166 93
8167 15
8168 172
8169 39
8170 50
8171 122
8172 110
8173 91
8174 108
8175 108
8176 298
8177 173
8178 34
8179 102
8180 181
8181 119
8182 247
8183 122
8184 152
8185 112
8186 86
8187 34
8188 80
8189 121
8190 155
8191 90
8192 16
8193 235
8194 134
8195 165
8196 204
8197 113
8198 99
8199 9
8200 85
8201 13
8202 91
8203 110
8204 36
8205 201
8206 15
8207 399
8208 130
8209 197
8210 27
8211 287
8212 138
8213 225
8214 91
8215 106
8216 131
8217 31
8218 16
8219 136
8220 191
8221 108
8222 79
8223 236
8224 152
8225 122
8226 108
8227 130
8228 26
8229 13
8230 119
8231 122
8232 122
8233 178
8234 270
8235 188
8236 152
8237 80
8238 202
8239 34
8240 80
8241 91
8242 245
8243 136
8244 162
8245 131
8246 93
8247 143
8248 180
8249 265
8250 431
8251 138
8252 2
8253 80
8254 4
8255 297
8256 86
8257 173
8258 98
8259 302
8260 5
8261 113
8262 31
8263 77
8264 245
8265 8
8266 157
8267 79
8268 32
8269 131
8270 15
8271 162
8272 98
8273 99
8274 269
8275 80
8276 155
8277 51
8278 8
8279 86
8280 50
8281 144
8282 21
8283 86
8284 147
8285 131
8286 61
8287 99
8288 292
8289 34
8290 1456
8291 111
8292 254
8293 86
8294 122
8295 128
8296 39
8297 302
8298 158
8299 173
8300 162
8301 121
8302 34
8303 121
8304 376
8305 85
8306 48
8307 80
8308 48
8309 82
8310 23
8311 86
8312 121
8313 39
8314 152
8315 113
8316 136
8317 99
8318 78
8319 36
8320 99
8321 85
8322 132
8323 8
8324 298
8325 84
8326 136
8327 110
8328 32
8329 113
8330 85
8331 136
8332 8
8333 44
8334 23
8335 82
8336 8
8337 128
8338 90
8339 61
8340 162
8341 173
8342 21
8343 179
8344 26
8345 132
8346 280
8347 122
8348 173
8349 91
8350 48
8351 166
8352 39
8353 1457
8354 275
8355 61
8356 162
8357 152
8358 130
8359 8
8360 131
8361 108
8362 297
8363 166
8364 242
8365 273
8366 13
8367 108
8368 85
8369 144
8370 13
8371 162
8372 91
8373 24
8374 90
8375 41
8376 85
8377 336
8378 275
8379 99
8380 302
8381 82
8382 67
8383 152
8384 390
8385 181
8386 144
8387 152
8388 144
8389 1458
8390 31
8391 8
8392 85
8393 15
8394 254
8395 82
8396 51
8397 37
8398 24
8399 181
8400 173
8401 180
8402 13
8403 131
8404 122
8405 80
8406 13
8407 236
8408 226
8409 39
8410 27
8411 173
8412 144
8413 302
8414 173
8415 131
8416 128
8417 8
8418 27
8419 16
8420 31
8421 247
8422 274
8423 24
8424 112
8425 31
8426 236
8427 204
8428 112
8429 245
8430 155
8431 431
8432 269
8433 4
8434 2
8435 121
8436 131
8437 131
8438 23
8439 16
8440 111
8441 130
8442 16
8443 235
8444 50
8445 111
8446 129
8447 13
8448 79
8449 13
8450 155
8451 98
8452 27
8453 13
8454 27
8455 32
8456 51
8457 111
8458 10
8459 236
8460 253
8461 21
8462 173
8463 108
8464 91
8465 143
8466 173
8467 131
8468 13
8469 102
8470 96
8471 27
8472 10
8473 8
8474 27
8475 138
8476 80
8477 34
8478 253
8479 37
8480 204
8481 54
8482 99
8483 280
8484 13
8485 62
8486 77
8487 31
8488 219
8489 102
8490 287
8491 112
8492 207
8493 204
8494 34
8495 8
8496 80
8497 2
8498 98
8499 24
8500 21
8501 11
8502 147
8503 90
8504 99
8505 109
8506 297
8507 11
8508 13
8509 98
8510 162
8511 302
8512 431
8513 31
8514 118
8515 152
8516 121
8517 77
8518 48
8519 91
8520 298
8521 78
8522 130
8523 248
8524 21
8525 77
8526 273
8527 82
8528 128
8529 131
8530 265
8531 247
8532 138
8533 132
8534 23
8535 136
8536 121
8537 130
8538 79
8539 98
8540 166
8541 90
8542 155
8543 111
8544 399
8545 111
8546 15
8547 16
8548 108
8549 67
8550 113
8551 245
8552 274
8553 399
8554 376
8555 121
8556 247
8557 253
8558 41
8559 112
8560 31
8561 44
8562 32
8563 132
8564 130
8565 13
8566 132
8567 165
8568 130
8569 39
8570 138
8571 202
8572 64
8573 37
8574 253
8575 204
8576 132
8577 275
8578 214
8579 162
8580 79
8581 13
8582 36
8583 84
8584 15
8585 98
8586 8
8587 80
8588 90
8589 144
8590 136
8591 8
8592 13
8593 86
8594 136
8595 136
8596 80
8597 79
8598 86
8599 132
8600 90
8601 136
8602 99
8603 36
8604 11
8605 39
8606 51
8607 158
8608 23
8609 13
8610 80
8611 285
8612 131
8613 99
8614 48
8615 130
8616 8
8617 254
8618 34
8619 27
8620 122
8621 5
8622 8
8623 388
8624 106
8625 138
8626 80
8627 253
8628 173
8629 152
8630 32
8631 24
8632 131
8633 166
8634 108
8635 109
8636 136
8637 144
8638 13
8639 242
8640 274
8641 67
8642 108
8643 9
8644 16
8645 21
8646 44
8647 37
8648 62
8649 41
8650 77
8651 219
8652 50
8653 136
8654 136
8655 80
8656 257
8657 269
8658 107
8659 16
8660 110
8661 110
8662 298
8663 167
8664 269
8665 37
8666 23
8667 132
8668 276
8669 13
8670 130
8671 204
8672 225
8673 27
8674 130
8675 50
8676 147
8677 9
8678 136
8679 121
8680 113
8681 13
8682 82
8683 13
8684 31
8685 13
8686 131
8687 172
8688 155
8689 81
8690 130
8691 390
8692 90
8693 80
8694 136
8695 8
8696 5
8697 108
8698 96
8699 50
8700 27
8701 80
8702 91
8703 91
8704 129
8705 247
8706 108
8707 1459
8708 260
8709 134
8710 113
8711 265
8712 176
8713 147
8714 452
8715 136
8716 167
8717 144
8718 235
8719 280
8720 13
8721 108
8722 122
8723 265
8724 99
8725 235
8726 111
8727 91
8728 122
8729 201
8730 173
8731 162
8732 22
8733 37
8734 48
8735 108
8736 245
8737 91
8738 136
8739 155
8740 111
8741 143
8742 131
8743 79
8744 170
8745 173
8746 98
8747 16
8748 26
8749 273
8750 274
8751 80
8752 247
8753 483
8754 302
8755 108
8756 253
8757 105
8758 5
8759 50
8760 298
8761 21
8762 247
8763 112
8764 15
8765 131
8766 48
8767 31
8768 136
8769 16
8770 155
8771 128
8772 138
8773 86
8774 225
8775 54
8776 24
8777 130
8778 84
8779 131
8780 130
8781 166
8782 108
8783 13
8784 173
8785 48
8786 134
8787 32
8788 118
8789 155
8790 235
8791 173
8792 8
8793 178
8794 61
8795 24
8796 91
8797 157
8798 130
8799 139
8800 122
8801 21
8802 34
8803 44
8804 201
8805 265
8806 157
8807 8
8808 157
8809 226
8810 178
8811 204
8812 136
8813 155
8814 235
8815 15
8816 235
8817 13
8818 110
8819 136
8820 122
8821 85
8822 108
8823 36
8824 77
8825 248
8826 265
8827 204
8828 197
8829 130
8830 122
8831 285
8832 172
8833 31
8834 109
8835 225
8836 138
8837 13
8838 152
8839 91
8840 208
8841 170
8842 8
8843 22
8844 86
8845 90
8846 285
8847 23
8848 131
8849 130
8850 50
8851 44
8852 99
8853 99
8854 122
8855 147
8856 90
8857 273
8858 121
8859 48
8860 16
8861 297
8862 13
8863 13
8864 302
8865 24
8866 34
8867 147
8868 93
8869 85
8870 99
8871 48
8872 8
8873 176
8874 80
8875 136
8876 22
8877 86
8878 119
8879 91
8880 108
8881 204
8882 91
8883 41
8884 4
8885 431
8886 79
8887 132
8888 78
8889 136
8890 93
8891 130
8892 376
8893 167
8894 226
8895 113
8896 152
8897 5
8898 118
8899 1460
8900 236
8901 13
8902 108
8903 269
8904 86
8905 181
8906 31
8907 13
8908 269
8909 269
8910 274
8911 155
8912 155
8913 132
8914 50
8915 138
8916 8
8917 119
8918 128
8919 121
8920 91
8921 4
8922 31
8923 48
8924 59
8925 138
8926 102
8927 152
8928 129
8929 9
8930 162
8931 48
8932 173
8933 77
8934 113
8935 77
8936 105
8937 204
8938 77
8939 147
8940 136
8941 103
8942 82
8943 245
8944 23
8945 13
8946 8
8947 93
8948 136
8949 162
8950 1461
8951 48
8952 21
8953 90
8954 122
8955 44
8956 101
8957 13
8958 118
8959 132
8960 108
8961 162
8962 298
8963 166
8964 129
8965 39
8966 98
8967 21
8968 376
8969 8
8970 172
8971 147
8972 269
8973 13
8974 54
8975 253
8976 13
8977 101
8978 143
8979 79
8980 292
8981 155
8982 13
8983 242
8984 82
8985 122
8986 31
8987 16
8988 132
8989 119
8990 122
8991 103
8992 181
8993 136
8994 298
8995 13
8996 173
8997 132
8998 269
8999 21
9000 31
9001 85
9002 113
9003 13
9004 233
9005 280
9006 48
9007 204
9008 204
9009 2
9010 374
9011 98
9012 273
9013 136
9014 77
9015 79
9016 280
9017 158
9018 152
9019 270
9020 27
9021 13
9022 298
9023 102
9024 253
9025 85
9026 132
9027 245
9028 91
9029 122
9030 202
9031 287
9032 31
9033 88
9034 136
9035 77
9036 111
9037 32
9038 204
9039 79
9040 23
9041 131
9042 204
9043 96
9044 13
9045 162
9046 13
9047 172
9048 4
9049 155
9050 9
9051 4
9052 132
9053 130
9054 50
9055 136
9056 50
9057 204
9058 36
9059 280
9060 265
9061 8
9062 90
9063 91
9064 47
9065 155
9066 197
9067 180
9068 136
9069 88
9070 118
9071 236
9072 99
9073 23
9074 27
9075 207
9076 390
9077 16
9078 235
9079 111
9080 36
9081 90
9082 86
9083 136
9084 172
9085 130
9086 131
9087 162
9088 13
9089 31
9090 108
9091 77
9092 204
9093 91
9094 152
9095 130
9096 90
9097 376
9098 23
9099 80
9100 136
9101 107
9102 44
9103 64
9104 86
9105 23
9106 131
9107 86
9108 27
9109 79
9110 27
9111 41
9112 91
9113 50
9114 5
9115 147
9116 122
9117 287
9118 41
9119 431
9120 110
9121 108
9122 4
9123 64
9124 86
9125 131
9126 302
9127 201
9128 388
9129 13
9130 82
9131 202
9132 253
9133 158
9134 80
9135 130
9136 82
9137 80
9138 106
9139 129
9140 152
9141 86
9142 111
9143 179
9144 80
9145 108
9146 5
9147 13
9148 302
9149 8
9150 31
9151 101
9152 13
9153 275
9154 152
9155 9
9156 98
9157 144
9158 86
9159 13
9160 90
9161 13
9162 143
9163 166
9164 105
9165 113
9166 130
9167 90
9168 144
9169 136
9170 102
9171 298
9172 28
9173 31
9174 111
9175 204
9176 275
9177 5
9178 152
9179 13
9180 147
9181 5
9182 147
9183 108
9184 99
9185 173
9186 23
9187 152
9188 101
9189 8
9190 102
9191 67
9192 247
9193 82
9194 166
9195 225
9196 253
9197 155
9198 302
9199 204
9200 21
9201 235
9202 166
9203 50
9204 136
9205 260
9206 121
9207 80
9208 13
9209 41
9210 204
9211 98
9212 85
9213 204
9214 80
9215 388
9216 86
9217 134
9218 152
9219 13
9220 265
9221 122
9222 253
9223 136
9224 219
9225 8
9226 79
9227 91
9228 152
9229 67
9230 217
9231 9
9232 292
9233 41
9234 98
9235 41
9236 36
9237 26
9238 293
9239 102
9240 41
9241 269
9242 93
9243 132
9244 245
9245 122
9246 122
9247 166
9248 121
9249 79
9250 90
9251 138
9252 102
9253 86
9254 167
9255 16
9256 130
9257 48
9258 173
9259 34
9260 121
9261 162
9262 2
9263 154
9264 162
9265 80
9266 131
9267 130
9268 77
9269 136
9270 13
9271 21
9272 173
9273 24
9274 82
9275 170
9276 91
9277 112
9278 130
9279 21
9280 4
9281 143
9282 16
9283 166
9284 302
9285 37
9286 91
9287 108
9288 80
9289 85
9290 128
9291 130
9292 273
9293 253
9294 85
9295 84
9296 44
9297 275
9298 91
9299 80
9300 235
9301 27
9302 8
9303 179
9304 9
9305 119
9306 108
9307 162
9308 50
9309 64
9310 170
9311 77
9312 5
9313 130
9314 31
9315 431
9316 11
9317 112
9318 275
9319 82
9320 8
9321 121
9322 136
9323 173
9324 13
9325 136
9326 298
9327 108
9328 62
9329 147
9330 131
9331 191
9332 13
9333 173
9334 273
9335 162
9336 90
9337 13
9338 54
9339 27
9340 34
9341 39
9342 298
9343 204
9344 131
9345 13
9346 26
9347 90
9348 131
9349 265
9350 147
9351 233
9352 13
9353 13
9354 91
9355 80
9356 227
9357 50
9358 130
9359 179
9360 119
9361 157
9362 24
9363 80
9364 85
9365 129
9366 41
9367 34
9368 253
9369 79
9370 102
9371 173
9372 129
9373 13
9374 111
9375 138
9376 170
9377 145
9378 131
9379 9
9380 287
9381 119
9382 299
9383 253
9384 143
9385 44
9386 67
9387 13
9388 235
9389 166
9390 24
9391 13
9392 86
9393 10
9394 4
9395 34
9396 173
9397 25
9398 27
9399 253
9400 477
9401 50
9402 274
9403 112
9404 138
9405 152
9406 108
9407 31
9408 13
9409 108
9410 179
9411 204
9412 50
9413 136
9414 80
9415 265
9416 31
9417 136
9418 217
9419 5
9420 119
9421 130
9422 77
9423 8
9424 79
9425 99
9426 247
9427 247
9428 152
9429 48
9430 39
9431 85
9432 247
9433 254
9434 32
9435 31
9436 157
9437 111
9438 152
9439 162
9440 298
9441 166
9442 86
9443 168
9444 27
9445 105
9446 181
9447 108
9448 201
9449 399
9450 91
9451 108
9452 4
9453 110
9454 130
9455 8
9456 287
9457 253
9458 36
9459 90
9460 27
9461 13
9462 245
9463 110
9464 8
9465 99
9466 106
9467 8
9468 2
9469 253
9470 4
9471 32
9472 31
9473 170
9474 108
9475 225
9476 13
9477 8
9478 136
9479 82
9480 136
9481 202
9482 275
9483 80
9484 180
9485 154
9486 376
9487 166
9488 80
9489 36
9490 79
9491 113
9492 287
9493 170
9494 108
9495 176
9496 280
9497 107
9498 98
9499 41
9500 23
9501 147
9502 152
9503 173
9504 121
9505 8
9506 132
9507 152
9508 41
9509 144
9510 274
9511 180
9512 136
9513 8
9514 280
9515 8
9516 136
9517 121
9518 122
9519 5
9520 247
9521 71
9522 122
9523 31
9524 8
9525 247
9526 132
9527 8
9528 155
9529 157
9530 110
9531 399
9532 136
9533 173
9534 132
9535 48
9536 102
9537 44
9538 13
9539 44
9540 8
9541 275
9542 176
9543 82
9544 181
9545 93
9546 298
9547 131
9548 248
9549 235
9550 108
9551 82
9552 287
9553 110
9554 155
9555 23
9556 101
9557 22
9558 132
9559 136
9560 37
9561 27
9562 122
9563 110
9564 130
9565 80
9566 109
9567 128
9568 24
9569 31
9570 302
9571 22
9572 13
9573 23
9574 13
9575 253
9576 292
9577 157
9578 302
9579 118
9580 98
9581 128
9582 225
9583 113
9584 173
9585 85
9586 113
9587 44
9588 13
9589 13
9590 165
9591 253
9592 27
9593 253
9594 178
9595 152
9596 297
9597 122
9598 34
9599 131
9600 34
9601 102
9602 143
9603 204
9604 34
9605 27
9606 204
9607 254
9608 219
9609 79
9610 37
9611 162
9612 167
9613 93
9614 112
9615 173
9616 122
9617 374
9618 136
9619 98
9620 112
9621 109
9622 204
9623 36
9624 130
9625 132
9626 4
9627 41
9628 5
9629 102
9630 13
9631 82
9632 39
9633 157
9634 225
9635 27
9636 80
9637 11
9638 106
9639 152
9640 132
9641 103
9642 130
9643 8
9644 13
9645 86
9646 143
9647 119
9648 108
9649 108
9650 132
9651 111
9652 24
9653 274
9654 269
9655 109
9656 166
9657 122
9658 8
9659 80
9660 67
9661 36
9662 253
9663 48
9664 79
9665 131
9666 254
9667 122
9668 98
9669 102
9670 31
9671 176
9672 50
9673 67
9674 275
9675 9
9676 108
9677 80
9678 111
9679 24
9680 136
9681 172
9682 136
9683 130
9684 91
9685 86
9686 27
9687 155
9688 93
9689 13
9690 91
9691 162
9692 4
9693 297
9694 170
9695 9
9696 79
9697 23
9698 269
9699 162
9700 24
9701 191
9702 191
9703 265
9704 85
9705 204
9706 132
9707 162
9708 253
9709 9
9710 11
9711 51
9712 32
9713 131
9714 90
9715 166
9716 108
9717 21
9718 138
9719 48
9720 191
9721 99
9722 1462
9723 51
9724 201
9725 298
9726 21
9727 253
9728 233
9729 8
9730 79
9731 80
9732 234
9733 119
9734 108
9735 8
9736 254
9737 28
9738 21
9739 155
9740 248
9741 201
9742 214
9743 13
9744 13
9745 99
9746 13
9747 102
9748 13
9749 130
9750 162
9751 118
9752 13
9753 37
9754 28
9755 91
9756 28
9757 13
9758 162
9759 98
9760 260
9761 37
9762 88
9763 130
9764 122
9765 91
9766 204
9767 108
9768 36
9769 122
9770 77
9771 166
9772 80
9773 108
9774 90
9775 79
9776 32
9777 110
9778 136
9779 9
9780 21
9781 132
9782 80
9783 121
9784 157
9785 91
9786 85
9787 143
9788 136
9789 166
9790 152
9791 121
9792 80
9793 147
9794 254
9795 23
9796 265
9797 173
9798 235
9799 54
9800 79
9801 131
9802 79
9803 2
9804 29
9805 23
9806 39
9807 9
9808 247
9809 464
9810 50
9811 152
9812 50
9813 31
9814 147
9815 82
9816 13
9817 122
9818 250
9819 275
9820 152
9821 112
9822 226
9823 80
9824 24
9825 131
9826 207
9827 77
9828 39
9829 132
9830 152
9831 274
9832 155
9833 36
9834 292
9835 77
9836 316
9837 253
9838 399
9839 109
9840 122
9841 236
9842 8
9843 155
9844 136
9845 265
9846 61
9847 297
9848 38
9849 32
9850 51
9851 253
9852 24
9853 128
9854 13
9855 32
9856 181
9857 143
9858 122
9859 99
9860 113
9861 13
9862 136
9863 91
9864 31
9865 98
9866 166
9867 80
9868 26
9869 111
9870 15
9871 82
9872 86
9873 155
9874 16
9875 99
9876 113
9877 176
9878 226
9879 152
9880 39
9881 245
9882 36
9883 11
9884 26
9885 131
9886 36
9887 79
9888 27
9889 162
9890 128
9891 84
9892 8
9893 152
9894 32
9895 254
9896 204
9897 253
9898 23
9899 298
9900 48
9901 170
9902 79
9903 121
9904 274
9905 50
9906 111
9907 13
9908 132
9909 247
9910 147
9911 170
9912 245
9913 172
9914 41
9915 172
9916 269
9917 85
9918 50
9919 162
9920 91
9921 2
9922 287
9923 254
9924 302
9925 103
9926 13
9927 8
9928 138
9929 144
9930 118
9931 15
9932 13
9933 122
9934 132
9935 108
9936 122
9937 98
9938 137
9939 131
9940 23
9941 173
9942 152
9943 98
9944 102
9945 298
9946 118
9947 11
9948 247
9949 47
9950 10
9951 292
9952 61
9953 103
9954 275
9955 101
9956 9
9957 8
9958 2
9959 172
9960 8
9961 82
9962 34
9963 275
9964 41
9965 130
9966 121
9967 130
9968 136
9969 4
9970 152
9971 13
9972 37
9973 143
9974 108
9975 162
9976 8
9977 34
9978 253
9979 287
9980 13
9981 31
9982 11
9983 136
9984 147
9985 191
9986 236
9987 131
9988 399
9989 131
9990 253
9991 36
9992 108
9993 24
9994 108
9995 26
9996 39
9997 50
9998 9
9999 225
10000 162
10001 121
10002 13
10003 523
10004 274
10005 98
10006 147
10007 131
10008 67
10009 85
10010 90
10011 102
10012 152
10013 44
10014 165
10015 108
10016 152
10017 269
10018 21
10019 265
10020 181
10021 138
10022 132
10023 39
10024 108
10025 132
10026 204
10027 108
10028 105
10029 166
10030 204
10031 80
10032 131
10033 162
10034 41
10035 131
10036 23
10037 165
10038 122
10039 86
10040 34
10041 235
10042 13
10043 112
10044 134
10045 80
10046 31
10047 15
10048 41
10049 119
10050 86
10051 67
10052 136
10053 31
10054 86
10055 108
10056 27
10057 80
10058 82
10059 273
10060 131
10061 111
10062 155
10063 253
10064 131
10065 113
10066 91
10067 91
10068 173
10069 132
10070 287
10071 85
10072 143
10073 152
10074 8
10075 37
10076 21
10077 167
10078 8
10079 113
10080 80
10081 109
10082 32
10083 79
10084 50
10085 31
10086 13
10087 80
10088 31
10089 108
10090 23
10091 143
10092 130
10093 37
10094 131
10095 136
10096 108
10097 50
10098 113
10099 178
10100 119
10101 130
10102 302
10103 54
10104 82
10105 292
10106 207
10107 119
10108 299
10109 27
10110 22
10111 32
10112 13
10113 112
10114 155
10115 86
10116 31
10117 136
10118 270
10119 132
10120 110
10121 254
10122 50
10123 109
10124 90
10125 121
10126 102
10127 102
10128 39
10129 173
10130 84
10131 257
10132 37
10133 113
10134 23
10135 44
10136 77
10137 4
10138 32
10139 129
10140 86
10141 270
10142 82
10143 16
10144 136
10145 80
10146 173
10147 119
10148 108
10149 96
10150 162
10151 4
10152 86
10153 110
10154 108
10155 91
10156 24
10157 61
10158 136
10159 91
10160 152
10161 128
10162 32
10163 91
10164 85
10165 275
10166 31
10167 23
10168 287
10169 24
10170 84
10171 131
10172 91
10173 173
10174 108
10175 162
10176 82
10177 131
10178 39
10179 13
10180 27
10181 155
10182 31
10183 21
10184 79
10185 13
10186 34
10187 79
10188 85
10189 136
10190 80
10191 51
10192 86
10193 162
10194 269
10195 10
10196 145
10197 176
10198 168
10199 2
10200 207
10201 158
10202 13
10203 179
10204 131
10205 166
10206 50
10207 106
10208 152
10209 90
10210 9
10211 245
10212 86
10213 144
10214 32
10215 131
10216 79
10217 131
10218 204
10219 118
10220 15
10221 130
10222 13
10223 32
10224 162
10225 191
10226 131
10227 8
10228 122
10229 9
10230 136
10231 253
10232 136
10233 233
10234 16
10235 98
10236 80
10237 16
10238 91
10239 78
10240 136
10241 152
10242 91
10243 107
10244 202
10245 157
10246 41
10247 130
10248 162
10249 32
10250 130
10251 118
10252 67
10253 108
10254 23
10255 79
10256 13
10257 50
10258 27
10259 130
10260 88
10261 15
10262 27
10263 121
10264 31
10265 82
10266 8
10267 464
10268 247
10269 235
10270 98
10271 50
10272 173
10273 166
10274 119
10275 248
10276 390
10277 202
10278 8
10279 157
10280 235
10281 110
10282 23
10283 236
10284 85
10285 31
10286 143
10287 131
10288 11
10289 108
10290 130
10291 80
10292 50
10293 131
10294 166
10295 21
10296 173
10297 265
10298 21
10299 247
10300 275
10301 121
10302 191
10303 4
10304 34
10305 13
10306 31
10307 200
10308 269
10309 5
10310 121
10311 32
10312 136
10313 111
10314 136
10315 80
10316 144
10317 147
10318 390
10319 170
10320 8
10321 93
10322 320
10323 136
10324 86
10325 80
10326 152
10327 108
10328 109
10329 254
10330 27
10331 143
10332 27
10333 21
10334 245
10335 247
10336 130
10337 102
10338 253
10339 130
10340 37
10341 48
10342 131
10343 131
10344 108
10345 8
10346 302
10347 390
10348 67
10349 152
10350 50
10351 47
10352 1463
10353 253
10354 1464
10355 121
10356 34
10357 11
10358 113
10359 90
10360 27
10361 21
10362 287
10363 98
10364 394
10365 225
10366 273
10367 44
10368 91
10369 129
10370 170
10371 80
10372 90
10373 54
10374 269
10375 302
10376 79
10377 292
10378 9
10379 102
10380 91
10381 204
10382 333
10383 136
10384 88
10385 130
10386 39
10387 269
10388 236
10389 155
10390 50
10391 121
10392 136
10393 27
10394 176
10395 38
10396 166
10397 109
10398 204
10399 130
10400 130
10401 39
10402 128
10403 138
10404 119
10405 77
10406 204
10407 173
10408 13
10409 147
10410 464
10411 248
10412 91
10413 27
10414 82
10415 269
10416 172
10417 132
10418 32
10419 197
10420 162
10421 287
10422 247
10423 8
10424 34
10425 9
10426 118
10427 27
10428 105
10429 108
10430 80
10431 51
10432 4
10433 102
10434 134
10435 162
10436 204
10437 32
10438 113
10439 113
10440 13
10441 13
10442 31
10443 297
10444 302
10445 44
10446 285
10447 37
10448 162
10449 167
10450 34
10451 4
10452 80
10453 16
10454 130
10455 91
10456 136
10457 128
10458 207
10459 162
10460 23
10461 274
10462 98
10463 5
10464 275
10465 27
10466 131
10467 86
10468 10
10469 70
10470 91
10471 131
10472 178
10473 236
10474 105
10475 80
10476 1465
10477 10
10478 8
10479 48
10480 16
10481 236
10482 32
10483 250
10484 477
10485 98
10486 8
10487 27
10488 108
10489 285
10490 158
10491 16
10492 119
10493 298
10494 131
10495 144
10496 101
10497 147
10498 85
10499 119
10500 242
10501 108
10502 101
10503 27
10504 15
10505 31
10506 85
10507 44
10508 77
10509 173
10510 105
10511 152
10512 234
10513 122
10514 292
10515 15
10516 36
10517 176
10518 136
10519 147
10520 130
10521 109
10522 131
10523 136
10524 21
10525 275
10526 13
10527 24
10528 225
10529 269
10530 204
10531 8
10532 131
10533 118
10534 113
10535 173
10536 32
10537 280
10538 31
10539 22
10540 31
10541 2
10542 109
10543 86
10544 155
10545 34
10546 254
10547 207
10548 136
10549 122
10550 27
10551 80
10552 132
10553 90
10554 162
10555 41
10556 93
10557 8
10558 107
10559 91
10560 122
10561 162
10562 8
10563 16
10564 118
10565 131
10566 50
10567 131
10568 80
10569 128
10570 204
10571 24
10572 13
10573 122
10574 86
10575 67
10576 15
10577 44
10578 27
10579 82
10580 80
10581 122
10582 157
10583 62
10584 292
10585 390
10586 113
10587 77
10588 106
10589 31
10590 270
10591 79
10592 13
10593 111
10594 178
10595 431
10596 85
10597 132
10598 122
10599 207
10600 80
10601 91
10602 138
10603 275
10604 39
10605 90
10606 134
10607 79
10608 173
10609 91
10610 15
10611 13
10612 179
10613 269
10614 13
10615 143
10616 48
10617 13
10618 85
10619 77
10620 170
10621 13
10622 152
10623 132
10624 219
10625 285
10626 37
10627 285
10628 82
10629 79
10630 26
10631 79
10632 109
10633 144
10634 39
10635 80
10636 77
10637 131
10638 4
10639 31
10640 144
10641 16
10642 128
10643 173
10644 91
10645 147
10646 31
10647 48
10648 269
10649 128
10650 431
10651 131
10652 91
10653 139
10654 179
10655 129
10656 181
10657 85
10658 112
10659 99
10660 107
10661 86
10662 98
10663 128
10664 138
10665 9
10666 130
10667 170
10668 84
10669 155
10670 48
10671 13
10672 219
10673 274
10674 129
10675 122
10676 90
10677 235
10678 170
10679 178
10680 235
10681 121
10682 23
10683 85
10684 242
10685 11
10686 5
10687 48
10688 180
10689 105
10690 122
10691 170
10692 147
10693 152
10694 31
10695 170
10696 50
10697 167
10698 155
10699 132
10700 399
10701 113
10702 105
10703 292
10704 8
10705 51
10706 91
10707 13
10708 44
10709 9
10710 4
10711 131
10712 165
10713 13
10714 145
10715 233
10716 170
10717 90
10718 44
10719 269
10720 16
10721 4
10722 48
10723 113
10724 13
10725 336
10726 136
10727 80
10728 13
10729 113
10730 269
10731 34
10732 130
10733 108
10734 166
10735 128
10736 170
10737 108
10738 90
10739 152
10740 21
10741 64
10742 61
10743 84
10744 54
10745 298
10746 285
10747 235
10748 136
10749 276
10750 80
10751 226
10752 130
10753 245
10754 9
10755 130
10756 26
10757 91
10758 270
10759 122
10760 5
10761 98
10762 173
10763 8
10764 110
10765 180
10766 131
10767 233
10768 131
10769 81
10770 48
10771 80
10772 31
10773 147
10774 67
10775 86
10776 9
10777 91
10778 44
10779 376
10780 152
10781 162
10782 178
10783 136
10784 51
10785 113
10786 23
10787 155
10788 108
10789 98
10790 157
10791 16
10792 13
10793 108
10794 276
10795 136
10796 13
10797 21
10798 82
10799 152
10800 10
10801 247
10802 254
10803 292
10804 119
10805 145
10806 121
10807 152
10808 31
10809 242
10810 98
10811 143
10812 477
10813 247
10814 91
10815 9
10816 23
10817 79
10818 82
10819 5
10820 394
10821 233
10822 106
10823 207
10824 108
10825 27
10826 173
10827 108
10828 178
10829 80
10830 13
10831 37
10832 154
10833 39
10834 147
10835 134
10836 23
10837 85
10838 165
10839 16
10840 136
10841 144
10842 31
10843 108
10844 51
10845 21
10846 162
10847 110
10848 15
10849 32
10850 145
10851 15
10852 108
10853 113
10854 197
10855 302
10856 130
10857 91
10858 61
10859 82
10860 16
10861 119
10862 37
10863 253
10864 333
10865 202
10866 91
10867 80
10868 158
10869 37
10870 298
10871 77
10872 280
10873 147
10874 50
10875 173
10876 152
10877 173
10878 113
10879 77
10880 27
10881 37
10882 77
10883 431
10884 32
10885 8
10886 225
10887 82
10888 32
10889 51
10890 31
10891 90
10892 136
10893 41
10894 122
10895 91
10896 91
10897 129
10898 110
10899 21
10900 111
10901 84
10902 297
10903 273
10904 32
10905 77
10906 13
10907 8
10908 31
10909 79
10910 247
10911 34
10912 41
10913 86
10914 170
10915 122
10916 91
10917 399
10918 155
10919 131
10920 31
10921 155
10922 13
10923 248
10924 86
10925 32
10926 48
10927 235
10928 236
10929 13
10930 91
10931 48
10932 122
10933 269
10934 226
10935 107
10936 108
10937 9
10938 207
10939 99
10940 21
10941 99
10942 48
10943 173
10944 130
10945 181
10946 172
10947 207
10948 91
10949 204
10950 98
10951 247
10952 292
10953 136
10954 91
10955 155
10956 13
10957 108
10958 441
10959 15
10960 191
10961 136
10962 245
10963 136
10964 79
10965 147
10966 346
10967 130
10968 275
10969 79
10970 170
10971 130
10972 36
10973 86
10974 129
10975 21
10976 82
10977 86
10978 136
10979 88
10980 21
10981 9
10982 15
10983 4
10984 269
10985 162
10986 201
10987 152
10988 254
10989 39
10990 51
10991 91
10992 129
10993 50
10994 155
10995 208
10996 202
10997 37
10998 235
10999 86
11000 2
11001 152
11002 8
11003 245
11004 82
11005 121
11006 204
11007 44
11008 204
11009 178
11010 23
11011 121
11012 22
11013 90
11014 166
11015 152
11016 38
11017 24
11018 80
11019 108
11020 84
11021 162
11022 302
11023 91
11024 131
11025 128
11026 61
11027 16
11028 158
11029 31
11030 16
11031 207
11032 24
11033 152
11034 48
11035 86
11036 86
11037 144
11038 399
11039 202
11040 265
11041 91
11042 172
11043 79
11044 78
11045 8
11046 80
11047 132
11048 361
11049 32
11050 11
11051 11
11052 10
11053 131
11054 36
11055 274
11056 178
11057 85
11058 11
11059 39
11060 8
11061 247
11062 82
11063 31
11064 176
11065 292
11066 179
11067 21
11068 173
11069 64
11070 101
11071 299
11072 13
11073 431
11074 34
11075 269
11076 50
11077 270
11078 162
11079 113
11080 130
11081 98
11082 8
11083 8
11084 191
11085 136
11086 48
11087 121
11088 48
11089 131
11090 118
11091 131
11092 285
11093 121
11094 302
11095 138
11096 119
11097 32
11098 36
11099 8
11100 5
11101 48
11102 233
11103 108
11104 80
11105 119
11106 132
11107 15
11108 204
11109 179
