10882 933
9373 809
623 612
7656 629
8945 809
1636 809
4141 809
1886 935
3722 809
9111 629
11071 938
8551 937
1253 938
1344 938
7622 809
9261 9
10440 809
835 933
891 938
239 938
8369 629
10893 629
384 9
2559 938
9499 629
318 938
5552 629
9179 809
5007 938
7361 933
4307 933
1649 933
953 933
5226 809
11037 629
3242 938
11090 9
4471 809
9023 938
354 938
1159 938
1526 809
10587 933
6380 629
4036 938
9644 809
9035 933
1368 809
9238 629
6728 937
659 933
3803 618
4214 629
6341 809
10196 943
3892 938
6187 809
5564 809
168 629
2123 933
8943 937
6057 933
7146 933
9387 809
2307 943
2927 945
7186 809
6970 809
5660 616
4076 938
4182 938
1243 933
9538 809
10379 947
3008 809
6146 809
9770 933
5680 809
3693 938
5455 629
8525 933
4813 937
3338 809
10850 943
2396 938
10042 809
4524 809
10929 809
8907 809
7932 809
5710 620
4989 938
4712 1044
10905 933
2148 938
1562 938
2700 629
9748 809
8898 9
9147 809
3855 809
7398 629
6555 938
3215 629
3158 938
7822 612
6182 937
6033 809
708 943
1443 933
4001 937
8281 629
7895 809
1395 629
1173 933
6676 809
5864 809
9827 933
9743 809
2057 12
7160 809
7620 933
8637 629
2457 809
1838 938
3195 809
2009 809
2222 809
3022 809
6000 809
5137 938
8129 616
8107 809
5215 629
5326 809
4680 809
1514 937
1705 933
4602 938
10728 809
1843 933
4504 809
3113 943
4313 938
10962 614
9152 809
4959 809
6304 629
8935 933
5640 629
9209 629
5486 809
6007 1045
7468 937
9256 952
5247 937
6701 937
3362 809
6720 933
7445 933
9311 933
7907 933
5164 938
5227 809
9027 937
3611 933
6217 809
5625 933
3240 629
6395 809
392 953
3551 629
1628 612
5950 935
1422 938
8449 809
9816 809
8483 938
8938 933
959 937
6239 809
6207 933
4198 809
5832 809
2761 809
3987 937
1263 1046
3201 933
3925 809
9732 1047
4745 938
4719 937
9881 937
5260 809
2977 938
5148 809
2813 938
10714 943
8683 809
10526 809
3900 809
5886 809
8370 809
2070 938
10211 945
10671 809
10495 629
3021 938
4058 937
5162 933
8117 943
6070 809
10108 933
6618 809
8453 809
348 938
8468 809
8094 937
5599 612
1621 809
2815 809
6636 809
7659 16
5868 809
8736 612
3692 809
10555 629
9244 937
4298 809
10405 933
2736 938
6786 933
4621 933
7236 629
2257 809
960 937
2327 938
6474 809
690 629
8817 809
8517 933
4894 809
1511 809
6083 9
7977 809
7582 809
1276 809
4273 809
5102 809
7810 933
9044 809
4055 933
2111 938
5082 938
9926 809
8235 958
8973 809
9033 809
3297 629
1733 809
6175 9
5062 938
283 933
8201 809
3313 809
3102 629
3119 938
6824 938
1769 935
2839 938
729 933
8484 809
8508 809
8933 933
1759 1048
4314 937
2367 809
2162 809
4960 938
4477 934
1587 809
5638 809
10256 809
7615 809
6619 933
6711 933
7479 809
10408 809
7320 809
2564 938
8242 612
6155 9
8406 809
5901 809
6856 938
3536 809
3958 938
4897 809
3836 938
9332 809
3589 809
2158 938
7190 809
1879 809
4277 629
5136 933
3685 1049
2610 809
1903 809
9337 809
6289 937
8366 809
3167 809
175 943
1169 809
5240 795
10537 938
6539 933
8486 933
8982 809
5238 809
6835 809
7745 933
161 933
1585 937
10219 935
4747 809
1210 809
9980 809
4230 933
5235 938
1053 809
1933 629
5418 809
4138 809
9462 937
848 618
5188 938
7792 809
8412 629
3868 938
8638 809
6617 629
7189 933
6695 933
6232 809
4916 938
9930 9
8609 809
7161 938
5480 809
8862 809
265 958
10912 629
5560 809
5224 809
2994 809
2300 809
4033 809
8650 933
4396 938
10621 809
7886 809
1666 809
1681 933
9233 629
7467 943
6287 809
10508 933
5388 933
8264 937
2518 809
10805 943
4542 629
8720 809
5069 809
3459 938
2863 937
1698 809
2483 933
2124 612
1491 809
1868 12
4337 12
2424 809
922 938
5501 809
5769 933
983 629
10906 809
6909 629
11003 937
9003 809
2482 809
11072 809
9268 933
3266 943
1800 809
3602 809
4884 804
9353 809
7738 809
2399 933
2503 938
8669 809
5766 809
6153 933
4526 938
5362 809
10879 933
7542 809
7162 809
4753 809
4085 629
4344 809
3780 809
1605 938
7565 809
10185 809
4836 809
7171 933
3437 809
8565 809
9514 938
7858 809
9382 933
2536 809
6119 809
1976 1050
7731 958
8097 809
1292 938
9375 938
2936 809
2494 958
3777 947
8958 9
8078 809
2647 809
3066 933
10316 629
7229 933
6858 937
3534 809
7846 931
5107 935
9508 629
1357 809
3301 809
10202 809
5077 935
2405 933
1822 809
1834 809
9746 809
9219 809
2821 809
3199 629
5453 809
2022 931
3758 938
294 938
7941 809
6997 937
6622 629
1452 629
6503 933
9270 809
6411 809
3566 937
7175 933
972 629
8346 937
10724 809
6584 809
9461 809
3531 809
1589 809
10592 809
9907 809
4647 809
5468 933
2504 809
9088 809
3456 937
9589 809
4483 809
2663 809
10979 809
6805 629
7757 809
3392 938
10611 809
6006 629
81 938
2359 629
9208 809
4209 952
3438 938
264 943
2590 809
3702 933
3961 938
1972 809
8719 937
441 937
5812 809
10871 933
10796 809
2517 804
3653 809
3204 933
7191 804
1396 933
2524 938
4187 809
5173 937
6660 809
10753 937
2168 809
7027 937
1279 953
6819 809
6147 933
9014 933
1995 938
3841 933
3839 938
3232 809
5087 952
7555 958
1859 809
910 938
4309 938
5024 629
8343 937
5591 809
8229 809
9496 938
4903 629
10707 809
5403 809
7425 933
7325 629
2687 629
9345 809
1638 938
3565 933
5318 809
6752 612
5076 809
6069 938
911 938
6809 618
6865 809
1110 809
7903 933
2937 809
5548 809
1313 933
3347 933
10136 933
83 933
661 938
8095 933
4588 937
1516 809
7327 933
3775 938
5759 12
6592 809
3064 809
4455 933
6263 933
826 938
3381 809
9194 931
5301 938
5568 612
8592 809
2827 937
3230 809
9757 809
8824 933
2028 809
1646 9
6836 612
8388 629
8429 937
2110 938
4734 809
3074 809
7938 809
2652 809
6914 931
10619 933
2502 938
6678 9
7200 809
8685 809
9630 809
1406 809
852 933
7877 809
26 938
4601 809
9069 1051
1039 938
8447 809
9159 809
4116 952
2163 938
10179 809
1273 809
710 629
5231 809
9352 809
6521 629
3339 809
3505 933
7507 809
3698 933
9912 937
5971 809
4509 809
9835 933
2571 938
10002 809
2828 943
3317 809
5662 933
10633 629
7022 937
3713 809
6710 809
7475 809
3809 809
7802 1052
7786 809
1309 12
7902 809
10533 9
6059 809
3608 629
1218 809
9377 943
5023 809
115 938
2254 938
3532 938
6107 798
9021 809
2086 629
143 9
9091 933
9046 809
6515 809
4287 938
3577 938
7716 938
5354 809
4208 629
9861 809
8263 933
5036 809
10636 933
1864 809
9558 1053
7292 958
6116 629
1433 809
1975 809
1881 809
1749 943
9422 933
6983 809
2273 938
1573 809
1691 629
3351 809
3386 809
1120 809
10830 809
3835 809
6154 809
10792 809
2755 938
2902 938
589 938
6702 809
5665 809
6412 612
494 1054
3146 9
5734 809
4926 616
