8372 511
10355 512
6047 513
9895 514
9791 515
57 516
1640 514
9566 519
2925 36
7804 518
8140 519
9112 520
10412 521
1366 520
8516 512
4446 511
5015 523
10895 520
6167 49
1175 520
7493 520
686 524
10916 520
7974 511
3321 36
4722 627
10001 515
10601 511
457 523
6778 36
5830 519
10123 519
3932 20
7055 524
8145 515
3303 511
10558 514
199 512
6812 510
3298 510
7871 510
6218 511
6454 520
8816 523
158 511
2560 518
4159 516
7373 510
10375 524
9966 515
9903 515
9785 511
6079 511
2024 519
3270 524
7811 36
9783 515
7201 519
2125 512
9126 524
3385 524
78 519
2027 510
6504 524
4847 515
791 511
7380 628
5732 515
3935 520
120 514
6353 515
9354 524
7439 520
5619 529
8858 515
6488 523
6366 511
10172 520
6374 524
7702 523
10988 514
8718 523
1599 519
6004 514
1338 512
9286 529
7358 36
2443 511
4250 519
2050 514
1710 520
8796 511
8464 520
7071 510
2223 510
4220 529
1647 510
5570 30
3988 524
8435 515
5583 510
5626 524
8312 515
5174 523
4678 514
4042 511
3123 30
4189 515
1119 514
6330 520
6302 523
801 514
5117 30
6721 514
10159 520
3712 520
2866 510
2699 513
10546 514
5746 514
3743 529
8790 523
4239 510
6091 510
487 536
7313 515
1677 519
10644 524
5217 518
8651 36
1590 515
6986 510
881 522
7768 515
9198 524
10380 511
5588 510
6961 515
9839 519
562 510
8303 512
3335 515
7958 515
628 523
658 536
1990 523
38 536
593 536
4789 515
4941 520
8086 520
10391 512
3804 510
1740 556
8702 511
1530 523
10652 520
9321 515
8519 520
10777 520
3029 520
10243 514
4430 514
1973 520
9300 519
139 515
4762 36
10681 515
4493 520
412 523
6441 515
4256 523
10930 520
10948 520
11039 510
1631 538
10677 523
1979 514
1715 519
5681 513
8882 511
3309 538
1734 514
2409 523
1471 515
4093 30
6132 516
3496 510
7832 514
10121 514
8238 510
9836 529
8173 520
5651 514
3345 520
7523 520
1160 515
2574 529
3579 36
1153 520
10329 514
10238 518
3180 520
6764 523
4844 523
1872 36
4851 30
7390 510
2625 519
9248 515
5258 541
4679 511
9570 524
9504 515
666 524
9517 515
7674 514
6451 520
10747 523
7078 500
2631 518
4931 514
2659 515
8349 520
4166 520
4988 510
6767 510
10927 519
3139 514
8864 524
1098 510
9276 511
7581 515
3188 512
880 524
4786 523
4935 511
1019 523
5253 520
8413 511
11022 524
6538 514
10242 520
8879 524
10896 520
79 514
6583 515
5382 524
10866 511
10865 510
5427 524
10958 538
5321 543
8723 20
77 515
7024 523
8505 519
3986 36
1058 629
9549 49
8711 20
1271 520
5576 519
4247 524
7305 520
8301 515
7011 543
6041 519
5391 520
10757 529
8241 524
6188 520
7824 523
9690 511
1748 529
7617 520
3114 520
5936 523
5151 520
7849 541
8020 520
6410 512
8488 36
1408 524
3054 520
4613 515
6443 521
9078 523
2026 516
4362 529
3510 520
2759 523
4454 519
9755 520
10244 510
10041 523
3333 520
7560 523
4502 515
6141 520
1917 520
10855 524
3763 523
4450 512
2310 518
4948 520
3310 515
7498 512
6201 37
6916 523
5944 524
4919 523
10368 520
1924 523
6491 523
7142 519
4210 524
5233 515
5307 500
6769 520
1315 524
1429 520
1597 523
6765 36
1426 519
7613 630
6174 519
3070 524
10102 524
4347 30
9666 514
7701 631
7694 511
7334 36
10935 514
334 536
10444 524
9131 510
592 536
1278 519
4020 523
5019 36
5255 524
10081 519
8919 515
9924 524
9201 556
9093 529
2817 520
10802 514
176 523
6111 524
3253 632
1537 520
10346 524
2366 524
6736 524
6771 519
5484 514
586 523
7519 514
5969 529
4699 512
10301 515
1198 511
6745 514
2289 510
8658 514
5541 520
5700 515
2180 524
8703 511
4462 524
2196 36
8136 520
6356 520
20 520
10991 524
3647 513
9760 516
6946 514
988 523
1258 510
7972 520
3601 519
4429 524
8202 511
5270 510
311 510
1242 520
1566 511
767 536
4636 524
10632 519
7587 36
477 523
8028 36
2792 30
2999 510
7541 520
2651 30
9794 514
8737 520
1205 536
2718 512
10455 529
6998 523
2845 20
926 510
1936 520
1914 523
6312 633
2534 510
3805 524
5186 510
501 510
8193 523
10155 520
883 520
2132 513
5327 511
4691 519
847 524
4472 524
9798 523
6708 510
10996 510
1741 523
9497 514
7830 520
8536 515
10542 519
3065 518
2345 634
10814 520
9030 510
11005 515
2380 20
8814 523
1446 36
8297 524
8555 515
10672 500
10624 36
1679 520
2757 511
10941 635
6929 511
10609 524
5289 520
8148 514
587 536
4004 514
8259 524
8920 520
4950 511
1866 520
3371 516
4561 520
8839 520
9227 518
5392 515
2737 520
4215 520
2295 519
7283 512
707 536
3124 529
9433 514
9148 636
2157 511
5138 520
6693 520
9450 520
6157 36
873 637
5866 511
5422 520
7497 511
6267 512
7673 524
3720 515
2833 511
6957 519
9765 520
5702 514
483 514
3445 524
4296 512
8511 518
6582 514
6177 523
6176 524
8059 520
4649 510
2244 518
11023 520
9736 514
1302 512
8617 514
8380 524
5438 520
8727 511
7126 514
2324 511
1135 536
11041 520
2916 515
6641 511
10857 529
4495 523
6907 638
11093 515
9101 514
7564 514
2882 639
2806 524
4576 510
7036 524
9206 515
3923 511
6958 515
8005 514
5056 510
10660 514
8063 519
7465 515
10559 529
10269 523
7170 500
10067 524
1277 524
6085 20
7939 511
7510 523
11091 513
8485 556
5434 514
9224 36
1601 520
240 515
5742 524
2692 514
4906 543
542 511
8725 523
6578 523
7355 520
7138 524
10470 511
8754 524
7807 36
8035 511
8106 510
7648 36
1531 524
497 520
5331 30
6656 36
4018 512
2343 515
2897 519
1892 511
3594 510
6671 36
2205 520
117 523
4845 519
6105 510
4776 513
1871 514
662 523
836 520
4928 511
5276 511
9923 514
9578 524
4259 520
1364 519
2791 524
6673 515
2904 522
9608 36
10310 515
9529 500
4121 523
4089 520
8214 529
3252 522
9284 524
1061 520
11094 524
1009 514
1882 529
3931 520
9298 524
8571 510
2238 514
1044 556
9028 529
3495 514
7545 524
1938 556
602 640
5768 512
5882 543
5553 520
4833 520
9481 510
9920 511
8189 515
10277 510
5394 515
822 514
771 536
4405 520
2776 520
4229 515
1935 512
9220 20
8132 514
7387 520
4532 641
1586 541
10066 520
472 510
7424 524
4270 519
7309 523
2468 514
2255 514
966 536
2986 520
7296 36
7050 520
9863 520
5987 520
6243 520
905 510
576 510
289 536
9655 519
7400 524
1097 515
10998 522
10680 523
1718 524
706 529
6354 522
10954 511
6386 510
5110 523
99 511
7040 520
10163 520
10397 519
4902 520
5284 510
9260 515
7359 515
5035 523
6730 510
9684 520
2142 515
3525 36
7924 36
4130 510
4644 520
3501 556
833 515
2250 524
8157 520
2209 514
3293 519
60 522
5412 523
4949 515
10280 523
4278 515
1984 516
1189 520
2589 523
8679 515
2972 520
9063 520
8092 511
8826 20
2870 511
11011 512
4081 515
2689 515
509 642
82 516
9721 560
2401 643
112 560
