7588 888
7589 901
7590 911
7591 39
7592 889
7593 814
7594 150
7595 891
7596 728
7597 893
7598 728
7599 150
7600 894
7601 911
7602 110
7603 815
7604 1
7605 150
7606 896
7607 590
7608 728
7609 48
7610 561
7611 150
7612 728
7613 69
7614 894
7615 903
7616 63
7617 113
7618 67
7619 67
7620 48
7621 39
7622 903
7623 898
7624 911
7625 815
7626 603
7627 150
7628 102
7629 150
7630 814
7631 102
7632 150
7633 730
7634 894
7635 899
7636 606
7637 728
7638 110
7639 102
7640 728
7641 102
7642 634
7643 914
7644 102
7645 728
7646 150
7647 150
7648 901
7649 911
7650 901
7651 893
7652 39
7653 92
7654 150
7655 150
7656 150
7657 150
7658 728
7659 903
7660 36
7661 728
7662 102
7663 917
7664 102
7665 150
7666 102
7667 894
7668 53
7669 901
7670 800
7671 39
7672 899
7673 911
7674 911
7675 894
7676 728
7677 150
7678 96
7679 891
7680 150
7681 728
7682 52
7683 728
7684 39
7685 150
7686 102
7687 901
7688 102
7689 728
7690 150
7691 907
7692 150
7693 795
7694 39
7695 150
7696 63
7697 728
7698 888
7699 931
7700 894
7701 728
7702 894
7703 110
7704 150
7705 911
7706 590
7707 63
7708 891
7709 728
7710 150
7711 894
7712 898
7713 911
7714 113
7715 48
7716 29
7717 815
7718 150
7719 150
7720 901
7721 800
7722 63
7723 901
7724 911
7725 588
7726 150
7727 728
7728 150
7729 894
7730 113
7731 728
7732 150
7733 39
7734 39
7735 911
7736 62
7737 150
7738 907
7739 48
7740 150
7741 728
7742 113
7743 894
7744 69
7745 812
7746 113
7747 113
7748 894
7749 911
7750 911
7751 815
7752 728
7753 39
7754 150
7755 103
7756 48
7757 150
7758 815
7759 903
7760 150
7761 914
7762 150
7763 891
7764 150
7765 896
7766 728
7767 45
7768 916
7769 911
7770 102
7771 113
7772 150
7773 69
7774 789
7775 102
7776 102
7777 914
7778 911
7779 102
7780 51
7781 894
7782 150
7783 893
7784 907
7785 891
7786 728
7787 894
7788 63
7789 113
7790 903
7791 894
7792 113
7793 917
7794 69
7795 102
7796 728
7797 891
7798 150
7799 150
7800 150
7801 102
7802 917
7803 728
7804 891
7805 911
7806 589
7807 898
7808 37
7809 23
7810 102
7811 52
7812 894
7813 113
7814 1
7815 911
7816 728
7817 21
7818 800
7819 891
7820 63
7821 728
7822 150
7823 728
7824 914
7825 150
7826 52
7827 888
7828 150
7829 150
7830 901
7831 23
7832 52
7833 102
7834 920
7835 585
7836 150
7837 39
7838 150
7839 901
7840 15
7841 67
7842 102
7843 1056
7844 903
7845 634
7846 894
7847 911
7848 728
7849 748
7850 150
7851 150
7852 911
7853 23
7854 917
7855 561
7856 150
7857 893
7858 815
7859 800
7860 39
7861 110
7862 561
7863 113
7864 86
7865 39
7866 728
7867 917
7868 150
7869 606
7870 911
7871 113
7872 891
7873 815
7874 894
7875 102
7876 150
7877 113
7878 113
7879 102
7880 901
7881 815
7882 894
7883 150
7884 889
7885 585
7886 102
7887 896
7888 102
7889 888
7890 911
7891 728
7892 728
7893 102
7894 150
7895 911
7896 113
7897 815
7898 814
7899 728
7900 815
7901 102
7902 69
7903 896
7904 150
7905 893
7906 911
7907 891
7908 815
7909 901
7910 150
7911 67
7912 728
7913 894
7914 789
7915 48
7916 911
7917 920
7918 86
7919 72
7920 63
7921 1046
7922 928
7923 150
7924 728
7925 889
7926 896
7927 634
7928 53
7929 102
7930 39
7931 39
7932 906
7933 634
7934 52
7935 150
7936 896
7937 23
7938 894
7939 911
7940 728
7941 150
7942 102
7943 894
7944 901
7945 150
7946 150
7947 728
7948 728
7949 634
7950 894
7951 45
7952 901
7953 39
7954 102
7955 893
7956 896
7957 56
7958 894
7959 891
7960 0
7961 728
7962 728
7963 891
7964 907
7965 118
7966 15
7967 927
7968 928
7969 911
7970 573
7971 86
7972 43
7973 102
7974 888
7975 814
7976 911
7977 102
7978 150
7979 898
7980 901
7981 588
7982 928
7983 728
7984 728
7985 894
7986 920
7987 907
7988 800
7989 150
7990 561
7991 893
7992 634
7993 903
7994 39
7995 150
7996 634
7997 150
7998 728
7999 59
8000 901
8001 728
8002 561
8003 920
8004 634
8005 901
8006 39
8007 150
8008 728
8009 914
8010 814
8011 634
8012 914
8013 891
8014 67
8015 911
8016 728
8017 728
8018 634
8019 728
8020 86
8021 901
8022 150
8023 728
8024 150
8025 931
8026 113
8027 53
8028 728
8029 102
8030 150
8031 634
8032 911
8033 894
8034 102
8035 800
8036 894
8037 99
8038 894
8039 150
8040 150
8041 728
8042 815
8043 728
8044 102
8045 911
8046 150
8047 53
8048 634
8049 894
8050 928
8051 52
8052 585
8053 2
8054 102
8055 113
8056 911
8057 891
8058 150
8059 150
8060 911
8061 728
8062 894
8063 150
8064 728
8065 102
8066 917
8067 728
8068 52
8069 1034
8070 634
8071 39
8072 56
8073 728
8074 15
8075 911
8076 896
8077 728
8078 113
8079 894
8080 150
8081 907
8082 39
8083 728
8084 901
8085 891
8086 150
8087 728
8088 914
8089 634
8090 150
8091 901
8092 728
8093 150
8094 102
8095 815
8096 150
8097 113
8098 150
8099 102
8100 63
8101 43
8102 899
8103 634
8104 102
8105 920
8106 150
8107 728
8108 907
8109 39
8110 894
8111 39
8112 150
8113 1
8114 917
8115 150
8116 891
8117 22
8118 893
8119 911
8120 894
8121 102
8122 911
8123 814
8124 63
8125 102
8126 102
8127 896
8128 930
8129 634
8130 911
8131 911
8132 150
8133 728
8134 102
8135 69
8136 39
8137 102
8138 741
8139 102
8140 590
8141 931
8142 47
8143 815
8144 795
8145 728
8146 634
8147 728
8148 150
8149 150
8150 800
8151 815
8152 23
8153 907
8154 894
8155 899
8156 39
8157 150
8158 815
8159 907
8160 903
8161 150
8162 903
8163 48
8164 894
8165 86
8166 52
8167 795
8168 903
8169 39
8170 61
8171 728
8172 63
8173 914
8174 891
8175 728
8176 893
8177 815
8178 728
8179 39
8180 150
8181 728
8182 573
8183 728
8184 63
8185 728
8186 901
8187 815
8188 102
8189 47
8190 911
8191 917
8192 907
8193 891
8194 911
8195 894
8196 911
8197 911
8198 150
8199 23
8200 894
8201 728
8202 930
8203 102
8204 150
8205 150
8206 39
8207 561
8208 634
8209 907
8210 907
8211 911
8212 39
8213 728
8214 911
8215 914
8216 39
8217 150
8218 898
8219 150
8220 39
8221 907
8222 891
8223 893
8224 150
8225 52
8226 814
8227 728
8228 634
8229 911
8230 150
8231 914
8232 728
8233 894
8234 634
8235 75
8236 911
8237 39
8238 728
8239 69
8240 815
8241 931
8242 728
8243 814
8244 907
8245 800
8246 634
8247 102
8248 896
8249 730
8250 590
8251 896
8252 901
8253 48
8254 150
8255 56
8256 150
8257 894
8258 898
8259 113
8260 815
8261 150
8262 150
8263 800
8264 63
8265 894
8266 911
8267 102
8268 113
8269 150
8270 86
8271 150
8272 730
8273 150
8274 102
8275 48
8276 728
8277 48
8278 911
8279 800
8280 53
8281 61
8282 728
8283 728
8284 69
8285 102
8286 903
8287 907
8288 53
8289 901
8290 634
8291 728
8292 894
8293 894
8294 728
8295 893
8296 931
8297 634
8298 150
8299 150
8300 991
8301 590
8302 907
8303 150
8304 1
8305 150
8306 102
8307 102
8308 150
8309 728
8310 150
8311 39
8312 102
8313 102
8314 113
8315 789
8316 590
8317 69
8318 1
8319 1046
8320 39
8321 914
8322 901
8323 730
8324 48
8325 67
8326 47
8327 728
8328 896
8329 893
8330 63
8331 893
8332 893
8333 928
8334 39
8335 901
8336 901
8337 815
8338 893
8339 150
8340 911
8341 894
8342 61
8343 789
8344 899
8345 917
8346 894
8347 728
8348 894
8349 917
8350 911
8351 894
8352 150
8353 150
8354 150
8355 728
8356 1034
8357 911
8358 150
8359 928
8360 634
8361 893
8362 63
8363 102
8364 907
8365 589
8366 931
8367 907
8368 896
8369 150
8370 150
8371 39
8372 150
8373 150
8374 815
8375 150
8376 48
8377 150
8378 27
8379 911
8380 86
8381 39
8382 894
8383 893
8384 69
8385 891
8386 102
8387 53
8388 150
8389 888
8390 150
8391 29
8392 911
8393 891
8394 891
8395 150
8396 891
8397 113
8398 150
8399 634
8400 61
8401 911
8402 901
8403 634
8404 911
8405 52
8406 894
8407 815
8408 86
8409 914
8410 118
8411 67
8412 150
8413 150
8414 86
8415 894
8416 728
8417 150
8418 928
8419 728
8420 931
8421 728
8422 150
8423 102
8424 63
8425 907
8426 86
8427 815
8428 894
8429 102
8430 69
8431 63
8432 150
8433 634
8434 634
8435 69
8436 1034
8437 15
8438 815
8439 907
8440 150
8441 150
8442 814
8443 728
8444 634
8445 561
8446 39
8447 728
8448 894
8449 634
8450 728
8451 48
8452 67
8453 894
8454 56
8455 728
8456 907
8457 150
8458 894
8459 728
8460 911
8461 815
8462 907
8463 113
8464 896
8465 39
8466 102
8467 911
8468 113
8469 901
8470 911
8471 92
8472 728
8473 930
8474 150
8475 634
8476 150
8477 69
8478 911
8479 901
8480 894
8481 99
8482 150
8483 797
8484 728
8485 69
8486 814
8487 903
8488 937
8489 150
8490 102
8491 634
8492 113
8493 150
8494 928
8495 590
8496 728
8497 928
8498 815
8499 927
8500 63
8501 150
8502 75
8503 150
8504 150
8505 39
8506 911
8507 150
8508 67
8509 815
8510 634
8511 63
8512 102
8513 728
8514 113
8515 150
8516 150
8517 150
8518 893
8519 150
8520 800
8521 150
8522 99
8523 814
8524 889
8525 150
8526 931
8527 23
8528 150
8529 150
8530 911
8531 896
8532 901
8533 911
8534 90
8535 150
8536 728
8537 992
8538 728
8539 815
8540 588
8541 23
8542 815
8543 48
8544 150
8545 86
8546 39
8547 814
8548 150
8549 728
8550 815
8551 150
8552 150
8553 891
8554 63
8555 800
8556 589
8557 914
8558 911
8559 52
8560 931
8561 99
8562 150
8563 72
8564 102
8565 23
8566 728
8567 728
8568 102
8569 39
8570 102
8571 56
8572 728
8573 53
8574 150
8575 896
8576 150
8577 814
8578 896
8579 911
8580 102
8581 728
8582 150
8583 22
8584 113
8585 29
8586 728
8587 102
8588 39
8589 150
8590 917
8591 920
8592 730
8593 150
8594 814
8595 894
8596 39
8597 728
8598 48
8599 634
8600 102
8601 920
8602 728
8603 894
8604 907
8605 903
8606 150
8607 39
8608 893
8609 150
8610 894
8611 728
8612 914
8613 894
8614 150
8615 150
8616 39
8617 917
8618 795
8619 39
8620 102
8621 891
8622 63
8623 894
8624 573
8625 901
8626 907
8627 894
8628 728
8629 634
8630 916
8631 148
8632 728
8633 894
8634 48
8635 102
8636 891
8637 795
8638 920
8639 103
8640 39
8641 102
8642 911
8643 728
8644 61
8645 814
8646 150
8647 23
8648 730
8649 914
8650 150
8651 150
8652 150
8653 728
8654 728
8655 795
8656 150
8657 728
8658 150
8659 150
8660 23
8661 150
8662 800
8663 907
8664 39
8665 113
8666 67
8667 102
8668 150
8669 894
8670 150
8671 898
8672 39
8673 45
8674 52
8675 728
8676 69
8677 113
8678 102
8679 102
8680 150
8681 894
8682 69
8683 1
8684 911
8685 894
8686 896
8687 814
8688 728
8689 63
8690 907
8691 127
8692 815
8693 893
8694 113
8695 102
8696 800
8697 894
8698 150
8699 634
8700 634
8701 45
8702 814
8703 63
8704 61
8705 150
8706 102
8707 67
8708 911
8709 920
8710 113
8711 150
8712 102
8713 898
8714 39
8715 150
8716 150
8717 911
8718 150
8719 102
8720 634
8721 730
8722 993
8723 728
8724 911
8725 901
8726 150
8727 728
8728 891
8729 634
8730 937
8731 102
8732 29
8733 603
8734 102
8735 907
8736 102
8737 36
8738 150
8739 63
8740 797
8741 39
8742 896
8743 102
8744 634
8745 150
8746 150
8747 2
8748 814
8749 907
8750 48
8751 150
8752 893
8753 150
8754 894
8755 113
8756 90
8757 903
8758 907
8759 634
8760 893
8761 102
8762 561
8763 815
8764 150
8765 48
8766 1
8767 893
8768 891
8769 728
8770 102
8771 814
8772 728
8773 894
8774 102
8775 728
8776 894
8777 815
8778 1046
8779 39
8780 911
8781 150
8782 86
8783 907
8784 891
8785 588
8786 634
8787 39
8788 911
8789 49
8790 21
8791 894
8792 931
8793 150
8794 113
8795 728
8796 907
8797 118
8798 728
8799 150
8800 901
8801 814
8802 23
8803 39
8804 150
8805 62
8806 39
8807 928
8808 903
8809 914
8810 894
8811 815
8812 113
8813 150
8814 1034
8815 728
8816 634
8817 815
8818 150
8819 899
8820 150
8821 634
8822 928
8823 907
8824 901
8825 113
8826 911
8827 73
8828 889
8829 150
8830 67
8831 914
8832 127
8833 150
8834 994
8835 49
8836 800
8837 789
8838 573
8839 907
8840 914
8841 891
8842 891
8843 789
8844 150
8845 52
8846 56
8847 150
8848 634
8849 634
8850 815
8851 52
8852 894
8853 728
8854 728
8855 150
8856 901
8857 39
8858 907
8859 67
8860 914
8861 61
8862 150
8863 728
8864 561
8865 891
8866 102
8867 150
8868 728
8869 891
8870 891
8871 150
8872 150
8873 911
8874 150
8875 150
8876 894
8877 815
8878 150
8879 907
8880 561
8881 48
8882 995
8883 39
8884 920
8885 69
8886 150
8887 48
8888 69
8889 728
8890 102
8891 150
8892 102
8893 150
8894 814
8895 814
8896 889
8897 150
8898 728
8899 102
8900 914
8901 102
8902 901
8903 29
8904 789
8905 894
8906 894
8907 907
8908 728
8909 52
8910 914
8911 728
8912 928
8913 150
8914 891
8915 150
8916 728
8917 728
8918 15
8919 113
8920 52
8921 728
8922 728
8923 730
8924 561
8925 917
8926 150
8927 894
8928 150
8929 894
8930 911
8931 634
8932 899
8933 917
8934 113
8935 814
8936 69
8937 48
8938 634
8939 931
8940 102
8941 634
8942 894
8943 102
8944 814
8945 893
8946 920
8947 728
8948 728
8949 814
8950 150
8951 797
8952 728
8953 911
8954 150
8955 814
8956 150
8957 931
8958 150
8959 911
8960 814
8961 48
8962 150
8963 150
8964 39
8965 150
8966 815
8967 814
8968 573
8969 102
8970 69
8971 150
8972 894
8973 590
8974 39
8975 561
8976 891
8977 56
8978 728
8979 150
8980 56
8981 815
8982 102
8983 102
8984 102
8985 911
8986 39
8987 150
8988 814
8989 814
8990 102
8991 52
8992 634
8993 102
8994 39
8995 1056
8996 907
8997 23
8998 150
8999 907
9000 102
9001 728
9002 896
9003 907
9004 39
9005 814
9006 150
9007 150
9008 48
9009 728
9010 888
9011 102
9012 47
9013 927
9014 728
9015 815
9016 931
9017 102
9018 944
9019 911
9020 102
9021 898
9022 728
9023 150
9024 69
9025 893
9026 67
9027 893
9028 903
9029 914
9030 150
9031 53
9032 728
9033 728
9034 914
9035 150
9036 814
9037 150
9038 150
9039 898
9040 911
9041 907
9042 903
9043 917
9044 150
9045 150
9046 634
9047 634
9048 52
9049 931
9050 43
9051 894
9052 150
9053 23
9054 150
9055 2
9056 815
9057 102
9058 911
9059 814
9060 92
9061 894
9062 102
9063 896
9064 814
9065 39
9066 911
9067 928
9068 1
9069 815
9070 728
9071 99
9072 800
9073 728
9074 800
9075 102
9076 728
9077 102
9078 730
9079 920
9080 150
9081 150
9082 102
9083 812
9084 150
9085 891
9086 1046
9087 150
9088 893
9089 728
9090 52
9091 150
9092 916
9093 894
9094 911
9095 907
9096 48
9097 634
9098 815
9099 102
9100 150
9101 39
9102 67
9103 800
9104 911
9105 732
9106 728
9107 150
9108 150
9109 23
9110 903
9111 634
9112 898
9113 150
9114 63
9115 39
9116 48
9117 90
9118 150
9119 113
9120 894
9121 728
9122 931
9123 893
9124 896
9125 52
9126 896
9127 1
9128 931
9129 102
9130 127
9131 894
9132 102
9133 800
9134 150
9135 931
9136 113
9137 150
9138 59
9139 815
9140 815
9141 894
9142 150
9143 634
9144 814
9145 49
9146 2
9147 150
9148 150
9149 896
9150 39
9151 920
9152 150
9153 891
9154 102
9155 39
9156 901
9157 815
9158 102
9159 893
9160 728
9161 894
9162 150
9163 911
9164 150
9165 891
9166 150
9167 894
9168 893
9169 911
9170 914
9171 67
9172 48
9173 69
9174 728
9175 102
9176 150
9177 728
9178 931
9179 911
9180 63
9181 814
9182 728
9183 634
9184 150
9185 903
9186 1
9187 894
9188 634
9189 102
9190 150
9191 150
9192 914
9193 728
9194 150
9195 728
9196 53
9197 150
9198 634
9199 911
9200 728
9201 891
9202 931
9203 150
9204 728
9205 728
9206 899
9207 911
9208 907
9209 15
9210 888
9211 891
9212 39
9213 928
9214 894
9215 150
9216 150
9217 814
9218 113
9219 815
9220 907
9221 102
9222 39
9223 911
9224 911
9225 898
9226 113
9227 150
9228 102
9229 150
9230 728
9231 728
9232 150
9233 634
9234 903
9235 150
9236 150
9237 150
9238 150
9239 814
9240 898
9241 150
9242 127
9243 561
9244 911
9245 814
9246 894
9247 896
9248 113
9249 49
9250 150
9251 814
9252 39
9253 906
9254 894
9255 634
9256 901
9257 814
9258 911
9259 150
9260 113
9261 103
9262 150
9263 800
9264 150
9265 150
9266 15
9267 67
9268 113
9269 728
9270 815
9271 150
9272 911
9273 52
9274 728
9275 634
9276 901
9277 728
9278 150
9279 39
9280 728
9281 814
9282 815
9283 917
9284 931
9285 800
9286 48
9287 110
9288 67
9289 150
9290 728
9291 814
9292 102
9293 102
9294 893
9295 728
9296 911
9297 113
9298 39
9299 894
9300 911
9301 39
9302 150
9303 901
9304 898
9305 39
9306 920
9307 39
9308 39
9309 113
9310 914
9311 815
9312 891
9313 150
9314 69
9315 815
9316 150
9317 907
9318 113
9319 901
9320 894
9321 23
9322 39
9323 59
9324 573
9325 797
9326 728
9327 634
9328 634
9329 22
9330 72
9331 903
9332 588
9333 814
9334 911
9335 914
9336 894
9337 920
9338 150
9339 150
9340 728
9341 728
9342 996
9343 2
9344 39
9345 814
9346 23
9347 728
9348 894
9349 39
9350 150
9351 815
9352 800
9353 39
9354 728
9355 728
9356 911
9357 49
9358 903
9359 102
9360 23
9361 815
9362 894
9363 102
9364 39
9365 815
9366 69
9367 997
9368 898
9369 911
9370 39
9371 815
9372 815
9373 150
9374 99
9375 907
9376 728
9377 898
9378 893
9379 728
9380 150
9381 906
9382 39
9383 150
9384 789
9385 39
9386 894
9387 728
9388 63
9389 730
9390 61
9391 150
9392 893
9393 634
9394 150
9395 634
9396 814
9397 48
9398 150
9399 894
9400 56
9401 815
9402 102
9403 56
9404 150
9405 893
9406 815
9407 914
9408 736
9409 150
9410 741
9411 150
9412 45
9413 917
9414 113
9415 894
9416 896
9417 894
9418 814
9419 102
9420 39
9421 561
9422 102
9423 583
9424 150
9425 150
9426 917
9427 728
9428 150
9429 150
9430 39
9431 102
9432 911
9433 911
9434 48
9435 815
9436 92
9437 728
9438 728
9439 39
9440 891
9441 590
9442 150
9443 1
9444 748
9445 48
9446 728
9447 728
9448 728
9449 39
9450 150
9451 911
9452 931
9453 99
9454 150
9455 150
9456 150
9457 800
9458 901
9459 896
9460 901
9461 61
9462 150
9463 914
9464 814
9465 944
9466 914
9467 573
9468 69
9469 59
9470 728
9471 728
9472 150
9473 634
9474 894
9475 728
9476 610
9477 41
9478 998
9479 789
9480 815
9481 600
9482 150
9483 801
9484 90
