15176 76
15177 891
15178 890
15179 886
15180 262
15181 893
15182 1214
15183 886
15184 886
15185 532
15186 77
15187 1521
15188 890
15189 1203
15190 1214
15191 886
15192 86
15193 1214
15194 1349
15195 1310
15196 884
15197 155
15198 893
15199 86
15200 890
15201 48
15202 1310
15203 1203
15204 173
15205 86
15206 1126
15207 86
15208 884
15209 886
15210 86
15211 1310
15212 884
15213 893
15214 110
15215 40
15216 86
15217 1214
15218 889
15219 1212
15220 1212
15221 86
15222 14
15223 1104
15224 1212
15225 1291
15226 1349
15227 1224
15228 886
15229 886
15230 1450
15231 893
15232 1454
15233 1308
15234 1212
15235 1214
15236 238
15237 680
15238 127
15239 127
15240 127
15241 1075
15242 889
15243 889
15244 889
15245 1214
15246 907
15247 1203
15248 33
15249 36
15250 1214
15251 1075
15252 882
15253 786
15254 33
15255 893
15256 886
15257 882
15258 886
15259 1079
15260 882
15261 1527
15262 882
15263 904
15264 786
15265 922
15266 1454
15267 882
15268 680
15269 5
15270 127
15271 110
15272 882
15273 48
15274 127
15275 882
15276 922
15277 1460
15278 886
15279 48
15280 1203
15281 886
15282 889
15283 893
15284 1086
15285 907
15286 48
15287 889
15288 100
15289 1224
15290 891
15291 172
15292 904
15293 889
15294 893
15295 106
15296 893
15297 48
15298 48
15299 1310
15300 48
15301 891
15302 1075
15303 48
15304 786
15305 48
15306 48
15307 680
15308 886
15309 86
15310 893
15311 48
15312 1310
15313 1460
15314 886
15315 127
15316 48
15317 886
15318 127
15319 48
15320 48
15321 31
15322 48
15323 48
15324 36
15325 786
15326 172
15327 104
15328 48
15329 127
15330 605
15331 605
15332 605
15333 605
15334 889
15335 889
15336 48
15337 48
15338 48
15339 891
15340 904
15341 5
15342 886
15343 48
15344 48
15345 1086
15346 893
15347 48
15348 1214
15349 886
15350 891
15351 48
15352 48
15353 48
15354 104
15355 48
15356 48
15357 104
15358 104
15359 48
15360 48
15361 48
15362 48
15363 48
15364 48
15365 48
15366 48
15367 48
15368 48
15369 891
15370 48
15371 48
15372 48
15373 48
15374 1203
15375 48
15376 48
15377 48
15378 48
15379 886
15380 48
15381 129
15382 48
15383 48
15384 48
15385 48
15386 48
15387 48
15388 48
15389 48
15390 48
15391 48
15392 48
15393 48
15394 48
15395 48
15396 1528
15397 48
15398 1203
15399 48
15400 48
15401 48
15402 48
15403 48
15404 48
15405 48
15406 48
15407 48
15408 48
15409 48
15410 48
15411 48
15412 48
15413 48
15414 48
15415 48
15416 48
15417 48
15418 48
15419 48
15420 48
15421 48
15422 48
15423 48
15424 48
15425 48
15426 48
15427 48
15428 48
15429 48
15430 48
15431 48
15432 48
15433 48
15434 1203
15435 48
15436 48
15437 48
15438 48
15439 48
15440 48
15441 48
15442 48
15443 48
15444 48
15445 48
15446 48
15447 48
15448 48
15449 48
15450 48
15451 48
15452 48
15453 48
15454 48
15455 48
15456 48
15457 48
15458 48
15459 48
15460 48
15461 48
15462 48
15463 48
15464 48
15465 48
15466 48
15467 48
15468 48
15469 48
15470 48
15471 1203
15472 48
15473 48
15474 48
15475 48
15476 48
15477 48
15478 48
15479 48
15480 48
15481 48
15482 48
15483 48
15484 48
15485 48
15486 48
15487 48
15488 48
15489 48
15490 48
15491 48
15492 48
15493 48
15494 48
15495 48
15496 48
15497 48
15498 48
15499 48
15500 48
15501 48
15502 48
15503 48
15504 48
15505 48
15506 48
15507 48
15508 48
15509 48
15510 48
15511 48
15512 48
15513 48
15514 48
15515 48
15516 48
15517 48
15518 48
15519 48
15520 48
15521 48
15522 48
15523 48
15524 48
15525 1203
15526 48
15527 48
15528 48
15529 48
15530 1529
15531 48
15532 48
15533 48
15534 48
15535 48
15536 48
15537 48
15538 48
15539 48
15540 48
15541 86
15542 48
15543 48
15544 48
15545 48
15546 48
15547 48
15548 48
15549 48
15550 48
15551 48
15552 48
15553 48
15554 48
15555 48
15556 48
15557 48
15558 48
15559 48
15560 48
15561 48
15562 786
15563 48
15564 48
15565 1126
15566 48
15567 48
15568 786
15569 48
15570 48
15571 48
15572 48
15573 48
15574 48
15575 48
15576 48
15577 14
15578 48
15579 48
15580 1294
15581 48
15582 48
15583 48
15584 48
15585 48
15586 48
15587 48
15588 48
15589 48
15590 48
15591 48
15592 48
15593 48
15594 48
15595 48
15596 48
15597 48
15598 1480
15599 48
15600 48
15601 1531
15602 48
15603 786
15604 48
15605 48
15606 48
15607 48
15608 48
15609 48
15610 48
15611 1203
15612 48
15613 48
15614 48
15615 48
15616 1351
15617 48
15618 48
15619 48
15620 1075
15621 48
15622 48
15623 48
15624 48
15625 889
15626 48
15627 48
15628 48
15629 1203
15630 882
15631 882
15632 48
15633 1203
15634 1203
15635 48
15636 48
15637 48
15638 48
15639 48
15640 48
15641 1107
15642 48
15643 1107
15644 48
15645 1107
15646 48
15647 1310
15648 605
15649 48
15650 127
15651 48
15652 48
15653 605
15654 1450
15655 48
15656 48
15657 48
15658 48
15659 127
15660 48
15661 48
15662 48
15663 48
15664 86
15665 799
15666 1294
15667 48
15668 48
15669 48
15670 799
15671 1297
15672 799
15673 889
15674 48
15675 48
15676 680
15677 48
15678 36
15679 889
15680 89
15681 1214
15682 48
15683 48
15684 3
15685 48
15686 48
15687 48
15688 48
15689 48
15690 55
15691 680
15692 1474
15693 48
15694 48
15695 48
15696 1203
15697 1294
15698 1533
15699 48
15700 48
15701 786
15702 40
15703 48
15704 1534
15705 786
15706 882
15707 110
15708 40
15709 889
15710 48
15711 127
15712 55
15713 882
15714 48
15715 155
15716 48
15717 40
15718 884
15719 40
15720 40
15721 40
15722 40
15723 1353
15724 40
15725 40
15726 40
15727 40
15728 886
15729 3
15730 40
15731 48
15732 40
15733 4
15734 48
15735 40
15736 48
15737 886
15738 48
15739 1212
15740 48
15741 48
15742 882
15743 48
15744 48
15745 600
15746 1474
15747 48
15748 48
15749 1203
15750 889
15751 127
15752 40
15753 922
15754 40
15755 4
15756 886
15757 55
15758 40
15759 786
15760 48
15761 40
15762 786
15763 48
15764 40
15765 1126
15766 40
15767 896
15768 896
15769 40
15770 786
15771 1525
15772 893
15773 1353
15774 40
15775 48
15776 896
15777 896
15778 896
15779 896
15780 77
15781 896
15782 40
15783 886
15784 4
15785 896
15786 1353
15787 48
15788 48
15789 889
15790 55
15791 40
15792 893
15793 40
15794 48
15795 896
15796 882
15797 48
15798 1353
15799 896
15800 1214
15801 1353
15802 89
15803 1107
15804 89
15805 1203
15806 1431
15807 896
15808 896
15809 1433
15810 896
15811 893
15812 36
15813 680
15814 155
15815 40
15816 48
15817 48
15818 48
15819 40
15820 48
15821 1294
15822 64
15823 40
15824 1353
15825 889
15826 1353
15827 1203
15828 48
15829 889
15830 896
15831 48
15832 55
15833 40
15834 886
15835 1294
15836 896
15837 896
15838 786
15839 146
15840 146
15841 146
15842 48
15843 40
15844 902
15845 1480
15846 896
15847 896
15848 48
15849 110
15850 110
15851 48
15852 48
15853 104
15854 896
15855 48
15856 40
15857 1460
15858 680
15859 48
15860 680
15861 1086
15862 48
15863 4
15864 48
15865 1353
15866 799
15867 1353
15868 1353
15869 1126
15870 922
15871 48
15872 48
15873 48
15874 1353
15875 1351
15876 1203
15877 1353
15878 1353
15879 1126
15880 146
15881 896
15882 896
15883 889
15884 40
15885 1308
15886 896
15887 886
15888 896
15889 48
15890 886
15891 889
15892 891
15893 40
15894 786
15895 48
15896 1086
15897 48
15898 896
15899 896
15900 188
15901 889
15902 110
15903 896
15904 48
15905 890
15906 40
15907 886
15908 896
15909 48
15910 886
15911 890
15912 36
15913 896
15914 48
15915 1537
15916 882
15917 48
15918 884
15919 48
15920 40
15921 896
15922 55
15923 1214
15924 922
15925 40
15926 889
15927 48
15928 889
15929 889
15930 40
15931 11
15932 48
15933 40
15934 889
15935 10
15936 127
15937 127
15938 1126
15939 882
15940 40
15941 1214
15942 48
15943 1126
15944 3
15945 132
15946 886
15947 1353
15948 882
15949 40
15950 1307
15951 1214
15952 890
15953 890
15954 1214
15955 48
15956 48
15957 882
15958 1454
15959 886
15960 1214
15961 889
15962 155
15963 680
15964 48
15965 889
15966 1214
15967 1203
15968 1084
15969 1353
15970 1084
15971 1084
15972 916
15973 1084
15974 1214
15975 1214
15976 680
15977 1084
15978 1075
15979 82
15980 77
15981 48
15982 896
15983 142
15984 882
15985 1126
15986 1084
15987 1084
15988 155
15989 891
15990 1084
15991 1224
15992 882
15993 1084
15994 82
15995 896
15996 882
15997 891
15998 1214
15999 82
16000 48
16001 882
16002 882
16003 82
16004 89
16005 882
16006 1433
16007 1353
16008 882
16009 922
16010 882
16011 882
16012 882
16013 882
16014 882
16015 1353
16016 241
16017 882
16018 1294
16019 882
16020 48
16021 48
16022 48
16023 48
16024 1310
16025 922
16026 48
16027 82
16028 882
16029 882
16030 1431
16031 902
16032 882
16033 1407
16034 882
16035 1353
16036 48
16037 882
16038 882
16039 882
16040 886
16041 886
16042 86
16043 886
16044 1126
16045 1084
16046 1084
16047 1224
16048 1084
16049 922
16050 127
16051 882
16052 1084
16053 1084
16054 258
16055 896
16056 786
16057 1470
16058 896
16059 882
16060 40
16061 886
16062 1353
16063 48
16064 1084
16065 882
16066 799
16067 882
16068 882
16069 886
16070 922
16071 882
16072 142
16073 882
16074 882
16075 882
16076 886
16077 882
16078 922
16079 882
16080 896
16081 31
16082 1353
16083 1075
16084 886
16085 1099
16086 1084
16087 891
16088 886
16089 0
16090 882
16091 886
16092 1075
16093 55
16094 882
16095 31
16096 1535
16097 882
16098 1075
16099 1084
16100 882
16101 882
16102 882
16103 882
16104 882
16105 886
16106 882
16107 882
16108 922
16109 1310
16110 886
16111 258
16112 1126
16113 55
16114 1084
16115 1126
16116 181
16117 882
16118 241
16119 922
16120 893
16121 48
16122 882
16123 1084
16124 786
16125 893
16126 904
16127 48
16128 889
16129 890
16130 1524
16131 904
16132 48
16133 241
16134 82
16135 48
16136 889
16137 882
16138 882
16139 882
16140 882
16141 882
16142 882
16143 680
16144 241
16145 886
16146 241
16147 904
16148 70
16149 48
16150 48
16151 48
16152 882
16153 25
16154 1470
16155 916
16156 48
16157 86
16158 89
16159 896
16160 922
16161 882
16162 1084
16163 241
16164 891
16165 241
16166 48
16167 110
16168 904
16169 1084
16170 1353
16171 882
16172 1084
16173 1084
16174 891
16175 241
16176 241
16177 241
16178 241
16179 902
16180 210
16181 1084
16182 48
16183 210
16184 1084
16185 100
16186 889
16187 1084
16188 1084
16189 922
16190 1203
16191 896
16192 1214
16193 1530
16194 889
16195 48
16196 882
16197 882
16198 882
16199 173
16200 886
16201 48
16202 40
16203 1214
16204 1454
16205 891
16206 1540
16207 1084
16208 896
16209 23
16210 1541
16211 1084
16212 904
16213 181
16214 127
16215 48
16216 891
16217 882
16218 23
16219 882
16220 904
16221 241
16222 893
16223 882
16224 1310
16225 241
16226 104
16227 1084
16228 1099
16229 896
16230 904
16231 31
16232 241
16233 55
16234 55
16235 896
16236 680
16237 896
16238 896
16239 896
16240 884
16241 1214
16242 1099
16243 241
16244 904
16245 904
16246 891
16247 904
16248 1214
16249 904
16250 241
16251 1203
16252 891
16253 82
16254 891
16255 241
16256 241
16257 104
16258 48
16259 904
16260 886
16261 889
16262 241
16263 48
16264 896
16265 1203
16266 922
16267 31
16268 241
16269 241
16270 904
16271 0
16272 882
16273 896
16274 904
16275 893
16276 1526
16277 896
16278 904
16279 48
16280 680
16281 1539
16282 82
16283 891
16284 886
16285 904
16286 89
16287 1084
16288 904
16289 1203
16290 241
16291 902
16292 902
16293 886
16294 902
16295 904
16296 902
16297 40
16298 241
16299 886
16300 110
16301 1353
16302 1126
16303 904
16304 902
16305 896
16306 882
16307 241
16308 1359
16309 891
16310 891
16311 922
16312 1086
16313 173
16314 258
16315 104
16316 5
16317 1126
16318 882
16319 896
16320 262
16321 106
16322 241
16323 77
16324 680
16325 36
16326 1532
16327 104
16328 886
16329 55
16330 904
16331 0
16332 155
16333 1075
16334 1075
16335 1075
16336 1075
16337 1538
16338 1107
16339 1084
16340 902
16341 896
16342 1075
16343 532
16344 680
16345 893
16346 884
16347 55
16348 882
16349 1126
16350 3
16351 1075
16352 142
16353 889
16354 258
16355 1075
16356 896
16357 882
16358 882
16359 891
16360 104
16361 884
16362 884
16363 884
16364 886
16365 882
16366 884
16367 884
16368 1075
16369 884
16370 55
16371 884
16372 884
16373 886
16374 1214
16375 893
16376 886
16377 1214
16378 893
16379 1214
16380 55
16381 86
16382 1126
16383 155
16384 10
16385 893
16386 127
16387 1214
16388 886
16389 1214
16390 1075
16391 1099
16392 893
16393 896
16394 86
16395 1543
16396 891
16397 142
16398 33
16399 1075
16400 896
16401 86
16402 891
16403 142
16404 142
16405 1361
16406 142
16407 104
16408 55
16409 142
16410 890
16411 1214
16412 886
16413 893
16414 893
16415 889
16416 5
16417 1214
16418 77
16419 902
16420 907
16421 1203
16422 886
16423 104
16424 48
16425 173
16426 127
16427 1086
16428 1523
16429 886
16430 48
16431 891
16432 1450
16433 181
16434 1353
16435 1214
16436 1107
16437 14
16438 1544
16439 110
16440 1545
16441 40
16442 89
16443 891
16444 1353
16445 48
16446 110
16447 891
16448 1084
16449 1075
16450 1084
16451 1107
16452 48
16453 1361
16454 1084
16455 1084
16456 1099
16457 786
16458 896
16459 36
16460 893
16461 48
16462 104
16463 104
16464 1107
16465 1407
16466 896
16467 884
16468 1126
16469 889
16470 889
16471 48
16472 31
16473 889
16474 889
16475 886
16476 904
16477 1075
16478 89
16479 155
16480 904
16481 600
16482 31
16483 891
16484 886
16485 889
16486 886
16487 922
16488 786
16489 884
16490 891
16491 889
16492 55
16493 31
16494 884
16495 12
16496 12
16497 12
16498 1075
16499 12
16500 12
16501 1126
16502 884
16503 1075
16504 12
16505 12
16506 680
16507 12
16508 1214
16509 786
16510 14
16511 786
16512 1126
16513 31
16514 680
16515 1214
16516 1214
16517 1214
16518 886
16519 680
16520 33
16521 896
16522 14
16523 127
16524 886
16525 884
16526 31
16527 680
16528 33
16529 1075
16530 1075
16531 1107
16532 1107
16533 48
16534 142
16535 142
16536 104
16537 891
16538 55
16539 1075
16540 31
16541 893
16542 1075
16543 172
16544 173
16545 904
16546 5
16547 1126
16548 48
16549 241
16550 31
16551 1450
16552 882
16553 882
16554 882
16555 104
16556 5
16557 891
16558 890
16559 1084
16560 77
16561 891
16562 1214
16563 241
16564 33
16565 127
16566 155
16567 786
16568 127
16569 893
16570 786
16571 127
16572 893
16573 916
16574 241
16575 30
16576 89
16577 104
16578 886
16579 1353
16580 5
16581 104
16582 5
16583 890
16584 904
16585 904
16586 106
16587 891
16588 5
16589 1297
16590 142
16591 886
16592 106
16593 5
16594 1107
16595 5
16596 893
16597 241
16598 1075
16599 1546
16600 5
16601 5
16602 1296
16603 40
16604 40
16605 40
16606 5
16607 1075
16608 40
16609 40
16610 5
16611 5
16612 40
16613 40
16614 40
16615 40
16616 14
16617 55
16618 5
16619 132
16620 1547
16621 5
16622 110
16623 106
16624 893
16625 5
16626 893
16627 40
16628 5
16629 5
16630 1214
16631 104
16632 106
16633 40
16634 40
16635 896
16636 5
16637 40
16638 106
16639 40
16640 1359
16641 786
16642 680
16643 40
16644 884
16645 40
16646 40
16647 40
16648 40
16649 40
16650 40
16651 40
16652 40
16653 5
16654 40
16655 891
16656 40
16657 1075
16658 241
16659 40
16660 5
16661 40
16662 904
16663 680
16664 106
16665 40
16666 40
16667 40
16668 129
16669 40
16670 40
16671 106
16672 40
16673 891
16674 129
16675 40
16676 1522
16677 40
16678 129
16679 40
16680 5
16681 1075
16682 40
16683 40
16684 129
16685 1431
16686 5
16687 5
16688 0
16689 48
16690 188
16691 5
16692 882
16693 1353
16694 5
16695 896
16696 106
16697 5
16698 5
16699 106
16700 5
16701 40
16702 110
16703 40
16704 40
16705 40
16706 40
16707 40
16708 40
16709 40
16710 40
16711 106
16712 40
16713 31
16714 40
16715 40
16716 1296
16717 106
16718 40
16719 40
16720 40
16721 1075
16722 680
16723 5
16724 40
16725 40
16726 104
16727 886
16728 5
16729 40
16730 5
16731 907
16732 106
16733 132
16734 106
16735 1075
16736 106
16737 1548
16738 40
16739 5
16740 40
16741 893
16742 86
16743 40
16744 1349
16745 786
16746 40
16747 600
16748 1075
16749 40
16750 40
16751 40
16752 40
16753 48
16754 5
16755 106
16756 40
16757 40
16758 40
16759 12
16760 40
16761 40
16762 889
16763 5
16764 5
16765 31
16766 680
16767 1294
16768 1549
16769 40
16770 40
16771 40
16772 5
16773 1075
16774 5
16775 40
16776 31
16777 1075
16778 40
16779 5
16780 106
16781 5
16782 175
16783 40
16784 1079
16785 241
16786 30
16787 922
16788 55
16789 5
16790 786
16791 1297
16792 40
16793 922
16794 40
16795 922
16796 5
16797 922
16798 893
16799 922
16800 106
16801 922
16802 40
16803 1296
16804 799
16805 106
16806 5
16807 40
16808 106
16809 922
16810 40
16811 896
16812 5
16813 40
16814 40
16815 5
16816 1075
16817 1075
16818 922
16819 31
16820 175
16821 886
16822 40
16823 5
16824 5
16825 40
16826 106
16827 889
16828 5
16829 884
16830 680
16831 5
16832 40
16833 106
16834 5
16835 916
16836 896
16837 31
16838 5
16839 1075
16840 40
16841 5
16842 138
16843 52
16844 5
16845 786
16846 922
16847 40
16848 40
16849 132
16850 5
16851 40
16852 55
16853 40
16854 5
16855 5
16856 5
16857 893
16858 89
16859 5
16860 884
16861 884
16862 1075
16863 5
16864 5
16865 40
16866 106
16867 40
16868 884
16869 5
16870 5
16871 89
16872 5
16873 55
16874 55
16875 884
16876 680
16877 40
16878 1075
16879 1349
16880 5
16881 55
16882 104
16883 886
16884 40
16885 40
16886 904
16887 40
16888 893
16889 40
16890 241
16891 40
16892 55
16893 5
16894 891
16895 1296
16896 55
16897 884
16898 1310
16899 5
16900 40
16901 104
16902 40
16903 5
16904 5
16905 5
16906 55
16907 40
16908 922
16909 40
16910 40
16911 106
16912 106
16913 106
16914 106
16915 106
16916 70
16917 106
16918 106
16919 31
16920 922
16921 106
16922 106
16923 40
16924 104
16925 1126
16926 40
16927 40
16928 786
16929 77
16930 40
16931 40
16932 40
16933 5
16934 5
16935 680
16936 1084
16937 893
16938 40
16939 110
16940 786
16941 12
16942 40
16943 5
16944 922
16945 40
16946 886
16947 110
16948 40
16949 106
16950 40
16951 1214
16952 40
16953 106
16954 884
16955 110
16956 31
16957 40
16958 40
16959 104
16960 904
16961 786
16962 40
16963 40
16964 891
16965 916
16966 104
16967 40
16968 138
16969 5
16970 106
16971 1075
16972 5
16973 106
16974 680
16975 889
16976 1296
16977 1296
16978 14
16979 1296
16980 886
16981 48
16982 48
16983 40
16984 31
16985 786
16986 1460
16987 922
16988 40
16989 40
16990 40
16991 40
16992 884
16993 31
16994 40
16995 1104
16996 40
16997 40
16998 882
16999 40
17000 40
17001 40
17002 40
17003 40
17004 40
17005 40
17006 40
17007 40
17008 40
17009 40
17010 106
17011 922
17012 904
17013 40
17014 891
17015 893
17016 104
17017 1075
17018 893
17019 238
17020 40
17021 40
17022 40
17023 40
17024 889
17025 1296
17026 40
17027 106
17028 40
17029 106
17030 106
17031 886
17032 40
17033 40
17034 1536
17035 215
17036 922
17037 106
17038 40
17039 106
17040 922
17041 55
17042 40
17043 40
17044 922
17045 142
17046 40
17047 1296
17048 40
17049 1075
17050 922
17051 106
17052 1460
17053 55
17054 215
17055 1126
17056 886
17057 55
17058 40
17059 1542
17060 40
17061 31
17062 40
17063 896
17064 172
17065 106
17066 922
17067 69
17068 69
17069 40
17070 69
17071 69
17072 106
