26558 730
26559 730
26560 1092
26561 1559
26562 893
26563 1755
26564 730
26565 1786
26566 1753
26567 730
26568 920
26569 1754
26570 1558
26571 931
26572 1778
26573 1779
26574 603
26575 583
26576 582
26577 797
26578 1786
26579 1559
26580 730
26581 730
26582 1
26583 730
26584 730
26585 1092
26586 730
26587 1779
26588 1142
26589 1297
26590 1142
26591 593
26592 1142
26593 730
26594 730
26595 1297
26596 730
26597 113
26598 1297
26599 1292
26600 1153
26601 1292
26602 581
26603 730
26604 607
26605 133
26606 1
26607 1
26608 1784
26609 613
26610 613
26611 1420
26612 730
26613 1292
26614 920
26615 593
26616 730
26617 1786
26618 1297
26619 1755
26620 730
26621 730
26622 1292
26623 730
26624 603
26625 1784
26626 607
26627 730
26628 730
26629 47
26630 1002
26631 730
26632 730
26633 730
26634 730
26635 580
26636 1757
26637 1754
26638 730
26639 730
26640 69
26641 1297
26642 1292
26643 730
26644 730
26645 730
26646 1786
26647 69
26648 730
26649 127
26650 730
26651 1559
26652 730
26653 730
26654 1779
26655 1292
26656 730
26657 730
26658 1558
26659 730
26660 1784
26661 1791
26662 1784
26663 1786
26664 730
26665 1792
26666 1142
26667 1755
26668 730
26669 730
26670 730
26671 730
26672 730
26673 580
26674 730
26675 730
26676 730
26677 0
26678 911
26679 1755
26680 730
26681 603
26682 1932
26683 1779
26684 730
26685 1757
26686 730
26687 1292
26688 730
26689 1581
26690 613
26691 607
26692 730
26693 1754
26694 999
26695 730
26696 1092
26697 1292
26698 730
26699 730
26700 1786
26701 603
26702 1278
26703 727
26704 1757
26705 727
26706 580
26707 1779
26708 730
26709 730
26710 1753
26711 730
26712 1092
26713 1779
26714 728
26715 1297
26716 730
26717 730
26718 1796
26719 69
26720 1787
26721 730
26722 730
26723 1753
26724 0
26725 1581
26726 1292
26727 1297
26728 25
26729 1754
26730 1933
26731 1779
26732 1756
26733 1142
26734 1753
26735 603
26736 893
26737 1786
26738 730
26739 1802
26740 931
26741 610
26742 1779
26743 1
26744 607
26745 730
26746 1292
26747 730
26748 1798
26749 1784
26750 22
26751 730
26752 730
26753 1779
26754 1786
26755 1559
26756 1757
26757 103
26758 1420
26759 582
26760 1297
26761 583
26762 1757
26763 730
26764 113
26765 1755
26766 1755
26767 1292
26768 127
26769 110
26770 1799
26771 1297
26772 730
26773 1786
26774 580
26775 1292
26776 730
26777 730
26778 931
26779 730
26780 1092
26781 730
26782 730
26783 1297
26784 911
26785 1753
26786 730
26787 1784
26788 1757
26789 603
26790 1786
26791 1755
26792 999
26793 1145
26794 931
26795 1218
26796 1297
26797 730
26798 1754
26799 1092
26800 1787
26801 603
26802 1139
26803 730
26804 1139
26805 730
26806 142
26807 1754
26808 730
26809 1297
26810 730
26811 1753
26812 1757
26813 730
26814 730
26815 1278
26816 69
26817 1790
26818 730
26819 730
26820 1297
26821 730
26822 580
26823 69
26824 730
26825 730
26826 730
26827 1754
26828 1755
26829 1802
26830 1297
26831 1803
26832 1297
26833 931
26834 730
26835 1753
26836 127
26837 603
26838 1297
26839 730
26840 610
26841 931
26842 1786
26843 1757
26844 1297
26845 103
26846 1292
26847 730
26848 730
26849 1063
26850 1786
26851 22
26852 1571
26853 911
26854 730
26855 603
26856 730
26857 730
26858 69
26859 730
26860 730
26861 0
26862 730
26863 25
26864 613
26865 1297
26866 1804
26867 730
26868 1786
26869 1558
26870 69
26871 1755
26872 589
26873 730
26874 1784
26875 580
26876 1297
26877 1786
26878 1297
26879 1753
26880 139
26881 583
26882 580
26883 727
26884 1806
26885 1297
26886 1757
26887 730
26888 603
26889 1754
26890 1754
26891 1757
26892 22
26893 1292
26894 1297
26895 0
26896 603
26897 1292
26898 1297
26899 1145
26900 582
26901 99
26902 1755
26903 730
26904 730
26905 1218
26906 1297
26907 1786
26908 730
26909 931
26910 1786
26911 730
26912 1292
26913 1754
26914 730
26915 730
26916 730
26917 127
26918 1292
26919 730
26920 730
26921 1753
26922 2
26923 1292
26924 1297
26925 1975
26926 730
26927 730
26928 1292
26929 1142
26930 1810
26931 1092
26932 610
26933 603
26934 728
26935 1
26936 1753
26937 1754
26938 1811
26939 1779
26940 1092
26941 730
26942 1057
26943 797
26944 730
26945 1292
26946 1297
26947 1786
26948 1757
26949 1802
26950 1278
26951 1755
26952 607
26953 1297
26954 1786
26955 1297
26956 730
26957 898
26958 1799
26959 29
26960 1786
26961 1755
26962 1297
26963 1
26964 1796
26965 593
26966 730
26967 1754
26968 730
26969 25
26970 730
26971 1786
26972 730
26973 730
26974 730
26975 730
26976 1934
26977 1292
26978 730
26979 730
26980 730
26981 1755
26982 1297
26983 730
26984 1420
26985 1786
26986 730
26987 730
26988 1142
26989 730
26990 1755
26991 1755
26992 898
26993 593
26994 1786
26995 730
26996 603
26997 1292
26998 1297
26999 1063
27000 1092
27001 1559
27002 1002
27003 730
27004 1786
27005 1297
27006 1297
27007 1779
27008 1754
27009 25
27010 1754
27011 1755
27012 797
27013 118
27014 730
27015 1754
27016 1784
27017 127
27018 728
27019 1297
27020 1292
27021 613
27022 580
27023 589
27024 1753
27025 1786
27026 730
27027 730
27028 730
27029 1297
27030 1755
27031 1755
27032 1757
27033 73
27034 1092
27035 797
27036 0
27037 603
27038 1757
27039 1779
27040 1092
27041 1297
27042 1779
27043 1292
27044 730
27045 1786
27046 730
27047 730
27048 1034
27049 797
27050 730
27051 730
27052 581
27053 730
27054 142
27055 1286
27056 730
27057 62
27058 1754
27059 1790
27060 1778
27061 1558
27062 1754
27063 794
27064 730
27065 1791
27066 0
27067 730
27068 730
27069 1292
27070 1297
27071 730
27072 730
27073 22
27074 730
27075 1292
27076 1786
27077 0
27078 580
27079 1755
27080 730
27081 603
27082 1786
27083 730
27084 1292
27085 580
27086 1786
27087 1786
27088 893
27089 1292
27090 730
27091 1786
27092 69
27093 1
27094 730
27095 730
27096 67
27097 730
27098 730
27099 1935
27100 730
27101 1297
27102 730
27103 2005
27104 730
27105 1786
27106 1145
27107 730
27108 730
27109 1798
27110 730
27111 1786
27112 730
27113 1558
27114 1753
27115 730
27116 730
27117 1292
27118 69
27119 1559
27120 1278
27121 730
27122 1779
27123 1753
27124 730
27125 1292
27126 1292
27127 1297
27128 730
27129 1218
27130 593
27131 1092
27132 1292
27133 1753
27134 1292
27135 1792
27136 730
27137 1818
27138 730
27139 1786
27140 22
27141 1278
27142 730
27143 730
27144 730
27145 589
27146 1757
27147 730
27148 730
27149 920
27150 730
27151 1292
27152 1786
27153 1
27154 1786
27155 103
27156 1
27157 730
27158 142
27159 1779
27160 730
27161 1558
27162 730
27163 1803
27164 1297
27165 1571
27166 1297
27167 1820
27168 1297
27169 25
27170 1297
27171 730
27172 1786
27173 1779
27174 730
27175 1292
27176 1570
27177 797
27178 1062
27179 1755
27180 730
27181 1753
27182 730
27183 730
27184 730
27185 69
27186 730
27187 1786
27188 1092
27189 1802
27190 1757
27191 1753
27192 1292
27193 1063
27194 730
27195 1559
27196 148
27197 1292
27198 730
27199 1754
27200 1292
27201 730
27202 1278
27203 1784
27204 1786
27205 730
27206 613
27207 1559
27208 25
27209 730
27210 1218
27211 581
27212 1297
27213 893
27214 1787
27215 69
27216 1754
27217 603
27218 1754
27219 603
27220 730
27221 1755
27222 583
27223 103
27224 1278
27225 1754
27226 1292
27227 1786
27228 1292
27229 1292
27230 730
27231 730
27232 1786
27233 730
27234 730
27235 68
27236 1786
27237 1297
27238 142
27239 610
27240 610
27241 730
27242 580
27243 1297
27244 730
27245 823
27246 730
27247 730
27248 730
27249 730
27250 730
27251 893
27252 1292
27253 1062
27254 580
27255 1297
27256 613
27257 730
27258 730
27259 1297
27260 1034
27261 1786
27262 1292
27263 127
27264 1297
27265 2
27266 893
27267 589
27268 1297
27269 730
27270 730
27271 581
27272 1
27273 1297
27274 1139
27275 142
27276 1936
27277 730
27278 1297
27279 1297
27280 1825
27281 1292
27282 1820
27283 1292
27284 730
27285 580
27286 1826
27287 920
27288 730
27289 1754
27290 911
27291 1754
27292 730
27293 1827
27294 127
27295 730
27296 1757
27297 142
27298 1002
27299 1292
27300 1558
27301 1445
27302 730
27303 730
27304 730
27305 22
27306 2005
27307 1559
27308 1754
27309 730
27310 730
27311 69
27312 730
27313 1754
27314 1786
27315 0
27316 1092
27317 727
27318 730
27319 1292
27320 127
27321 1297
27322 1754
27323 127
27324 1292
27325 1297
27326 730
27327 1297
27328 607
27329 603
27330 1753
27331 730
27332 73
27333 797
27334 103
27335 730
27336 730
27337 730
27338 1786
27339 1755
27340 730
27341 1292
27342 1779
27343 730
27344 585
27345 1297
27346 1292
27347 1786
27348 29
27349 730
27350 1292
27351 730
27352 1292
27353 730
27354 730
27355 730
27356 1297
27357 1753
27358 730
27359 1753
27360 893
27361 894
27362 1753
27363 1297
27364 730
27365 1937
27366 1753
27367 580
27368 730
27369 928
27370 730
27371 730
27372 1002
27373 1297
27374 730
27375 150
27376 730
27377 1754
27378 1755
27379 1754
27380 1297
27381 1755
27382 730
27383 730
27384 1297
27385 730
27386 727
27387 1297
27388 1755
27389 1292
27390 920
27391 593
27392 730
27393 1297
27394 1779
27395 730
27396 1786
27397 1292
27398 730
27399 69
27400 730
27401 730
27402 1786
27403 730
27404 1083
27405 730
27406 613
27407 1753
27408 37
27409 1057
27410 1062
27411 1810
27412 603
27413 1753
27414 730
27415 1292
27416 1292
27417 1784
27418 911
27419 730
27420 103
27421 730
27422 1938
27423 1792
27424 1292
27425 127
27426 1292
27427 730
27428 730
27429 730
27430 603
27431 1576
27432 1753
27433 1786
27434 42
27435 26
27436 0
27437 730
27438 1753
27439 1297
27440 1297
27441 1755
27442 1779
27443 118
27444 1145
27445 1559
27446 1755
27447 73
27448 730
27449 730
27450 730
27451 730
27452 1798
27453 730
27454 1297
27455 603
27456 1420
27457 1939
27458 730
27459 1784
27460 730
27461 1292
27462 730
27463 1786
27464 581
27465 1786
27466 0
27467 730
27468 1297
27469 1754
27470 2019
27471 1753
27472 1292
27473 730
27474 1786
27475 1784
27476 730
27477 1292
27478 1757
27479 1092
27480 730
27481 730
27482 610
27483 730
27484 730
27485 2025
27486 730
27487 931
27488 1786
27489 1753
27490 1754
27491 113
27492 1753
27493 1297
27494 920
27495 1420
27496 603
27497 1292
27498 1292
27499 1292
27500 1806
27501 1092
27502 1292
27503 730
27504 730
27505 1297
27506 1292
27507 1558
27508 730
27509 1786
27510 1784
27511 1292
27512 730
27513 1786
27514 1786
27515 1292
27516 1063
27517 1754
27518 583
27519 69
27520 730
27521 1083
27522 635
27523 1753
27524 1796
27525 730
27526 1571
27527 1092
27528 730
27529 1754
27530 1753
27531 2
27532 1
27533 1292
27534 1292
27535 1796
27536 1297
27537 1803
27538 1092
27539 603
27540 142
27541 730
27542 730
27543 142
27544 730
27545 1062
27546 1297
27547 1092
27548 730
27549 730
27550 730
27551 1757
27552 1792
27553 142
27554 1278
27555 1292
27556 730
27557 63
27558 1779
27559 1802
27560 730
27561 1754
27562 920
27563 730
27564 1755
27565 22
27566 730
27567 1757
27568 580
27569 730
27570 2019
27571 1297
27572 730
27573 589
27574 1753
27575 1757
27576 1975
27577 730
27578 730
27579 730
27580 1779
27581 1297
27582 1292
27583 730
27584 1784
27585 580
27586 1831
27587 603
27588 730
27589 730
27590 69
27591 1292
27592 1755
27593 1292
27594 730
27595 1779
27596 1786
27597 730
27598 1297
27599 1798
27600 1786
27601 730
27602 730
27603 1218
27604 1297
27605 797
27606 1558
27607 1786
27608 1779
27609 730
27610 593
27611 730
27612 1297
27613 1757
27614 730
27615 1754
27616 1297
27617 730
27618 1297
27619 1278
27620 1092
27621 1753
27622 730
27623 0
27624 730
27625 730
27626 1297
27627 1292
27628 1092
27629 1786
27630 603
27631 1786
27632 1810
27633 1297
27634 1292
27635 1297
27636 127
27637 1292
27638 914
27639 730
27640 797
27641 1786
27642 1582
27643 1786
27644 1213
27645 1292
27646 1092
27647 920
27648 730
27649 69
27650 730
27651 730
27652 1297
27653 593
27654 1297
27655 1420
27656 0
27657 1754
27658 730
27659 1002
27660 1966
27661 593
27662 730
27663 1786
27664 730
27665 1559
27666 1297
27667 730
27668 1063
27669 1
27670 1940
27671 1278
27672 1757
27673 1941
27674 0
27675 730
27676 1757
27677 1280
27678 73
27679 730
27680 1757
27681 1754
27682 730
27683 730
27684 22
27685 1410
27686 730
27687 148
27688 730
27689 730
27690 1779
27691 1942
27692 730
27693 1145
27694 1779
27695 730
27696 730
27697 1292
27698 1558
27699 1297
27700 730
27701 1783
27702 1278
27703 1420
27704 1779
27705 730
27706 730
27707 931
27708 1755
27709 730
27710 1558
27711 1753
27712 1092
27713 1292
27714 730
27715 730
27716 730
27717 1754
27718 1292
27719 911
27720 730
27721 1292
27722 730
27723 730
27724 69
27725 728
27726 730
27727 730
27728 603
27729 1292
27730 730
27731 1786
27732 730
27733 589
27734 730
27735 730
27736 1
27737 1787
27738 1943
27739 1292
27740 1297
27741 730
27742 1754
27743 1754
27744 730
27745 90
27746 25
27747 1753
27748 1092
27749 911
27750 730
27751 1786
27752 29
27753 1292
27754 1292
27755 1292
27756 1063
27757 1344
27758 730
27759 730
27760 1802
27761 730
27762 1145
27763 1779
27764 1063
27765 920
27766 730
27767 69
27768 1755
27769 1754
27770 1297
27771 1757
27772 730
27773 1787
27774 1755
27775 1292
27776 911
27777 1944
27778 1786
27779 1063
27780 730
27781 1757
27782 1753
27783 730
27784 29
27785 1297
27786 69
27787 1786
27788 59
27789 730
27790 730
27791 1292
27792 1786
27793 730
27794 1292
27795 1297
27796 1786
27797 730
27798 69
27799 730
27800 1786
27801 1420
27802 142
27803 1571
27804 1779
27805 1779
27806 1297
27807 1292
27808 730
27809 730
27810 1779
27811 22
27812 1092
27813 1292
27814 1057
27815 1062
27816 1811
27817 797
27818 730
27819 730
27820 730
27821 730
27822 730
27823 1811
27824 730
27825 911
27826 730
27827 1753
27828 1297
27829 730
27830 1786
27831 730
27832 1
27833 1063
27834 1297
27835 1753
27836 1796
27837 1278
27838 893
27839 730
27840 730
27841 1297
27842 730
27843 1297
27844 1292
27845 730
27846 1297
27847 1786
27848 1754
27849 730
27850 1420
27851 1292
27852 730
27853 1292
27854 730
27855 142
27856 730
27857 1292
27858 1218
27859 730
27860 594
27861 730
27862 127
27863 1754
27864 589
27865 730
27866 730
27867 1754
27868 603
27869 730
27870 1786
27871 69
27872 1083
27873 730
27874 730
27875 1753
27876 603
27877 730
27878 730
27879 22
27880 1946
27881 1779
27882 1292
27883 1292
27884 1292
27885 893
27886 613
27887 1755
27888 1755
27889 730
27890 1825
27891 730
27892 1804
27893 730
27894 1779
27895 607
27896 1757
27897 1297
27898 1292
27899 730
27900 1755
27901 1297
27902 1063
27903 1297
27904 113
27905 1784
27906 730
27907 730
27908 1292
27909 127
27910 730
27911 1757
27912 730
27913 730
27914 730
27915 730
27916 22
27917 730
27918 127
27919 1292
27920 730
27921 1753
27922 0
27923 1786
27924 1838
27925 1297
27926 1063
27927 1755
27928 1827
27929 730
27930 1753
27931 730
27932 1297
27933 610
27934 730
27935 893
27936 1757
27937 142
27938 1786
27939 730
27940 931
27941 1753
27942 1297
27943 1292
27944 730
27945 1754
27946 1297
27947 730
27948 1753
27949 730
27950 1786
27951 730
27952 1755
27953 1753
27954 730
27955 730
27956 730
27957 1297
27958 1420
27959 1297
27960 1947
27961 1755
27962 730
27963 730
27964 1802
27965 1092
27966 581
27967 1420
27968 142
27969 1753
27970 730
27971 1754
27972 582
27973 1948
27974 730
27975 730
27976 730
27977 730
27978 730
27979 1779
27980 15
27981 1292
27982 1754
27983 583
27984 1292
27985 1753
27986 1063
27987 1754
27988 1826
27989 730
27990 730
27991 69
27992 1559
27993 1754
27994 1786
27995 1754
27996 1792
27997 1
27998 730
27999 1558
28000 730
28001 730
28002 730
28003 1292
28004 1559
28005 582
28006 22
28007 1753
28008 603
28009 1292
28010 69
28011 1754
28012 1
28013 1779
28014 911
28015 1278
28016 1784
28017 730
28018 1297
28019 730
28020 1297
28021 0
28022 589
28023 589
28024 730
28025 730
28026 730
28027 730
28028 790
28029 1297
28030 730
28031 1292
28032 613
28033 730
28034 1786
28035 1755
28036 580
28037 931
28038 580
28039 730
28040 730
28041 1292
28042 103
28043 22
28044 51
28045 1297
28046 593
28047 1786
28048 1753
28049 1092
28050 730
28051 730
28052 730
28053 730
28054 1949
28055 1787
28056 1292
28057 730
28058 1559
28059 1784
28060 22
28061 730
28062 1753
28063 0
28064 730
28065 1783
28066 730
28067 1063
28068 730
28069 1786
28070 730
28071 730
28072 730
28073 1779
28074 1754
28075 1786
28076 730
28077 1786
28078 1292
28079 730
28080 1754
28081 730
28082 1292
28083 730
28084 730
28085 1278
28086 1796
28087 730
28088 1754
28089 730
28090 1092
28091 1292
28092 730
28093 898
28094 607
28095 1297
28096 1278
28097 1063
28098 127
28099 1034
28100 1292
28101 1755
28102 1292
28103 1292
28104 730
28105 1754
28106 1818
28107 1754
28108 103
28109 1292
28110 730
28111 1786
28112 1755
28113 1558
28114 1786
28115 613
28116 1786
28117 730
28118 730
28119 797
28120 1753
28121 730
28122 603
28123 1753
28124 73
28125 893
28126 613
28127 1297
28128 1754
28129 1786
28130 730
28131 1825
28132 1966
28133 1063
28134 730
28135 730
28136 730
28137 1092
28138 1292
28139 582
28140 730
28141 730
28142 1754
28143 1297
28144 1292
28145 931
28146 1292
28147 1297
28148 730
28149 1297
28150 603
28151 1755
28152 730
28153 0
28154 1950
28155 1292
28156 593
28157 730
28158 1786
28159 1292
28160 1838
28161 730
28162 1297
28163 603
28164 1292
28165 580
28166 580
28167 1292
28168 893
28169 1092
28170 634
28171 1757
28172 730
28173 580
28174 118
28175 69
28176 730
28177 1838
28178 797
28179 1292
28180 730
28181 730
28182 610
28183 730
28184 730
28185 1292
28186 67
28187 69
28188 730
28189 1802
28190 1754
28191 1779
28192 1786
28193 730
28194 127
28195 1786
28196 730
28197 1292
28198 1
28199 1790
28200 730
28201 1297
28202 1292
28203 1558
28204 1092
28205 730
28206 730
28207 1779
28208 730
28209 593
28210 730
28211 604
28212 730
28213 1951
28214 1297
28215 730
28216 730
28217 1297
28218 121
28219 1754
28220 69
28221 1292
28222 1558
28223 1786
28224 1297
28225 730
28226 1804
28227 1753
28228 593
28229 730
28230 730
28231 1292
28232 893
28233 1297
28234 127
28235 1292
28236 730
28237 580
28238 730
28239 1755
28240 730
28241 1755
28242 1558
28243 1292
28244 730
28245 1753
28246 1573
28247 893
28248 730
28249 730
28250 69
28251 1786
28252 730
28253 752
28254 1786
28255 730
28256 1786
28257 1297
28258 573
28259 1297
28260 1297
28261 730
28262 1786
28263 1798
28264 593
28265 1786
28266 1755
28267 1292
28268 730
28269 730
28270 730
28271 1297
28272 1
28273 730
28274 730
28275 583
28276 730
28277 69
28278 2025
28279 583
28280 1786
28281 1292
28282 1754
28283 1292
28284 730
28285 1292
28286 1779
28287 1757
28288 1755
28289 730
28290 1297
28291 580
28292 603
28293 893
28294 1779
28295 730
28296 1754
28297 730
28298 730
28299 1786
28300 730
28301 1779
28302 1297
28303 730
28304 730
28305 1779
28306 1754
28307 730
28308 730
28309 1802
28310 1753
28311 1784
28312 1292
28313 603
28314 730
28315 730
28316 1292
28317 1754
28318 1755
28319 1558
28320 730
28321 1292
28322 730
28323 1576
28324 1297
28325 1292
28326 1755
28327 1292
28328 730
28329 1952
28330 1581
28331 730
28332 1786
28333 1779
28334 730
28335 1757
28336 1754
28337 1292
28338 730
28339 1754
28340 730
28341 1753
28342 730
28343 580
28344 1297
28345 730
28346 1755
28347 610
28348 1786
28349 580
28350 730
28351 730
28352 1786
28353 1757
28354 730
28355 593
28356 127
28357 1754
28358 1292
28359 1802
28360 730
28361 1292
28362 1420
28363 730
28364 22
28365 730
28366 730
28367 730
28368 69
28369 1297
28370 730
28371 931
28372 1297
28373 730
28374 1297
28375 1278
28376 1754
28377 110
28378 730
28379 1297
28380 730
28381 1063
28382 1297
28383 69
28384 1292
28385 1796
28386 1297
28387 1754
28388 1292
28389 581
28390 1779
28391 730
28392 1142
28393 1755
28394 69
28395 730
28396 797
28397 1757
28398 2025
28399 1831
28400 1132
28401 1803
28402 1753
28403 1838
28404 730
28405 1779
28406 90
28407 1292
28408 1786
28409 730
28410 1297
28411 1779
28412 610
28413 730
28414 1753
28415 1786
28416 893
28417 730
28418 1787
28419 730
28420 1420
28421 730
28422 1218
28423 920
28424 730
28425 1297
28426 1754
28427 1779
28428 897
28429 589
28430 1297
28431 837
28432 603
28433 603
28434 603
28435 1297
28436 1779
28437 1297
28438 897
28439 1297
28440 603
28441 1779
28442 1297
28443 589
28444 837
28445 1297
28446 1779
28447 1779
28448 1779
28449 789
28450 1779
28451 1063
28452 897
28453 1779
28454 1297
