8352 39
8353 148
8354 2194
8355 58
8356 140
8357 132
8358 4
8359 8
8360 113
8361 99
8362 64
8363 88
8364 658
8365 791
8366 13
8367 99
8368 80
8369 41
8370 13
8371 140
8372 86
8373 24
8374 85
8375 41
8376 80
8377 96
8378 2194
8379 118
8380 86
8381 77
8382 63
8383 132
8384 13
8385 155
8386 41
8387 132
8388 41
8389 2176
8390 31
8391 8
8392 80
8393 15
8394 41
8395 77
8396 58
8397 37
8398 24
8399 155
8400 33
8401 38
8402 13
8403 113
8404 2229
8405 75
8406 13
8407 184
8408 932
8409 39
8410 27
8411 33
8412 41
8413 86
8414 33
8415 113
8416 100
8417 8
8418 27
8419 16
8420 31
8421 933
8422 155
8423 24
8424 49
8425 31
8426 184
8427 3
8428 11
8429 140
8430 13
8431 755
8432 116
8433 78
8434 2
8435 68
8436 113
8437 113
8438 23
8439 123
8440 74
8441 78
8442 16
8443 37
8444 49
8445 810
8446 118
8447 13
8448 74
8449 13
8450 13
8451 91
8452 27
8453 13
8454 27
8455 32
8456 44
8457 74
8458 101
8459 184
8460 141
8461 21
8462 33
8463 99
8464 86
8465 39
8466 33
8467 113
8468 13
8469 25
8470 23
8471 27
8472 101
8473 8
8474 27
8475 16
8476 75
8477 34
8478 141
8479 91
8480 3
8481 52
8482 118
8483 5
8484 13
8485 51
8486 72
8487 31
8488 130
8489 25
8490 99
8491 109
8492 64
8493 3
8494 34
8495 8
8496 15
8497 2
8498 91
8499 24
8500 21
8501 11
8502 129
8503 85
8504 118
8505 76
8506 64
8507 11
8508 13
8509 91
8510 2198
8511 86
8512 25
8513 31
8514 34
8515 132
8516 68
8517 72
8518 47
8519 86
8520 1139
8521 73
8522 24
8523 531
8524 21
8525 72
8526 791
8527 77
8528 100
8529 113
8530 47
8531 933
8532 16
8533 13
8534 23
8535 74
8536 68
8537 4
8538 74
8539 91
8540 55
8541 85
8542 13
8543 74
8544 982
8545 2294
8546 15
8547 4
8548 99
8549 63
8550 104
8551 189
8552 155
8553 982
8554 872
8555 68
8556 933
8557 141
8558 41
8559 11
8560 31
8561 17
8562 32
8563 119
8564 4
8565 13
8566 119
8567 86
8568 4
8569 39
8570 123
8571 13
8572 148
8573 37
8574 141
8575 3
8576 119
8577 2194
8578 1259
8579 2198
8580 74
8581 13
8582 36
8583 25
8584 15
8585 91
8586 8
8587 75
8588 85
8589 41
8590 74
8591 8
8592 13
8593 81
8594 74
8595 74
8596 189
8597 74
8598 81
8599 119
8600 85
8601 74
8602 118
8603 36
8604 11
8605 39
8606 44
8607 137
8608 23
8609 13
8610 75
8611 868
8612 113
8613 118
8614 47
8615 4
8616 8
8617 1077
8618 34
8619 27
8620 112
8621 2226
8622 8
8623 74
8624 56
8625 16
8626 75
8627 141
8628 33
8629 132
8630 32
8631 24
8632 113
8633 72
8634 99
8635 100
8636 74
8637 126
8638 13
8639 658
8640 155
8641 63
8642 99
8643 9
8644 123
8645 21
8646 17
8647 37
8648 59
8649 41
8650 72
8651 130
8652 49
8653 74
8654 74
8655 75
8656 109
8657 116
8658 1077
8659 123
8660 132
8661 101
8662 1139
8663 143
8664 116
8665 37
8666 23
8667 119
8668 87
8669 13
8670 4
8671 3
8672 99
8673 27
8674 4
8675 49
8676 129
8677 9
8678 74
8679 68
8680 104
8681 2296
8682 77
8683 13
8684 31
8685 13
8686 113
8687 148
8688 13
8689 76
8690 4
8691 64
8692 85
8693 75
8694 74
8695 8
8696 5
8697 99
8698 23
8699 49
8700 27
8701 75
8702 86
8703 86
8704 76
8705 933
8706 99
8707 85
8708 56
8709 121
8710 104
8711 72
8712 47
8713 129
8714 41
8715 74
8716 143
8717 41
8718 51
8719 25
8720 13
8721 99
8722 13
8723 939
8724 118
8725 51
8726 74
8727 86
8728 112
8729 99
8730 33
8731 140
8732 75
8733 37
8734 47
8735 99
8736 189
8737 86
8738 74
8739 13
8740 74
8741 56
8742 113
8743 74
8744 146
8745 33
8746 91
8747 16
8748 26
8749 791
8750 155
8751 75
8752 933
8753 2295
8754 86
8755 99
8756 141
8757 96
8758 5
8759 49
8760 1139
8761 21
8762 933
8763 2298
8764 15
8765 113
8766 47
8767 31
8768 74
8769 123
8770 80
8771 100
8772 16
8773 81
8774 99
8775 52
8776 24
8777 4
8778 2299
8779 113
8780 4
8781 88
8782 99
8783 13
8784 33
8785 47
8786 121
8787 32
8788 34
8789 13
8790 51
8791 24
8792 8
8793 153
8794 58
8795 24
8796 86
8797 2206
8798 4
8799 140
8800 112
8801 21
8802 34
8803 17
8804 99
8805 47
8806 2206
8807 74
8808 2206
8809 932
8810 153
8811 3
8812 74
8813 13
8814 51
8815 15
8816 51
8817 13
8818 101
8819 74
8820 112
8821 80
8822 99
8823 36
8824 72
8825 531
8826 72
8827 3
8828 13
8829 78
8830 112
8831 868
8832 148
8833 31
8834 100
8835 99
8836 123
8837 13
8838 132
8839 86
8840 74
8841 146
8842 8
8843 75
8844 81
8845 85
8846 868
8847 8
8848 113
8849 4
8850 49
8851 17
8852 118
8853 118
8854 2229
8855 129
8856 85
8857 791
8858 68
8859 47
8860 16
8861 64
8862 13
8863 13
8864 86
8865 24
8866 34
8867 129
8868 132
8869 80
8870 118
8871 99
8872 32
8873 47
8874 75
8875 74
8876 75
8877 81
8878 4
8879 86
8880 99
8881 3
8882 86
8883 41
8884 4
8885 755
8886 74
8887 119
8888 73
8889 74
8890 856
8891 4
8892 872
8893 143
8894 75
8895 104
8896 132
8897 2226
8898 189
8899 13
8900 184
8901 13
8902 99
8903 116
8904 81
8905 155
8906 31
8907 13
8908 116
8909 116
8910 155
8911 13
8912 13
8913 119
8914 49
8915 23
8916 8
8917 88
8918 100
8919 68
8920 86
8921 4
8922 31
8923 47
8924 121
8925 189
8926 25
8927 132
8928 118
8929 9
8930 116
8931 47
8932 33
8933 72
8934 104
8935 72
8936 96
8937 3
8938 72
8939 129
8940 74
8941 78
8942 77
8943 189
8944 23
8945 13
8946 8
8947 856
8948 74
8949 140
8950 2300
8951 47
8952 21
8953 85
8954 2229
8955 17
8956 658
8957 13
8958 34
8959 80
8960 99
8961 140
8962 1139
8963 55
8964 118
8965 39
8966 24
8967 21
8968 32
8969 32
8970 148
8971 129
8972 116
8973 13
8974 52
8975 141
8976 13
8977 132
8978 56
8979 74
8980 542
8981 189
8982 13
8983 658
8984 77
8985 112
8986 31
8987 16
8988 119
8989 16
8990 112
8991 4
8992 155
8993 74
8994 1139
8995 81
8996 33
8997 119
8998 116
8999 21
9000 31
9001 80
9002 104
9003 13
9004 37
9005 143
9006 47
9007 3
9008 3
9009 2
9010 13
9011 91
9012 791
9013 74
9014 72
9015 2297
9016 91
9017 137
9018 132
9019 146
9020 27
9021 13
9022 1139
9023 25
9024 141
9025 80
9026 119
9027 189
9028 86
9029 27
9030 25
9031 52
9032 31
9033 13
9034 74
9035 72
9036 74
9037 32
9038 3
9039 74
9040 23
9041 113
9042 112
9043 23
9044 13
9045 140
9046 13
9047 148
