6727 868
6728 868
6729 868
6730 868
6731 868
6732 868
6733 868
6734 868
6735 868
6736 868
6737 868
6738 868
6739 868
6740 868
6741 868
6742 868
6743 868
6744 868
6745 868
6746 868
6747 868
6748 868
6749 868
6750 868
6751 868
6752 868
6753 868
6754 868
6755 868
6756 868
6757 868
6758 868
6759 868
6760 868
6761 868
6762 868
6763 868
6764 868
6765 868
6766 868
6767 868
6768 868
6769 868
6770 868
6771 868
6772 868
6773 868
6774 868
6775 868
6776 868
6777 868
6778 868
6779 868
6780 868
6781 868
6782 868
6783 868
6784 868
6785 868
6786 868
6787 868
6788 868
6789 868
6790 868
6791 868
6792 868
6793 868
6794 870
6795 870
6796 870
6797 870
6798 870
6799 870
6800 870
6801 870
6802 870
6803 870
6804 870
6805 870
6806 870
6807 870
6808 870
6809 870
6810 870
6811 870
6812 870
6813 870
6814 870
6815 870
6816 870
6817 870
6818 870
6819 870
6820 870
6821 870
6822 870
6823 870
6824 870
6825 870
6826 870
6827 870
6828 870
6829 870
6830 870
6831 870
6832 870
6833 13
6834 13
6835 13
6836 13
6837 13
6838 13
6839 13
6840 13
6841 998
6842 999
6843 999
6844 999
6845 641
6846 66
6847 591
6848 1000
6849 1001
6850 998
6851 96
6852 857
6853 591
6854 86
6855 1001
6856 999
6857 1001
6858 999
6859 999
6860 999
6861 1001
6862 1021
6863 999
6864 999
6865 999
6866 1001
6867 1001
6868 1006
6869 999
6870 86
6871 999
6872 86
6873 81
6874 65
6875 1001
6876 95
6877 999
6878 1000
6879 48
6880 641
6881 836
6882 65
6883 1001
6884 999
6885 1001
6886 999
6887 999
6888 999
6889 999
6890 836
6891 65
6892 1001
6893 591
6894 998
6895 1001
6896 86
6897 96
6898 836
6899 1001
6900 836
6901 999
6902 857
6903 427
6904 999
6905 65
6906 836
6907 1000
6908 999
6909 1001
6910 81
6911 86
6912 999
6913 1000
6914 999
6915 999
6916 999
6917 1001
6918 1001
6919 1087
6920 576
6921 637
6922 999
6923 1001
6924 999
6925 999
6926 999
6927 999
6928 999
6929 65
6930 86
6931 999
6932 999
6933 1001
6934 999
6935 790
6936 1001
6937 95
6938 1006
6939 999
6940 836
6941 86
6942 999
6943 1006
6944 999
6945 1088
6946 998
6947 1001
6948 999
6949 42
6950 999
6951 872
6952 81
6953 999
6954 1001
6955 427
6956 999
6957 401
6958 415
6959 415
6960 415
6961 401
6962 415
6963 33
6964 456
6965 415
6966 415
6967 415
6968 456
6969 415
6970 415
6971 415
6972 33
6973 33
6974 415
6975 415
6976 415
6977 415
6978 415
6979 415
6980 33
6981 33
6982 415
6983 33
6984 33
6985 415
6986 415
6987 415
6988 95
6989 415
6990 29
6991 415
6992 415
6993 33
6994 415
6995 415
6996 415
6997 29
6998 415
6999 415
7000 415
7001 33
7002 29
7003 401
7004 33
7005 401
7006 415
7007 33
7008 401
7009 415
7010 415
7011 415
7012 415
7013 415
7014 415
7015 415
7016 415
7017 781
7018 781
7019 781
7020 781
7021 781
7022 781
7023 781
7024 781
7025 781
7026 781
7027 781
7028 781
7029 781
7030 781
7031 781
7032 1089
7033 781
7034 781
7035 781
7036 781
7037 781
7038 781
7039 766
7040 781
7041 619
7042 781
7043 781
7044 781
7045 781
7046 781
7047 619
7048 781
7049 1090
7050 619
7051 894
7052 781
7053 781
7054 781
7055 781
7056 781
7057 781
7058 781
7059 781
7060 781
7061 781
7062 781
7063 619
7064 781
7065 781
7066 781
7067 781
7068 781
7069 781
7070 791
7071 791
7072 791
7073 791
7074 791
7075 791
7076 791
7077 791
7078 791
7079 791
7080 791
7081 791
7082 791
7083 791
7084 791
7085 791
7086 791
7087 791
7088 791
7089 791
7090 791
7091 791
7092 1021
7093 1001
7094 1001
7095 1001
7096 1091
7097 571
7098 1019
7099 1020
7100 1021
7101 1092
7102 1020
7103 1021
7104 1021
7105 1021
7106 1021
7107 1021
7108 1021
7109 1021
7110 1021
7111 1021
7112 1020
7113 1021
7114 1021
7115 1021
7116 1019
7117 1021
7118 1093
7119 1027
7120 8
7121 462
7122 1027
7123 1028
7124 1028
7125 1028
7126 1028
7127 1028
7128 1028
7129 1028
7130 1028
7131 1028
7132 1028
7133 1028
7134 48
7135 48
7136 31
7137 868
7138 46
7139 1029
7140 1029
7141 48
7142 1029
7143 48
7144 1029
7145 48
7146 48
7147 1029
7148 48
7149 46
7150 1029
7151 48
7152 1031
7153 1029
7154 48
7155 1029
7156 48
7157 48
7158 1029
7159 1029
7160 1029
7161 48
7162 1029
7163 1029
7164 31
7165 902
7166 902
7167 902
7168 902
7169 902
7170 902
7171 902
7172 902
7173 902
7174 902
7175 902
7176 902
7177 902
7178 902
7179 902
7180 902
7181 902
7182 902
7183 902
7184 902
7185 902
7186 902
7187 902
7188 902
7189 902
7190 902
7191 902
7192 902
7193 902
7194 902
7195 902
7196 902
7197 902
7198 902
7199 902
7200 902
7201 902
7202 902
7203 53
7204 902
7205 902
7206 902
7207 902
7208 902
7209 902
7210 902
7211 902
7212 902
7213 88
7214 1030
7215 88
7216 88
7217 88
7218 88
7219 88
7220 469
7221 88
7222 88
7223 88
7224 88
7225 88
7226 88
7227 88
7228 88
7229 88
7230 88
7231 88
7232 88
7233 1030
7234 88
7235 88
7236 88
7237 88
7238 88
7239 88
7240 88
7241 88
7242 88
7243 1031
7244 1031
7245 1031
7246 1031
7247 1031
7248 1031
7249 1031
7250 1031
7251 1031
7252 1031
7253 1031
7254 1031
7255 1031
7256 1031
7257 571
7258 1031
7259 1031
7260 1031
7261 1031
7262 1031
7263 1031
7264 1031
7265 1031
7266 1031
7267 1031
7268 1031
7269 1031
7270 1031
7271 1031
7272 871
7273 1031
7274 1031
7275 1031
7276 1031
7277 1031
7278 1031
7279 1031
7280 1031
7281 1031
7282 902
7283 902
7284 902
7285 902
7286 902
7287 902
7288 1032
7289 902
7290 902
7291 902
7292 902
7293 902
7294 902
7295 902
7296 902
7297 902
7298 902
7299 902
7300 1033
7301 902
7302 902
7303 902
7304 902
7305 68
7306 902
7307 902
7308 902
7309 902
7310 902
7311 902
7312 902
7313 902
7314 902
7315 902
7316 902
7317 902
7318 1032
7319 902
7320 902
7321 902
7322 902
7323 902
7324 902
7325 902
7326 902
7327 902
7328 1032
7329 902
7330 902
7331 902
7332 1032
7333 53
7334 902
7335 902
7336 902
7337 902
7338 1032
7339 902
7340 902
7341 902
7342 902
7343 902
7344 902
7345 902
7346 902
7347 902
7348 902
7349 902
7350 68
7351 902
7352 902
7353 902
7354 902
7355 902
7356 902
7357 902
7358 902
7359 1033
7360 1032
7361 902
7362 902
7363 902
7364 902
7365 53
7366 902
7367 902
7368 902
7369 902
7370 1104
7371 902
7372 902
7373 902
7374 583
7375 902
7376 902
7377 902
7378 902
7379 902
7380 1104
7381 902
7382 902
7383 53
7384 902
7385 1032
7386 902
7387 902
7388 1032
7389 902
7390 902
7391 902
7392 902
7393 902
7394 1032
7395 902
7396 902
7397 902
7398 1094
7399 902
7400 902
7401 902
7402 902
7403 902
7404 902
7405 902
7406 902
7407 902
7408 902
7409 902
7410 583
7411 902
7412 902
7413 902
7414 601
7415 70
7416 70
7417 70
7418 70
7419 70
7420 70
7421 115
7422 1099
7423 601
7424 601
7425 1099
7426 1095
7427 601
7428 115
7429 601
7430 601
7431 115
7432 601
7433 115
7434 598
7435 601
7436 1037
7437 601
7438 601
7439 601
7440 1037
7441 601
7442 601
7443 1037
7444 601
7445 488
7446 488
7447 488
7448 437
7449 488
7450 488
7451 488
7452 488
7453 488
7454 432
7455 437
7456 488
7457 488
7458 488
7459 488
7460 488
7461 488
7462 488
7463 488
7464 488
7465 488
7466 488
7467 488
7468 488
7469 432
7470 488
7471 488
7472 488
7473 488
7474 437
7475 488
7476 488
7477 437
7478 488
7479 488
7480 488
7481 488
7482 437
7483 488
7484 488
7485 488
7486 437
7487 488
7488 488
7489 488
7490 488
7491 488
7492 488
7493 488
7494 437
7495 488
7496 488
7497 87
7498 87
7499 87
7500 87
7501 87
7502 87
7503 836
7504 87
7505 87
7506 87
7507 87
7508 87
7509 1038
7510 87
7511 836
7512 87
7513 87
7514 87
7515 87
7516 87
7517 87
7518 87
7519 87
7520 87
7521 87
7522 87
7523 87
7524 87
7525 87
7526 87
7527 1038
7528 87
7529 87
7530 1038
7531 87
7532 87
7533 87
7534 87
7535 87
7536 87
7537 87
7538 87
7539 87
7540 601
7541 601
7542 601
7543 770
7544 601
7545 770
7546 601
7547 601
7548 601
7549 601
7550 1139
7551 601
7552 601
7553 601
7554 601
7555 601
7556 601
7557 601
7558 601
7559 601
7560 601
7561 601
7562 601
7563 601
7564 601
7565 1139
7566 601
7567 601
7568 601
7569 601
7570 601
7571 601
7572 601
7573 601
7574 601
7575 601
7576 601
7577 601
7578 601
7579 601
7580 601
7581 601
7582 601
7583 1096
7584 868
7585 112
7586 618
7587 868
7588 500
7589 500
7590 915
7591 476
7592 500
7593 500
7594 103
7595 500
7596 894
7597 103
7598 894
7599 759
7600 103
7601 500
7602 759
7603 894
7604 103
7605 10
7606 10
7607 10
7608 894
7609 894
7610 10
7611 894
7612 894
7613 103
7614 894
7615 894
7616 894
7617 894
7618 894
7619 10
7620 894
7621 894
7622 894
7623 894
7624 10
7625 480
7626 480
7627 865
7628 480
7629 480
7630 865
7631 480
7632 480
7633 865
7634 480
7635 865
7636 480
7637 480
7638 865
7639 480
7640 480
7641 865
7642 480
7643 865
7644 480
7645 480
7646 480
7647 480
7648 865
7649 480
7650 480
7651 865
7652 865
7653 865
7654 61
7655 591
7656 462
7657 61
7658 61
7659 61
7660 60
7661 60
7662 60
7663 61
7664 61
7665 462
7666 61
7667 874
7668 60
7669 61
7670 591
7671 591
7672 60
7673 61
7674 61
7675 61
7676 462
7677 61
7678 591
7679 60
7680 61
7681 60
7682 61
7683 60
7684 61
7685 61
7686 61
7687 60
