8372 611
10355 612
6047 613
9895 614
9791 615
57 616
1640 614
9566 619
2925 36
7804 618
8140 619
9112 620
10412 621
1366 620
8516 612
4446 611
5015 623
10895 620
6167 49
1175 620
7493 620
686 624
10916 620
7974 611
3321 36
4722 778
10001 615
10601 611
457 623
6778 36
5830 619
10123 619
3932 20
7055 624
8145 615
3303 611
10558 614
199 612
6812 610
3298 610
7871 610
6218 611
6454 620
8816 623
158 611
2560 618
4159 616
7373 610
10375 624
9966 615
9903 615
9785 611
6079 611
2024 619
3270 624
7811 36
9783 615
7201 619
2125 612
9126 624
3385 624
78 619
2027 610
6504 624
4847 615
791 611
7380 779
5732 615
3935 620
120 614
6353 615
9354 624
7439 620
5619 629
8858 615
6488 623
6366 611
10172 620
6374 624
7702 623
10988 614
8718 623
1599 619
6004 614
1338 612
9286 629
7358 36
2443 611
4250 619
2050 614
1710 620
8796 611
8464 620
7071 610
2223 610
4220 629
1647 610
5570 30
3988 624
8435 615
5583 610
5626 624
8312 615
5174 623
4678 614
4042 611
3123 30
4189 615
1119 614
6330 620
6302 623
801 614
5117 30
6721 614
10159 620
3712 620
2866 610
2699 613
10546 614
5746 614
3743 629
8790 623
4239 610
6091 610
487 636
7313 615
1677 619
10644 624
5217 618
8651 36
1590 615
6986 610
881 622
7768 615
9198 624
10380 611
5588 610
6961 615
9839 619
562 610
8303 612
3335 615
7958 615
628 623
658 636
1990 623
38 636
593 636
4789 615
4941 620
8086 620
10391 612
3804 610
1740 656
8702 611
1530 623
10652 620
9321 615
8519 620
10777 620
3029 620
10243 614
4430 614
1973 620
9300 619
139 615
4762 36
10681 615
4493 620
412 623
6441 615
4256 623
10930 620
10948 620
11039 610
1631 638
10677 623
1979 614
1715 619
5681 613
8882 611
3309 638
1734 614
2409 623
1471 615
4093 30
6132 616
3496 610
7832 614
10121 614
8238 610
9836 629
8173 620
5651 614
3345 620
7523 620
1160 615
2574 629
3579 36
1153 620
10329 614
10238 618
3180 620
6764 623
4844 623
1872 36
4851 30
7390 610
2625 619
9248 615
5258 641
4679 611
9570 624
9504 615
666 624
9517 615
7674 614
6451 620
10747 623
7078 600
2631 618
4931 614
2659 615
8349 620
4166 620
4988 610
6767 610
10927 619
3139 614
8864 624
1098 610
9276 611
7581 615
3188 612
880 624
4786 623
4935 611
1019 623
5253 620
8413 611
11022 624
6538 614
10242 620
8879 624
10896 620
79 614
6583 615
5382 624
10866 611
10865 610
5427 624
10958 638
5321 643
8723 20
77 615
7024 623
8505 619
3986 36
1058 780
9549 49
8711 20
1271 620
5576 619
4247 624
7305 620
8301 615
7011 643
6041 619
5391 620
10757 629
8241 624
6188 620
7824 623
9690 611
1748 629
7617 620
3114 620
5936 623
5151 620
7849 641
8020 620
6410 612
8488 36
1408 624
3054 620
4613 615
6443 621
9078 623
2026 616
4362 629
3510 620
2759 623
4454 619
9755 620
10244 610
10041 623
3333 620
7560 623
4502 615
6141 620
1917 620
10855 624
3763 623
4450 612
2310 618
4948 620
3310 615
7498 612
6201 37
6916 623
5944 624
4919 623
10368 620
1924 623
6491 623
7142 619
4210 624
5233 615
5307 600
6769 620
1315 624
1429 620
1597 623
6765 36
1426 619
7613 781
6174 619
3070 624
10102 624
4347 30
9666 614
7701 782
7694 611
7334 36
10935 614
334 636
10444 624
9131 610
592 636
1278 619
4020 623
5019 36
5255 624
10081 619
8919 615
9924 624
9201 656
9093 629
2817 620
10802 614
176 623
6111 624
3253 783
1537 620
10346 624
2366 624
6736 624
6771 619
5484 614
586 623
7519 614
5969 629
4699 612
10301 615
1198 611
6745 614
2289 610
8658 614
5541 620
5700 615
2180 624
8703 611
4462 624
2196 36
8136 620
6356 620
20 620
10991 624
3647 613
9760 616
6946 614
988 623
1258 610
7972 620
3601 619
4429 624
8202 611
5270 610
311 610
1242 620
1566 611
767 636
4636 624
10632 619
7587 36
477 623
8028 36
2792 30
2999 610
7541 620
2651 30
9794 614
8737 620
1205 636
2718 612
10455 629
6998 623
2845 20
926 610
1936 620
1914 623
6312 784
2534 610
3805 624
5186 610
501 610
8193 623
10155 620
883 620
2132 613
5327 611
4691 619
847 624
4472 624
9798 623
6708 610
10996 610
1741 623
9497 614
7830 620
8536 615
10542 619
3065 618
2345 785
10814 620
9030 610
11005 615
2380 20
8814 623
1446 36
8297 624
8555 615
10672 600
10624 36
1679 620
2757 611
10941 786
6929 611
10609 624
5289 620
8148 614
587 636
4004 614
8259 624
8920 620
4950 611
1866 620
3371 616
4561 620
8839 620
9227 618
5392 615
2737 620
4215 620
2295 619
7283 612
707 636
3124 629
9433 614
9148 787
2157 611
5138 620
6693 620
9450 620
6157 36
873 788
5866 611
5422 620
7497 611
6267 612
7673 624
3720 615
2833 611
6957 619
9765 620
5702 614
483 614
3445 624
4296 612
8511 618
6582 614
6177 623
6176 624
8059 620
4649 610
2244 618
11023 620
9736 614
1302 612
8617 614
8380 624
5438 620
8727 611
7126 614
2324 611
1135 636
11041 620
2916 615
6641 611
10857 629
4495 623
6907 789
11093 615
9101 614
7564 614
2882 790
2806 624
4576 610
7036 624
9206 615
3923 611
6958 615
8005 614
5056 610
10660 614
8063 619
7465 615
10559 629
10269 623
7170 600
10067 624
1277 624
6085 20
7939 611
7510 623
11091 613
8485 656
5434 614
9224 36
1601 620
240 615
5742 624
2692 614
4906 643
542 611
8725 623
6578 623
7355 620
7138 624
10470 611
8754 624
7807 36
8035 611
8106 610
7648 36
1531 624
497 620
5331 30
6656 36
4018 612
2343 615
2897 619
1892 611
3594 610
6671 36
2205 620
117 623
4845 619
6105 610
4776 613
1871 614
662 623
836 620
4928 611
5276 611
9923 614
9578 624
4259 620
1364 619
2791 624
6673 615
2904 622
9608 36
10310 615
9529 600
4121 623
4089 620
8214 629
3252 622
9284 624
1061 620
11094 624
1009 614
1882 629
3931 620
9298 624
8571 610
2238 614
1044 656
9028 629
3495 614
7545 624
1938 656
602 791
5768 612
5882 643
5553 620
4833 620
9481 610
9920 611
8189 615
10277 610
5394 615
822 614
771 636
4405 620
2776 620
4229 615
1935 612
9220 20
8132 614
7387 620
4532 792
1586 641
10066 620
472 610
7424 624
4270 619
7309 623
2468 614
2255 614
966 636
2986 620
7296 36
7050 620
9863 620
5987 620
6243 620
905 610
576 610
289 636
9655 619
7400 624
1097 615
10998 622
10680 623
1718 624
706 629
6354 622
10954 611
6386 610
5110 623
99 611
7040 620
10163 620
10397 619
4902 620
5284 610
9260 615
7359 615
5035 623
6730 610
9684 620
2142 615
3525 36
7924 36
4130 610
4644 620
3501 656
833 615
2250 624
8157 620
2209 614
3293 619
60 622
5412 623
4949 615
10280 623
4278 615
1984 616
1189 620
2589 623
8679 615
2972 620
9063 620
8092 611
8826 20
2870 611
11011 612
4081 615
2689 615
509 793
82 616
9721 660
2401 794
112 660
