5551 1384
5659 1618
5854 1496
475 1501
6049 1496
5332 1496
1343 1501
7791 1409
8606 1501
10157 1501
7993 1366
5889 1409
5350 658
1085 1496
1980 1368
8286 30
6716 1384
10234 1367
724 1505
1561 1378
7904 1409
6737 1384
10638 1409
424 1496
4843 1362
1190 1366
10400 1409
6459 1409
1419 1409
544 1384
5499 1496
10454 1505
10856 1409
5163 1496
8476 1366
4281 1366
93 1496
10221 1384
2121 30
351 1501
3083 1384
7808 1409
2261 1366
8456 1501
1676 1496
9488 1366
3688 1409
1217 1384
8836 1367
7030 1409
3953 1496
4657 1384
748 1366
1347 1366
6282 1022
1803 1496
9355 1366
10057 1366
2135 30
10990 30
6309 1409
5135 1366
2442 1505
6628 1384
7798 1368
10750 523
10045 1366
10971 1409
5340 1366
1376 1501
9421 1409
819 1496
7396 1384
5689 1384
4547 1496
3439 1496
5813 1074
10791 1367
10666 1384
9251 1367
4186 1384
9659 1366
8564 1384
7028 1409
463 1496
7211 1359
4825 1496
10080 1366
86 1366
8254 1409
5981 30
8405 1366
4420 1501
2684 998
9772 1366
9874 1409
3771 1496
5185 1409
5028 30
3542 1366
2002 1496
7234 1384
3921 1409
7503 1384
4318 1496
692 1409
153 1366
9969 1367
2854 1366
4954 1508
3572 1357
10966 1358
4297 1505
5881 1496
1683 1496
10576 1363
9850 1501
9291 1505
3217 1409
3486 1384
2709 1368
8625 1367
217 1496
2993 1496
2677 1505
1013 1368
2789 1362
10101 1409
182 1496
1326 1496
4654 1409
1974 1384
6379 1409
4272 1409
4284 1508
6670 1359
765 1496
5519 1501
3834 1367
3729 30
2519 1384
7180 1366
9278 1409
70 30
3088 1384
6594 1366
5677 1496
6364 1384
7154 1384
7178 1409
1084 1368
3503 1501
9928 1367
4099 1366
3791 1366
726 1505
10315 1366
4741 1366
3405 1496
6300 1384
11027 1367
10742 30
9122 1505
10432 1409
5269 1496
3614 1496
1521 1496
10784 1501
8644 1367
899 1501
6535 1496
3714 1384
3433 1409
6360 1366
4809 1366
5855 30
9723 1501
8496 1366
6734 1501
1091 30
434 1508
8253 1366
6260 1409
2734 1496
9711 1501
1208 30
2758 1366
7290 1366
4849 1496
9358 1409
4905 1366
8941 1409
8442 1367
5959 1501
4034 1496
908 1501
5 1409
1128 1366
556 1501
10860 1367
1922 1619
9565 1366
2968 1409
6478 1511
7520 1409
2477 1366
5786 1366
1967 1496
6542 1366
6948 1409
3962 1496
5795 1501
370 1496
8433 1409
1052 1366
49 1501
4548 1505
3425 20
201 1620
7755 1501
8849 1384
3296 1409
5108 1505
1030 1496
906 1496
4952 30
3754 1366
1910 1409
395 1496
8874 1366
4195 1496
9282 1621
3662 1409
4282 1409
4507 1384
4124 1496
1393 1496
1604 658
1682 1496
1116 1384
8777 1384
4386 1496
1054 1384
2867 1496
1181 1409
5621 1501
8659 1367
8251 1367
9624 1409
5389 1409
10290 1409
5485 1368
8358 1409
7136 1501
6144 1496
3189 1622
107 1496
3424 1409
2153 1505
10191 1501
2895 1384
6484 1496
9454 1384
845 1384
6444 1496
9051 1409
4739 1384
9144 1366
2609 1409
5839 1496
9214 1366
4043 1384
6717 1409
5740 1496
9299 1366
9267 1384
2666 1496
6770 1505
10385 1409
9388 523
1959 1366
10867 1366
3629 1496
6471 1409
1944 1366
4211 1409
8626 1366
222 1496
2145 1366
9636 1366
9452 1409
6080 1147
9166 1409
4970 1366
8798 1384
8240 1366
8915 1358
1577 1496
5311 1496
7433 998
5805 1501
5143 1384
1231 1505
2714 1623
2150 1409
5325 1384
9135 1384
9626 1505
1079 1496
7416 1366
1799 1409
4177 1366
5540 1409
10303 1409
8004 1409
2988 1409
5561 1505
2778 1366
5281 1496
2131 1384
5709 1366
3827 1368
7226 1409
7637 1409
3524 30
4794 1384
4832 1496
10752 1409
2031 1366
361 1366
6404 1496
3238 1384
8921 1409
2451 1366
8751 1366
1262 1496
6682 1409
1810 1384
7434 1384
4817 30
4470 1505
4803 1501
2104 1368
10151 1409
5512 1505
1405 1505
11026 30
5314 30
8670 1409
6877 1409
1016 1496
8208 1505
10250 1409
697 1357
7013 30
6363 1384
346 1384
5672 1366
3818 30
10451 1409
4761 1496
6621 1384
6886 1366
336 738
3214 1496
4571 1368
9053 1409
1432 1496
9085 1505
7371 1409
5181 1367
2479 1384
1144 658
6603 1496
8016 1384
8091 30
1825 1384
3010 1496
1124 1409
5791 1496
3669 1366
3889 1505
3774 1501
8339 30
4443 1359
1389 1624
1862 1384
849 1366
1755 1366
3016 1368
1310 1496
7667 1501
1948 1501
965 1496
8829 1505
10008 1409
10732 1384
1783 30
3393 1409
5312 1366
1828 1409
8396 1501
9677 1366
9692 1409
5364 1409
8441 1409
55 1501
5997 30
1390 1409
774 1496
2500 1409
5747 1384
2134 1366
9718 1367
1751 1496
1379 1366
4610 1368
142 1496
2355 1409
3528 1384
5528 1496
1209 1501
5126 1496
154 1409
5249 1366
8532 1367
4692 654
3278 1366
3090 1409
116 1409
9952 30
8780 1384
956 1366
8568 1384
5566 1384
6367 1384
8794 30
536 1496
795 1366
8769 1367
11080 1384
3440 1384
8655 1366
1007 1409
2556 1366
9404 1367
6211 844
2025 1409
1543 1496
8227 1409
1427 1501
2583 1366
6082 1384
3388 1496
5095 1625
5366 1626
751 1409
2626 1505
8547 1384
3027 1366
2888 1496
7319 1501
3514 30
8128 1409
3286 1511
2543 1366
1012 30
2003 1384
3929 1496
4976 1496
805 1409
2764 1366
2323 1496
7601 1501
1036 658
7513 1384
9280 1505
7914 1409
7797 1366
9099 1366
2316 1384
10720 1367
4402 1496
8355 30
7470 1505
8277 1501
7193 1505
6293 1501
5153 1384
9642 1384
6806 1380
6689 1409
3957 1496
10983 1505
9683 1409
4828 1498
9207 1366
6756 1505
496 1627
4764 1409
9965 1409
8884 1409
3398 1501
8475 1367
10403 1367
2670 1496
3009 1496
11104 1366
8674 1384
7082 1366
3554 1366
10982 1359
9967 1409
2105 1368
379 1409
8537 1628
102 1496
1472 1496
10430 1366
1650 1384
10339 1505
4999 1368
4642 1409
5964 1409
994 1409
9953 1368
3430 1409
10480 1367
2007 1496
3742 1366
6854 1366
5012 1409
1724 1409
66 1501
3689 1366
8690 1384
1594 1366
468 1355
5940 1496
10520 1409
9792 1366
37 1629
10967 1409
3306 1496
5405 1409
6864 1505
9265 1366
7746 1384
5906 1496
5876 1384
4942 30
10399 1384
3535 1496
6453 1366
5060 1409
1028 1384
7042 1409
394 1074
6261 1501
1888 1366
5778 1366
3810 1384
9414 1366
10727 1366
378 30
4146 1508
10664 1358
1684 1496
9048 1630
4365 1496
7338 1501
4367 1508
10602 1367
8116 1133
2695 1384
6817 1409
7496 1384
10092 1384
784 1505
10710 1409
10844 1501
1663 1496
3131 1409
10580 1366
7294 1505
1069 1496
2638 1368
3196 1409
5829 1496
2706 1409
1421 1384
7929 1409
6283 1409
7149 1366
7711 1366
6284 1496
2983 1496
2351 1505
3574 1496
10705 1501
2048 1409
3768 1496
10452 1366
4756 1409
5458 1496
7440 1384
10291 1631
8991 1368
2774 1409
9867 1366
10336 1505
1867 1409
9749 1384
6526 1409
5442 1496
1371 1384
9846 30
5572 1501
4062 1366
3103 1366
7655 1368
2964 1366
3258 1366
3797 1495
10755 1384
3875 1501
7524 30
8439 1367
10021 1367
6021 1409
8237 1366
1551 1496
5300 1496
4842 1496
7224 1632
5053 1409
1746 30
5913 1496
8615 1384
1542 1384
6127 1366
2012 1496
6921 1366
1359 1496
3108 1409
3997 1366
7862 1366
10721 1409
8570 1367
1614 1409
2546 1366
5329 740
10137 1409
8772 1367
4924 1496
9823 1366
7098 1409
4463 1366
4787 1366
7321 1366
7097 1384
10889 1501
4519 1501
10515 1360
3389 1384
5986 1366
9095 1409
8307 1366
621 1409
10858 30
9313 1505
94 654
841 1384
5670 1496
4668 1496
7235 1384
5443 1633
1595 1235
1730 516
7851 1356
5031 1532
7715 1535
10643 1634
3166 1532
3322 1635
4880 1535
10267 744
2998 1409
4962 1536
7761 1636
4830 1536
2229 1235
6842 1637
4160 1356
8218 1496
1883 1535
