5200 0
8797 7
624 2
7973 3
7750 5
7953 5
2226 5
9436 7
3239 8
8788 14
2462 231
10340 2
3005 5
444 5
10356 14
8302 35
10342 5
3604 5
3877 5
10626 2
4168 49
11056 33
4414 44
2326 5
8087 5
547 7
467 5
4611 23
8069 5
5361 0
7512 2
7461 5
6259 5
6772 2
6748 25
1776 33
10207 49
75 5
2947 5
3324 29
9987 5
5752 14
617 50
9560 2
183 14
8612 5
730 33
6928 49
3441 35
3399 35
6963 5
3908 49
7207 0
647 14
4295 157
8806 7
3284 3
2934 156
1214 14
2872 7
6838 35
6993 7
579 2
973 3
3221 14
10287 5
1026 5
4790 5
10093 2
63 49
5042 5
3036 2
10447 2
2466 46
10011 529
2660 5
2542 5
6038 14
4437 35
4153 49
6485 2
8443 3
2529 35
9281 49
2159 5
3391 49
3341 2
5090 5
362 50
6452 3
2402 5
3739 5
10007 5
840 50
1775 44
2826 33
9638 49
799 49
8266 7
5803 5
1829 5
6039 49
1363 7
5992 5
9330 5
2809 44
5127 5
8477 0
6913 49
5072 5
8247 29
3110 1754
7128 5
364 49
2376 7
4768 35
6763 7
9266 5
8741 49
7222 5
4738 2
7553 2
10279 7
1291 49
171 49
6376 14
2987 578
8978 49
4945 7
10888 396
4629 5
10064 5
15 5
8216 5
2941 5
10615 44
7337 0
3904 328
7006 46
3281 0
1248 3
4996 5
3442 2
644 33
11024 5
119 49
10204 5
1947 5
2498 14
7979 49
8285 5
226 5
5977 3
7733 49
180 5
3903 7
786 2
8155 25
1671 71
8215 49
8289 0
9041 5
9665 5
5593 35
10715 578
250 5
6337 14
8808 7
506 5
8233 33
257 35
10919 5
3099 5
3902 5
5000 49
7867 14
7209 3
10343 5
8050 3
9610 478
9106 5
1809 5
3417 0
889 3
6883 2
10997 2
7385 5
7297 35
857 5
9138 49
534 49
2446 2
194 7
5656 5
1927 5
9972 2
6896 5
7015 49
7687 2
10286 49
10334 136
1221 2
8733 2
794 5
5198 49
8779 5
8529 5
718 35
599 14
5629 5
9378 5
6029 5
4222 49
7395 5
10831 2
10215 5
8802 35
8076 328
3759 49
6138 7
5182 35
6009 84
3515 3
1301 2
10822 49
10862 2
7638 5
10790 7
9825 5
2620 85
10094 5
4521 3
6567 49
7147 49
2253 5
10766 5
6849 5
4427 5
3275 5
8866 87
5271 2
3779 49
6915 33
8397 2
2548 35
11053 5
7575 49
7220 49
6875 5
3966 2
2531 49
2005 5
10767 3
10782 33
9162 49
6528 2
2438 5
5932 5
8245 5
7700 49
5050 3
10471 5
2394 7
2410 7
4178 2
515 5
4217 3
5929 3
9713 5
884 91
2830 5
8647 3
7922 2
409 3
215 2
5852 2
262 146
6633 49
5694 5
10494 5
3916 2
6990 5
7590 49
8360 5
5967 0
2973 145
5013 3
4400 14
10424 14
6588 49
2784 44
5505 49
8239 35
4490 49
9125 5
865 35
772 5
4392 155
594 5
4388 49
6679 25
1367 35
9004 3
9939 5
10186 35
2004 7
6590 2
8665 2
4381 33
7968 14
6296 35
5925 35
426 49
4655 5
5129 29
2869 49
9367 14
7473 7
3644 14
9466 49
4283 5
7194 3
554 14
7043 2
7063 49
8187 14
9753 2
4376 71
2461 5
3502 5
2189 14
1981 35
6247 5
267 582
3547 35
3096 0
1788 5
2639 49
7594 7
7437 49
590 14
7411 5
9787 49
4048 5
2383 35
1645 3
437 35
8038 2
4929 5
5395 35
10035 5
10881 2
315 5
8150 35
1184 2
6050 5
6876 35
7218 5
4854 2
1807 3
8057 49
6971 5
1115 5
1225 35
8686 5
9384 49
4133 3
1451 5
1559 5
6497 5
10594 33
6209 49
8632 8
10522 5
1641 5
6837 5
10072 49
10217 5
352 1755
10821 3
9962 14
4645 49
287 2
3259 5
4723 2
7197 107
6874 29
6494 29
3523 14
7692 2
9885 5
4023 14
8415 5
1329 29
10565 5
8742 25
6407 5
10567 25
7270 33
4205 49
8467 5
5018 5
6324 14
10245 7
7818 5
4562 25
5671 3
7704 85
238 33
9594 33
1555 25
721 49
7726 3
1708 25
842 2
8110 5
10588 49
3226 5
9395 35
6202 25
6465 5
6223 5
3039 5
675 49
9577 7
9086 5
8624 49
2191 7
460 44
36 35
6131 5
4403 49
2773 5
923 25
10293 5
1493 2
8573 2
7948 2
2406 7
749 111
4662 35
1630 35
6598 14
5604 85
9801 5
2202 35
4930 49
4037 49
1121 49
10886 146
2910 7
824 25
10545 114
9656 85
2748 29
10091 49
10469 28
717 25
6062 14
10171 5
9259 35
2297 29
10731 35
8436 5
11074 14
9340 14
4951 5
7267 49
1352 5
2623 5
3773 49
5728 590
2674 23
1065 50
6623 14
8068 49
2318 35
1375 7
6168 7
10711 5
10472 33
7573 14
9602 49
4506 114
9646 49
4040 5
113 3
6574 46
2991 5
9604 14
2475 49
7855 5
4010 5
8437 5
7105 14
7900 228
10040 35
10226 25
8494 35
7820 7
9857 49
5466 5
4086 5
7657 0
943 5
8618 14
875 49
8168 328
1722 3
2304 7
3558 553
7527 49
5636 2
4351 3
11014 23
1818 35
6024 5
7597 49
421 28
7774 49
40 2
1920 49
4015 49
4698 33
2364 5
1100 14
7357 0
11089 5
2040 49
10233 3
2970 49
4893 14
1660 87
812 2
9547 8
7559 14
6718 5
6196 2
6276 5
3989 49
10679 33
7372 14
1435 3
3857 5
8403 5
8112 5
8178 14
1930 49
7626 14
8465 29
7893 5
3257 5
2098 5
7876 33
5275 5
1629 33
4439 5
5637 13
2169 35
948 7
2654 7
2829 1756
7012 2
3522 35
2658 49
1680 5
6753 5
4060 5
7348 3
11102 3
6666 5
4172 14
4511 14
5582 0
6683 0
10768 5
856 1757
4366 2
3120 5
3452 162
9348 5
2077 14
4125 5
7003 5
9285 2
500 5
3260 5
356 35
5688 2
4426 5
5673 5
9598 35
1616 5
5809 14
8765 5
5687 49
685 49
1245 50
10099 33
8269 5
10532 5
6531 14
10869 3
2954 5
3802 2
141 25
6543 5
7759 14
10331 49
2164 5
9728 3
9633 7
5537 49
9344 5
636 5
155 5
7827 49
8793 33
3569 35
7915 49
4031 35
890 5
1523 5
7454 25
9784 7
3018 33
7730 14
10911 35
10466 5
1298 478
5494 49
6011 33
713 49
3211 5
7085 49
7274 14
8810 33
5545 5
1194 3
3203 7
3415 14
508 5
8479 2
6449 85
6005 2
4721 2
10177 5
2284 49
5158 13
2909 5
9989 5
10304 35
2089 5
7370 5
9761 2
4117 5
10828 33
2520 49
9973 49
7388 5
10060 5
9599 5
8848 5
10582 7
2985 35
3606 49
10032 5
4911 33
5309 5
5534 5
10450 14
3190 3
9361 7
1992 35
3770 5
9600 14
4280 5
10811 49
2262 49
9351 3
3332 3
9977 35
7641 5
3282 14
6751 3
10637 5
5894 2
6699 5
6688 5
1811 25
10132 2
10651 5
10075 3
6899 3
3654 156
8372 136
10355 140
6047 50
9895 139
9791 140
57 141
1640 139
9566 145
2925 50
7804 146
8140 145
9112 146
10412 146
1366 146
8516 140
4446 136
5015 149
10895 146
6167 3
1175 146
7493 146
686 151
10916 146
7974 136
3321 50
4722 412
10001 140
10601 136
457 154
6778 50
5830 145
10123 145
3932 155
7055 151
8145 140
3303 146
10558 139
199 140
6812 156
3298 156
7871 156
6218 136
6454 146
8816 157
158 136
2560 146
4159 141
7373 156
10375 151
9966 140
9903 160
9785 136
6079 136
2024 145
3270 151
7811 50
9783 140
7201 145
2125 140
9126 151
3385 151
78 145
2027 156
6504 151
4847 140
791 146
7380 339
5732 140
3935 146
120 139
6353 160
9354 146
7439 146
5619 162
8858 140
6488 154
6366 146
10172 146
6374 139
7702 154
10988 139
8718 157
1599 145
6004 139
1338 140
9286 162
7358 50
2443 136
4250 145
2050 139
1710 146
8796 136
8464 146
7071 156
2223 156
4220 162
1647 156
5570 139
3988 151
8435 140
5583 156
5626 151
8312 140
5174 154
4678 139
4042 136
3123 157
4189 140
1119 139
6330 146
6302 157
801 139
5117 146
6721 139
10159 146
3712 146
2866 156
2699 50
10546 139
5746 139
3743 162
8790 149
4239 156
6091 156
487 284
7313 140
1677 145
10644 146
5217 146
8651 50
1590 140
6986 156
881 178
7768 140
9198 151
10380 136
5588 156
6961 140
9839 145
562 156
8303 140
3335 160
7958 140
628 154
658 178
1990 154
38 178
593 178
4789 160
4941 146
8086 146
10391 140
3804 156
1740 157
8702 136
1530 157
10652 146
9321 140
8519 146
10777 146
3029 146
10243 139
4430 139
1973 146
9300 145
139 140
4762 50
10681 140
4493 146
412 66
6441 140
4256 154
10930 146
10948 146
11039 156
1631 182
10677 154
1979 139
1715 145
5681 50
8882 136
3309 182
1734 139
2409 149
1471 140
4093 139
6132 141
3496 156
7832 139
10121 139
8238 156
9836 162
8173 146
5651 139
3345 146
7523 146
1160 160
2574 146
3579 50
1153 146
10329 139
10238 146
3180 146
6764 157
4844 157
1872 50
4851 139
7390 156
2625 145
9248 140
5258 186
4679 146
9570 151
9504 140
666 151
9517 160
7674 139
6451 146
10747 149
7078 111
2631 146
4931 139
2659 140
8349 146
4166 146
4988 156
6767 156
10927 145
3139 139
8864 151
1098 156
9276 136
7581 140
3188 140
880 151
4786 157
4935 136
1019 154
5253 146
8413 136
11022 151
6538 139
10242 146
8879 146
10896 146
79 139
6583 140
5382 151
10866 136
10865 156
5427 151
10958 182
5321 149
8723 155
77 140
7024 66
8505 145
3986 50
1058 1758
9549 157
8711 155
1271 146
5576 145
4247 151
7305 146
8301 160
7011 149
6041 145
5391 146
10757 162
8241 146
6188 146
7824 154
9690 136
1748 162
7617 146
3114 146
5936 66
5151 146
7849 50
8020 146
6410 140
8488 50
1408 151
3054 146
4613 160
6443 146
9078 149
2026 141
4362 140
3510 146
2759 149
4454 145
9755 146
10244 156
10041 154
3333 146
7560 157
4502 140
6141 146
1917 146
10855 151
3763 157
4450 140
2310 146
4948 146
3310 140
7498 140
6201 439
6916 157
5944 146
4919 157
10368 146
1924 157
6491 66
7142 145
4210 151
5233 140
5307 111
6769 146
1315 146
1429 146
1597 149
6765 50
1426 145
7613 149
6174 145
3070 151
10102 151
4347 139
9666 139
7701 227
7694 136
7334 50
10935 139
334 178
10444 151
9131 156
592 178
1278 145
4020 157
5019 50
5255 151
10081 145
8919 140
9924 151
9201 66
9093 162
2817 146
10802 139
176 149
6111 146
3253 516
1537 146
10346 151
2366 151
6736 151
6771 145
5484 139
586 154
7519 139
5969 162
4699 140
10301 140
1198 136
6745 139
2289 156
8658 139
5541 146
5700 140
2180 151
8703 136
4462 146
2196 50
8136 146
6356 146
20 146
10991 146
3647 50
9760 639
6946 139
988 157
1258 156
7972 146
3601 145
4429 151
8202 136
5270 156
311 156
1242 146
1566 136
767 178
4636 151
10632 145
7587 73
477 157
8028 50
2792 139
2999 156
7541 146
2651 139
9794 139
8737 146
1205 178
2718 140
10455 162
6998 154
2845 155
926 156
1936 146
1914 154
6312 66
2534 156
3805 151
5186 156
501 156
8193 154
10155 146
883 146
2132 476
5327 146
4691 145
847 151
4472 151
9798 157
6708 156
10996 156
1741 157
9497 139
7830 146
8536 140
10542 145
3065 140
2345 146
10814 146
9030 156
11005 140
2380 155
8814 149
1446 50
8297 151
8555 140
10672 111
10624 50
1679 146
2757 136
10941 227
6929 136
10609 151
5289 146
8148 139
587 178
4004 139
8259 151
8920 146
4950 136
1866 146
3371 141
4561 146
8839 146
9227 146
5392 160
2737 146
4215 146
2295 145
7283 137
707 178
3124 146
9433 139
9148 151
2157 136
5138 146
6693 146
9450 146
6157 50
873 157
5866 136
5422 146
7497 136
6267 140
7673 151
3720 160
2833 136
6957 145
9765 146
5702 139
483 139
3445 151
4296 140
8511 146
6582 139
6177 154
6176 151
8059 146
4649 156
2244 146
11023 146
9736 139
1302 140
8617 139
8380 151
5438 146
8727 136
7126 139
2324 136
1135 178
11041 146
2916 140
6641 146
10857 162
4495 66
6907 140
11093 140
9101 139
7564 139
2882 50
2806 151
4576 156
7036 151
9206 140
3923 136
6958 140
8005 139
5056 156
10660 139
8063 145
7465 140
10559 146
10269 157
7170 157
10067 151
1277 151
6085 155
7939 136
7510 154
11091 50
8485 154
5434 139
9224 73
1601 146
240 140
5742 151
2692 139
4906 49
542 136
8725 149
6578 149
7355 146
7138 151
10470 146
8754 151
7807 50
8035 146
8106 156
7648 50
1531 151
497 146
5331 337
6656 50
4018 137
2343 140
2897 145
1892 136
3594 156
6671 50
2205 146
117 149
4845 145
6105 156
4776 157
1871 139
662 66
836 146
4928 162
5276 146
9923 139
9578 151
4259 146
1364 145
2791 151
6673 140
2904 23
9608 91
10310 140
9529 7
4121 157
4089 146
8214 162
3252 157
9284 151
1061 146
11094 151
1009 139
1882 136
3931 146
9298 151
8571 156
2238 139
1044 154
9028 162
3495 139
7545 146
1938 154
602 136
5768 140
5882 140
5553 146
4833 146
9481 156
9920 136
8189 140
10277 156
5394 140
822 139
771 178
4405 146
2776 146
4229 140
1935 140
9220 155
8132 139
7387 146
4532 1759
1586 186
10066 146
472 156
7424 146
4270 145
7309 66
2468 139
2255 139
966 178
2986 146
7296 50
7050 146
9863 146
5987 146
6243 146
905 156
576 156
289 178
9655 145
7400 151
1097 140
10998 149
10680 154
1718 151
706 162
6354 157
10954 136
6386 156
5110 154
99 146
7040 146
10163 146
10397 145
4902 146
5284 156
9260 160
7359 160
5035 157
6730 156
9684 146
2142 140
3525 50
7924 50
4130 156
4644 146
3501 154
833 160
2250 151
8157 146
2209 139
3293 145
60 157
5412 154
4949 140
10280 157
4278 140
1984 141
1189 146
2589 66
8679 140
2972 146
9063 146
8092 136
8826 155
2870 136
11011 140
4081 140
2689 160
509 395
82 141
9721 227
2401 228
112 227
2346 227
5502 229
8199 230
1778 231
1365 178
430 232
8074 227
5492 231
1062 232
8444 231
6739 227
5093 231
6572 232
3829 231
6989 231
4987 66
8044 231
10005 229
2665 231
3312 231
4932 227
571 232
7032 231
8823 178
4002 66
5286 231
310 231
11081 229
1529 229
6120 178
6889 229
2390 229
10139 227
2309 229
546 231
1023 229
7940 227
2258 231
9865 229
9946 66
5794 66
9779 232
3825 66
861 227
9139 227
4609 228
6185 227
9016 229
2557 227
1940 240
4673 231
9905 231
2838 227
5933 241
7509 227
3983 227
7415 227
802 66
10477 228
2166 227
3246 227
529 241
1949 232
1805 231
4456 66
9457 66
5596 66
7729 66
4440 178
5893 231
2883 66
9056 231
8472 228
10566 231
8009 228
10992 227
7966 66
3265 231
10476 1760
9365 227
5245 227
11 228
4564 66
9745 227
3972 229
9995 246
7247 231
2785 227
1029 228
4503 178
5096 231
516 227
1837 231
898 227
763 66
9184 227
4262 229
7669 231
3076 231
1709 229
2733 227
5396 231
8204 178
3366 178
3348 227
6514 227
5899 231
8451 229
4268 178
1354 227
6912 231
1569 227
11054 178
8482 227
4499 227
8613 227
8007 227
4731 229
3494 228
5303 229
1240 178
648 250
8746 229
7748 227
1692 296
7459 234
522 229
9222 66
2732 231
4232 227
4799 231
8509 229
6549 231
9991 178
7778 178
292 231
603 231
7536 228
2840 231
9593 66
4743 231
6956 178
1731 66
3025 227
8928 227
1735 178
4766 232
5213 231
9997 231
681 66
7552 227
9293 66
8724 227
9469 66
9203 231
5237 228
9368 66
1794 227
5850 149
9851 66
8287 227
3541 66
6344 66
9672 231
3928 66
10993 231
9623 178
10662 229
8975 66
4551 178
5927 227
10 232
7865 231
3051 227
10974 227
6422 229
8853 227
2265 178
10206 231
9412 231
10122 231
3557 66
10665 232
2656 178
10761 229
4702 227
2006 231
3404 66
1504 150
3092 178
6036 229
9308 231
6233 66
2428 229
7983 178
9759 229
9211 229
9837 66
9425 227
6735 229
7122 1761
454 229
2575 232
7737 229
790 227
5272 178
8850 231
80 231
1010 231
7618 66
9782 495
6614 229
5338 178
9978 66
8582 178
193 250
1089 66
3613 66
10292 231
5400 228
3881 66
6318 178
5767 227
8317 227
95 250
10257 231
10709 232
4291 231
6740 241
54 231
7978 231
8914 231
7422 227
776 255
3080 66
1795 232
1006 231
3422 231
5495 178
1204 229
6920 229
7212 66
1667 227
6197 231
3467 227
7381 231
5168 231
4451 231
2969 229
3302 231
7144 66
10516 178
6169 66
4846 228
3756 231
9196 66
249 250
909 581
5601 66
9401 231
432 66
4534 231
10308 476
2743 228
9897 66
3130 231
10353 66
8123 229
951 250
4118 229
6242 229
7109 229
6687 229
9886 178
3408 66
5504 178
6972 231
9875 227
7739 231
7407 227
6575 227
2601 229
656 250
7314 178
8870 227
2469 66
8539 229
2357 229
1107 229
843 229
9859 227
2095 231
6554 231
2149 228
6999 231
4936 231
2219 240
7346 178
5508 231
1502 178
4006 66
7244 232
355 231
1970 232
6532 227
4066 66
3222 231
7029 229
9575 66
10084 231
5902 66
9498 229
5825 178
9882 178
7489 231
5904 178
1392 227
478 66
4767 229
942 66
9619 229
5248 140
4445 234
3901 232
2861 229
3833 178
5765 66
859 229
8964 227
2740 231
9357 231
9833 178
524 66
9918 231
10485 229
3245 231
5167 227
816 231
11052 228
9113 231
9236 178
9005 229
975 231
8756 66
6762 232
6635 66
887 250
10972 178
10231 66
10363 229
5530 227
7595 227
553 250
9662 66
4704 66
1486 227
2940 231
10195 228
2221 145
4637 229
10378 232
7964 231
3056 231
5928 232
9458 178
2728 227
4387 231
5304 231
8704 145
3143 229
10271 231
6206 241
6487 231
2062 227
4185 228
11098 178
6863 231
8557 66
4109 240
8143 66
2037 231
6613 227
7412 227
4021 66
8627 66
7386 229
3174 284
3420 231
711 250
1454 66
5655 229
6969 178
8458 228
3652 66
5208 227
105 250
1195 227
8675 231
7441 178
7316 234
5041 232
4218 231
56 227
3530 229
5203 232
10468 228
9054 231
4137 178
10659 227
858 250
8585 229
4167 231
10270 229
9950 228
2489 231
5884 232
4774 231
6438 227
1060 229
1282 149
6193 227
5622 66
964 250
1230 231
4754 284
4742 228
10338 66
6941 178
7813 231
2586 178
3623 66
8460 66
6428 229
5618 228
9132 66
595 250
9489 178
1926 231
3951 231
4695 229
1869 66
523 250
6349 231
7311 178
3116 231
3067 178
481 255
963 229
1744 231
5257 228
7943 227
1764 231
7469 231
3851 229
1465 234
427 250
6783 229
7945 231
6414 66
9990 66
6530 229
4412 178
3212 227
6228 150
7887 66
10063 66
10390 231
5103 229
1757 178
8791 495
491 229
2420 35
9812 231
10462 229
2731 231
9591 66
6493 178
7722 229
4223 231
8280 231
9668 229
4592 227
4319 227
9072 227
6355 178
6944 232
1507 227
46 231
619 231
408 227
3628 231
6552 229
6536 227
8759 231
10939 227
429 478
4486 232
2640 231
7777 231
216 250
3183 229
8478 66
6189 227
8652 231
4925 229
6807 229
9304 232
1721 227
902 250
2596 231
4568 232
9383 66
3814 66
8273 227
14 250
8602 227
9024 66
4311 66
8504 227
47 229
9393 228
9465 227
2215 66
8198 227
736 66
5934 231
4595 229
4482 229
10800 228
4994 146
165 232
3363 66
5643 231
10789 229
5821 227
9943 229
417 250
2512 229
308 228
4438 66
4161 66
3968 229
512 250
10579 439
7079 228
10674 227
4079 231
2453 227
9708 66
893 231
6172 178
3251 227
151 227
947 231
358 229
5287 66
5995 227
1442 227
8574 66
2183 66
818 229
9011 229
10369 227
3963 66
332 231
4618 227
7549 228
4937 227
6507 231
10897 227
3561 231
9058 178
3506 231
10350 231
4476 162
3578 240
5365 66
8699 231
1424 231
671 255
4617 66
10776 232
482 250
7058 227
4112 66
2558 231
5009 178
4302 229
4567 232
904 250
4898 66
939 66
8446 227
2100 231
4870 229
3111 227
10235 229
2043 66
901 231
5359 178
3003 229
10696 234
9661 178
5837 232
8144 240
2900 66
2090 229
5109 231
8053 232
5451 178
9372 1762
2698 227
1129 66
248 250
111 229
4174 231
4061 229
504 66
5259 228
6134 227
8170 231
1358 240
8379 227
1289 66
59 250
9399 66
5645 227
10950 229
130 240
5952 232
5115 229
957 250
5157 229
538 231
6002 231
372 231
4326 66
4363 66
9727 66
2275 231
11076 231
8258 229
2282 66
6544 178
9580 229
5488 229
2633 231
7392 178
1141 66
1040 231
3142 227
6629 229
1284 160
4895 229
6433 66
8272 229
5372 231
10097 231
5387 231
9768 178
10863 66
4249 227
7221 227
8320 227
295 227
1840 231
5049 227
7045 228
6857 229
9080 178
3798 66
6519 229
1131 231
8498 229
237 66
228 231
7275 228
6516 231
5549 227
8603 178
10874 231
974 250
10655 227
3499 228
9810 231
8852 227
2655 231
7001 178
6046 231
3856 231
6430 66
2041 280
313 287
5634 255
5250 282
4341 283
10882 282
9373 250
623 107
7656 162
8945 250
1636 250
4141 250
1886 284
3722 250
9111 285
11071 287
8551 107
1253 287
1344 287
7622 250
9261 284
10440 250
835 282
891 287
239 287
8369 162
10893 162
384 84
2559 287
9499 162
318 287
5552 162
9179 250
5007 287
7361 282
4307 282
1649 282
953 282
5226 250
11037 291
3242 287
11090 84
4471 250
9023 287
354 287
1159 287
1526 529
10587 282
6380 162
4036 287
9644 250
9035 282
1368 250
9238 283
6728 107
659 282
3803 295
4214 162
6341 250
10196 296
3892 287
6187 250
5564 250
168 162
2123 282
8943 107
6057 282
7146 282
9387 250
2307 296
2927 107
7186 250
6970 250
5660 250
4076 287
4182 287
1243 282
9538 17
10379 151
3008 250
6146 250
9770 282
5680 250
3693 287
5455 162
8525 282
4813 107
3338 250
10850 296
2396 287
10042 250
4524 250
10929 250
8907 250
7932 250
5710 107
4989 287
4712 82
10905 282
2148 287
1562 287
2700 162
9748 250
8898 107
9147 250
3855 250
7398 162
6555 287
3215 162
3158 287
7822 107
6182 107
6033 250
708 296
1443 282
4001 107
8281 162
7895 255
1395 162
1173 282
6676 250
5864 250
9827 282
9743 250
2057 35
7160 250
7620 282
8637 162
2457 250
1838 287
3195 250
2009 250
2222 250
3022 250
6000 250
5137 287
8129 1763
8107 250
5215 162
5326 250
4680 250
1514 107
1705 282
4602 287
10728 250
1843 282
4504 250
3113 296
4313 287
10962 107
9152 250
4959 250
6304 162
8935 282
5640 162
9209 162
5486 250
6007 1764
7468 107
9256 305
5247 107
6701 107
3362 250
6720 282
7445 282
9311 282
7907 282
5164 287
5227 250
9027 107
3611 282
6217 250
5625 282
3240 162
6395 250
392 306
3551 162
1628 107
5950 284
1422 287
8449 250
9816 250
8483 287
8938 282
959 107
6239 250
6207 282
4198 250
5832 250
2761 250
3987 107
1263 553
3201 282
3925 250
9732 328
4745 287
4719 107
9881 107
5260 250
2977 287
5148 255
2813 287
10714 296
8683 250
10526 255
3900 250
5886 250
8370 250
2070 287
10211 107
10671 250
10495 162
3021 287
4058 107
5162 14
8117 296
6070 250
10108 287
6618 250
8453 250
348 287
8468 250
8094 155
5599 107
1621 250
2815 255
6636 250
7659 359
5868 250
8736 107
3692 250
10555 162
9244 107
4298 250
10405 282
2736 287
6786 282
4621 282
7236 162
2257 250
960 107
2327 287
6474 250
690 162
8817 250
8517 282
4894 250
1511 250
6083 146
7977 250
7582 250
1276 250
4273 250
5102 250
7810 282
9044 250
4055 282
2111 287
5082 287
9926 250
8235 310
8973 250
9033 255
3297 162
1733 250
6175 84
5062 287
283 282
8201 250
3313 250
3102 162
3119 287
6824 287
1769 284
2839 287
729 282
8484 250
8508 250
8933 282
1759 312
4314 107
2367 250
2162 250
4960 287
4477 283
1587 250
5638 250
10256 250
7615 250
6619 282
6711 282
7479 250
10408 250
7320 250
2564 287
8242 107
6155 84
8406 250
5901 250
6856 287
3536 250
3958 287
4897 250
3836 287
9332 250
3589 250
2158 287
7190 255
1879 250
4277 162
5136 282
3685 250
2610 250
1903 250
9337 250
6289 107
8366 250
3167 250
175 296
1169 250
5240 348
10537 287
6539 282
8486 282
8982 250
5238 255
6835 250
7745 282
161 282
1585 107
10219 284
4747 255
1210 250
9980 250
4230 282
5235 287
1053 255
1933 162
5418 250
4138 250
9462 107
848 282
5188 287
7792 250
8412 162
3868 287
8638 250
6617 162
7189 282
6695 282
6232 250
4916 287
9930 84
8609 250
7161 287
5480 250
8862 250
265 315
10912 162
5560 250
5224 250
2994 250
2300 250
4033 250
8650 282
4396 287
10621 250
7886 250
1666 250
1681 282
9233 162
7467 296
6287 250
10508 282
5388 282
8264 107
2518 250
10805 296
4542 162
8720 250
5069 250
3459 287
2863 107
1698 250
2483 282
2124 107
1491 250
1868 35
4337 35
2424 250
922 287
5501 250
5769 282
983 162
10906 250
6909 162
11003 107
9003 250
2482 250
11072 250
9268 282
3266 296
1800 250
3602 250
4884 240
9353 250
7738 250
2399 282
2503 287
8669 250
5766 250
6153 282
4526 287
5362 250
10879 282
7542 250
7162 250
4753 250
4085 162
4344 250
3780 250
1605 287
7565 250
10185 250
4836 250
7171 282
3437 250
8565 250
9514 287
7858 250
9382 282
2536 250
6119 255
1976 1765
7731 162
8097 255
1292 287
9375 287
2936 250
2494 315
3777 151
8958 84
8078 250
2647 250
3066 282
10316 162
7229 282
6858 107
3534 255
7846 155
5107 284
9508 162
1357 250
3301 250
10202 250
5077 284
2405 282
1822 250
1834 250
9746 250
9219 250
2821 250
3199 162
5453 250
2022 23
3758 287
294 287
7941 250
6997 107
6622 162
1452 162
6503 282
9270 250
6411 250
3566 107
7175 282
972 162
8346 107
10724 250
6584 250
9461 250
3531 250
1589 250
10592 250
9907 250
4647 250
5468 282
2504 250
9088 250
3456 107
9589 250
4483 250
2663 250
10979 255
6805 162
7757 250
3392 287
10611 250
6006 162
81 287
2359 162
9208 250
4209 305
3438 287
264 296
2590 250
3702 282
3961 287
1972 250
8719 107
441 107
5812 553
10871 282
10796 250
2517 240
3653 250
3204 282
7191 240
1396 282
2524 287
4187 250
5173 107
6660 250
10753 107
2168 250
7027 107
1279 306
6819 250
6147 282
9014 282
1995 287
3841 282
3839 287
3232 250
5087 305
7555 162
1859 250
910 287
4309 287
5024 162
8343 1766
5591 250
8229 250
9496 287
4903 162
10707 250
5403 250
7425 282
7325 162
2687 162
9345 250
1638 287
3565 282
5318 250
6752 107
5076 250
6069 287
911 287
6809 282
6865 250
1110 250
7903 282
2937 255
5548 250
1313 282
3347 282
10136 282
83 282
661 287
8095 282
4588 107
1516 250
7327 282
3775 287
5759 495
6592 250
3064 250
4455 282
6263 282
826 287
3381 250
9194 280
5301 287
5568 107
8592 250
2827 107
3230 250
9757 250
8824 282
2028 250
1646 0
6836 107
8388 162
8429 107
2110 287
4734 250
3074 250
7938 250
2652 250
6914 280
10619 282
2502 287
6678 84
7200 250
8685 250
9630 250
1406 250
852 282
7877 250
26 287
4601 250
9069 639
1039 287
8447 250
9159 250
4116 305
2163 287
10179 250
1273 250
710 162
5231 250
9352 250
6521 162
3339 250
3505 282
7507 250
3698 282
9912 107
5971 250
4509 250
9835 282
2571 287
10002 250
2828 296
3317 250
5662 282
10633 162
7022 328
3713 250
6710 250
7475 250
3809 250
7802 412
7786 250
1309 35
7902 250
10533 84
6059 250
3608 162
1218 250
9377 296
5023 250
115 287
2254 287
3532 287
6107 337
9021 250
2086 162
143 84
9091 282
9046 250
6515 250
4287 287
3577 287
7716 287
5354 250
4208 162
9861 250
8263 282
5036 250
10636 282
1864 250
9558 137
7292 310
6116 162
1433 250
1975 250
1881 250
1749 296
9422 282
6983 250
2273 287
1573 250
1691 162
3351 250
3386 250
1120 250
10830 250
3835 250
6154 250
10792 250
2755 287
2902 287
589 287
6702 250
5665 250
6412 554
494 326
3146 0
5734 337
4926 327
3650 284
741 326
7660 328
6672 287
9172 329
8308 326
3687 250
5658 328
3055 328
8583 287
2825 337
9117 82
6055 23
4522 82
10125 0
9143 329
693 23
4078 82
984 348
1380 82
7980 107
4019 0
5085 23
937 337
7245 82
1266 337
5584 329
1468 338
4433 250
3625 82
5828 287
9283 0
10956 250
1064 339
411 328
470 339
3044 107
9866 23
803 326
4555 82
3883 284
3918 326
7756 0
3640 326
1035 339
7935 1767
1332 250
4135 250
331 337
9315 327
9681 328
810 337
198 107
3028 82
1954 287
903 439
1199 250
2224 343
10564 84
3243 328
6685 328
8859 326
3820 327
912 250
9190 287
5895 84
2820 337
9070 328
620 82
7685 287
11101 326
3173 328
4152 1768
888 339
5436 287
8135 329
5274 327
2416 107
1383 348
1300 250
6779 250
8374 82
4518 327
10127 287
1483 337
4593 327
732 338
8963 155
2066 337
231 328
4424 0
10294 155
7135 250
243 337
9324 250
3568 84
1797 250
2398 348
5336 328
1341 250
9163 85
565 337
4228 23
613 343
9915 328
7436 287
9047 328
6731 250
2210 337
121 337
387 337
9520 576
8042 287
8071 0
8512 327
10203 329
2199 337
4350 250
445 328
10614 250
1702 337
10305 250
6178 23
2860 337
7925 0
33 250
6350 328
8011 107
4052 339
87 354
2179 337
10354 85
6843 326
7139 240
678 284
3807 328
6813 326
3035 356
2565 155
1855 326
51 354
6777 287
9129 250
869 326
3024 250
4736 326
734 328
4487 328
596 354
1268 348
1668 338
2374 339
2220 326
7844 250
286 328
9756 329
2580 337
8061 287
2341 326
7800 107
1528 326
9949 354
709 328
10070 82
5297 327
44 23
9408 250
10946 328
3786 327
5793 85
6726 287
10351 354
1381 339
967 326
877 337
9889 586
10396 23
525 337
2935 82
2146 338
7233 287
8633 155
2716 326
7188 82
5464 326
4709 328
583 250
1032 338
8025 287
3000 327
5120 329
4357 326
7432 287
1791 338
8863 250
9239 287
5711 326
8901 250
8734 326
4632 327
7112 359
8490 82
1346 337
7723 107
720 359
9789 23
1234 337
1254 348
474 328
6158 287
4690 0
7693 326
10647 326
2844 337
10168 82
10003 284
10595 327
3950 1769
7908 287
864 250
1611 327
1801 82
3785 250
8085 328
1853 339
5667 160
9230 287
2686 354
1558 327
3626 84
9747 287
1761 337
302 479
4855 155
6258 576
2526 280
5171 23
5695 23
3516 329
2246 339
373 337
2181 250
6712 287
1874 250
10668 287
8970 328
6606 354
9900 326
8785 326
440 23
7787 326
4197 250
9456 82
3701 23
10654 329
4798 250
3582 553
10902 1770
260 107
6658 287
10205 155
7356 328
3460 82
1763 328
1808 328
7724 84
10251 84
6643 287
1625 23
10112 250
2011 337
3947 328
9752 250
2228 339
10322 359
5900 250
7181 287
8923 326
9536 287
229 337
8469 287
2287 329
7826 328
4330 326
1884 339
9441 23
4841 356
9971 250
1156 337
1102 337
5914 160
6911 250
7529 287
2727 397
1553 23
7023 107
2054 250
4606 639
1533 328
5844 329
9031 82
2539 250
6020 0
2431 338
7021 107
9247 23
545 337
8431 327
3975 326
8098 328
6546 329
5753 328
1700 339
8951 326
6822 0
2240 328
10362 82
5613 250
11042 328
4549 280
7364 287
5838 250
4570 328
1250 107
7118 250
398 337
7625 328
8211 82
9081 82
9922 82
10086 250
1988 23
10126 287
9492 82
5218 328
2588 84
7094 287
2069 23
6439 326
4358 155
448 337
10433 287
1536 337
4708 328
574 339
9669 287
2065 337
968 250
853 250
9588 250
9391 250
7158 328
6732 328
8024 287
4760 326
3878 328
1574 338
11087 0
2076 250
7725 287
10612 329
7650 0
4587 327
2217 338
3336 326
7134 250
7252 287
2491 329
3013 155
1072 328
9006 326
4007 356
9487 107
3446 326
8957 250
4136 328
2279 339
8402 250
10872 328
1789 329
4329 250
2437 284
6802 368
6754 1771
3093 326
6314 287
605 337
2274 339
6828 287
6694 155
1512 328
152 337
4727 250
4404 82
6840 250
1075 337
6271 250
5862 0
7606 328
971 339
2891 328
5333 82
3060 328
136 84
5973 1772
10985 356
9252 287
2682 250
10426 84
7528 287
2744 337
11073 327
9064 354
8089 576
5954 287
1487 337
5292 328
1896 338
677 337
7950 82
9854 250
1653 338
11066 329
7683 155
1921 23
2729 337
5908 85
6589 328
4090 354
8926 287
7829 250
3914 368
10222 250
7843 107
578 326
6436 329
10273 240
6831 328
7743 287
3656 82
8031 287
6755 328
3171 354
5457 250
1074 82
1911 329
570 338
7037 287
2354 337
4978 23
29 329
3560 250
2739 337
3482 328
4530 328
9119 327
8030 328
10512 328
7163 250
2767 348
5280 156
9689 250
6351 287
2425 107
7866 287
9754 329
6558 339
577 329
4240 329
3213 328
375 155
7326 287
4148 250
4418 250
4707 0
10650 327
2798 23
874 339
9959 328
885 354
7551 250
2616 339
8292 85
8489 287
6117 85
745 348
2109 23
8687 328
9380 82
4206 250
728 337
5449 250
1875 328
1015 337
7815 155
160 337
9002 503
598 250
5606 328
7277 287
9574 250
10806 85
9418 287
9370 287
9303 329
386 23
9552 82
1087 250
8149 250
4527 326
9170 287
7315 328
4863 162
415 338
3621 82
9359 329
9410 329
8581 250
838 337
8837 250
612 326
591 354
9579 328
5590 23
2278 250
3897 23
323 250
5827 328
2496 337
6316 329
2138 337
7048 155
3792 250
2765 337
2495 338
1792 337
3995 328
9737 329
2508 85
2630 339
9096 82
8514 84
5516 287
9601 287
7670 327
10479 326
5498 328
3949 356
3751 155
7856 137
1851 328
296 250
9202 23
3741 328
2267 339
611 329
4063 155
3816 23
694 82
7299 287
2391 339
7084 553
7591 287
9944 287
241 329
11109 329
7955 250
2029 393
1999 503
207 155
8306 326
9161 250
6498 354
6620 287
2547 339
5421 0
638 155
3906 0
8250 327
1728 354
6464 250
8832 328
6852 250
9476 250
3642 23
9771 444
8179 287
5352 354
7172 287
7795 250
5517 328
3943 326
7182 250
135 0
1167 348
5853 329
2746 337
7639 84
6437 287
10770 326
9744 250
9913 328
588 339
71 396
1644 327
1461 328
10416 328
6518 250
518 23
10883 327
7383 328
10572 250
2890 84
138 328
7164 84
1571 329
9979 82
6801 329
4368 326
8151 287
7848 107
2118 82
9715 23
1166 250
1994 82
2434 337
5822 329
5112 155
5951 287
2339 155
3463 66
8885 327
7631 107
7081 84
831 359
2270 339
6325 326
2878 328
2052 329
9346 246
9629 287
5685 287
6808 287
10029 155
982 326
5623 326
8492 393
9084 328
7499 326
1969 328
2855 337
1475 339
7690 354
8351 85
2288 356
350 339
1409 339
7203 82
10616 326
7419 326
526 337
7911 155
3605 250
6511 287
291 0
1473 338
3563 84
10337 287
8540 0
4436 23
9751 84
6278 82
4965 250
6238 82
3665 354
10260 23
5556 250
6496 287
62 23
4862 250
4163 328
3377 284
4677 329
9663 326
10617 250
6479 287
4943 329
6789 82
10365 339
6595 392
10473 338
5229 337
9649 339
73 393
8422 394
9 84
2924 84
4245 337
5696 337
6938 337
3745 395
3719 397
1501 84
2055 396
4525 337
4966 348
8755 339
9841 337
10461 394
5201 338
9550 337
3788 337
413 396
9729 339
6037 337
9494 337
3512 84
9767 339
3888 337
8221 337
7088 396
6698 393
2137 393
10418 396
1331 84
2194 396
894 394
3272 337
5413 339
5393 393
3979 396
6391 339
9306 337
2439 84
3017 339
8706 337
103 84
806 397
6323 337
2186 84
6981 348
9471 396
221 393
4266 396
4384 393
10884 396
4103 393
8905 394
9734 337
8463 337
330 250
10528 337
9183 337
4442 394
11031 393
5544 338
4164 337
8180 394
9894 396
8697 337
9676 337
10986 348
4252 337
6743 396
9037 396
9712 396
2982 337
10027 337
10827 337
5776 396
4039 339
9855 396
4353 348
4264 339
4574 337
4046 338
3118 343
6512 394
406 84
8902 337
10214 396
2561 396
998 84
2388 84
9776 396
4241 396
7569 394
3447 394
5871 394
6810 339
9544 394
4614 396
34 396
3638 396
2668 394
1729 393
1377 393
3268 84
4665 339
5294 396
7239 337
6299 339
7502 396
5594 394
8630 396
5195 337
670 84
3200 84
6576 394
10458 393
9904 394
4192 337
1534 393
989 394
1752 394
9582 337
7719 339
3728 84
2901 348
6612 396
8969 396
8391 397
7624 393
9634 393
7681 348
10945 394
4005 394
188 397
1229 394
5038 396
4310 84
9572 250
2201 396
5483 339
255 84
8399 394
557 394
3573 337
2533 394
393 84
98 82
2305 84
1596 84
6377 337
4253 338
6025 337
4877 337
6645 337
6954 339
10849 396
7020 339
10437 396
5342 337
9992 337
921 396
9195 337
9451 339
10562 403
3384 84
5814 337
8226 337
1333 84
3225 396
8782 337
2454 394
10925 396
9145 337
4340 394
4190 337
10481 338
6272 250
192 394
11019 337
5061 337
8120 348
11055 394
1233 84
4468 338
10823 393
186 396
10737 348
3186 337
11049 396
6257 339
7517 250
4763 394
10111 396
7889 337
5299 337
1192 394
10015 337
10283 338
1581 84
5965 337
6793 337
9935 339
5718 337
4441 337
10200 393
7661 337
2672 393
5385 394
6973 394
9409 337
2195 393
8642 337
7350 393
4092 337
1316 84
1356 394
7410 337
3191 397
8774 337
4600 339
3344 84
5104 394
11086 326
3922 394
4538 339
3607 339
3052 84
9831 394
8783 250
1600 394
1369 396
4275 84
3084 84
5975 397
2847 84
550 394
8900 338
1802 397
8131 337
8065 337
1255 393
7814 339
5609 396
4390 337
5433 337
10138 396
4558 337
6525 337
1294 84
4345 396
3782 337
1770 394
3740 337
6340 337
10162 396
8787 396
3101 84
4267 337
3334 393
3315 396
11103 337
5578 338
2302 84
9741 348
10843 337
9402 394
1178 84
6811 337
2505 394
4473 393
3328 397
6477 337
7799 337
7619 343
4972 439
8960 337
2550 396
2607 396
2072 84
993 84
2661 84
1068 1774
1931 396
7254 394
7354 396
3767 397
4625 394
247 394
1108 396
7500 495
9327 348
8174 339
932 397
8750 394
6704 337
9653 394
4964 393
3461 396
7393 394
10106 393
2795 84
9999 337
3801 338
738 84
1155 84
7110 337
10223 396
7557 337
6700 394
5982 396
9121 339
4173 348
3287 394
5682 339
9287 339
5358 394
5161 394
6573 339
480 396
5236 396
6458 394
9446 394
10673 394
2060 84
6878 339
4947 339
6782 348
3866 397
4859 338
7705 338
5298 339
8880 337
6060 337
8040 337
6647 396
3107 339
4331 396
8103 337
5125 396
1112 394
8910 394
1412 250
3984 337
5792 337
4225 397
8992 394
447 396
8735 339
5845 394
6566 338
7605 339
1223 394
4080 338
7570 394
846 396
3231 339
1836 394
10957 337
1057 397
8109 394
8548 339
10928 338
2627 393
10327 337
4050 250
9447 337
5119 337
1031 396
4552 337
10289 339
1928 84
682 403
9648 337
4811 337
335 84
9856 394
390 396
316 397
1907 396
5535 338
1423 394
6044 393
8426 338
1466 250
7806 392
4659 250
2725 84
6390 337
6118 339
3520 337
2413 84
2044 396
5575 339
9071 348
4501 84
104 397
3314 394
4639 396
6604 337
3633 337
4038 84
4508 397
9974 337
821 393
3592 338
4132 396
1216 393
6164 396
5985 396
2889 337
8012 337
4479 337
5547 394
6489 337
10722 348
3043 393
7 84
4688 394
2176 394
5057 339
10174 339
4100 250
8562 396
3106 397
9475 337
5842 396
4184 396
7159 2
9309 419
3996 338
10096 337
8407 338
148 84
2039 393
3181 348
9773 337
3134 348
4505 337
10020 394
6758 339
9986 338
7458 339
8822 337
9849 396
6571 337
4622 348
7089 337
3581 397
9716 343
8871 348
4920 394
4102 337
3575 337
2604 84
6792 348
8161 337
2619 84
650 396
8013 394
5189 338
5526 392
7728 396
4963 337
6214 337
1593 84
6692 339
7930 339
10344 339
4879 339
6540 394
7068 392
7307 339
4641 394
4467 337
1617 84
7612 396
4017 84
8672 337
9090 337
537 392
4431 84
3843 393
10004 394
1503 396
5527 396
1732 84
6332 338
5193 394
649 397
9474 337
7442 337
9406 337
1303 393
4489 396
490 396
7558 337
3219 348
10024 339
380 84
8455 396
10055 339
2952 339
5614 337
5278 337
1176 397
3976 84
4243 338
2092 84
10501 339
7318 338
10793 337
6399 338
7537 338
4554 339
10706 146
4142 337
3400 337
8367 337
5221 250
1267 396
10938 393
6220 396
10904 392
431 396
5878 337
3449 339
2943 84
3853 393
5268 337
3862 337
8640 394
10547 393
3964 394
10947 393
10253 337
1583 84
3421 396
4792 339
7255 337
2248 84
8114 339
3185 339
3117 338
7223 393
1171 84
5194 339
6224 337
11097 396
4016 337
6078 394
10154 337
8328 396
383 84
8459 338
10670 339
5145 337
10482 396
4724 339
3267 337
10388 338
6375 339
2010 84
6413 394
3500 337
6420 392
10429 337
5290 348
6145 339
327 393
4233 84
8213 337
6045 339
7336 396
10148 337
1104 394
4869 338
2266 396
8223 338
4012 339
3305 337
8062 394
2423 397
6204 337
6249 396
7007 339
10788 337
3155 84
8835 337
3041 84
2873 397
4580 338
7308 337
3686 84
5917 337
1340 396
855 84
8175 337
10536 396
1819 396
1833 84
6550 337
10733 339
9123 419
4822 394
3648 337
3747 393
4685 337
5489 393
6661 337
4094 339
6400 337
5099 339
1906 84
3403 337
2906 337
8552 394
2415 339
7956 348
10599 393
8634 339
3429 397
8681 305
10824 339
3691 339
7258 396
8102 343
2474 250
2712 394
4444 84
3617 84
9994 337
7477 339
2117 393
1224 396
3454 339
5064 339
2083 397
2782 393
1786 339
817 84
253 84
4784 396
4908 396
5823 339
5860 348
4529 337
6686 339
608 397
3237 250
701 84
8385 394
775 84
3859 396
7805 337
563 84
5474 396
7834 339
5647 338
1132 84
4150 2
4638 337
1608 394
8976 250
344 396
3584 339
7216 396
6741 348
4923 337
7113 396
4248 439
10852 337
8721 337
5360 339
10936 339
4120 394
9075 393
10488 337
6926 250
8807 403
2584 397
3874 348
10656 394
9826 393
1578 84
2042 394
8361 343
7697 337
3618 337
5183 84
5010 139
9062 82
511 411
8692 82
10320 84
7041 396
8518 412
7790 84
5003 396
7530 397
9505 84
5692 412
3695 455
2015 412
1361 82
4985 84
9658 397
8473 397
9799 587
7427 84
7291 412
4804 395
5947 397
7718 84
8639 414
851 339
938 412
1438 411
9847 415
7365 339
2344 412
6976 417
6099 84
3172 418
1876 411
5777 82
5648 339
6369 415
6361 35
11077 395
4413 82
52 412
4643 82
5025 339
7391 84
5713 417
5896 84
8873 395
2349 411
8142 419
7752 84
6446 84
4705 420
9957 84
6092 82
3376 412
4899 84
3543 82
731 82
5848 82
3924 82
7971 397
6221 397
10449 420
1897 411
7543 84
5797 411
7653 395
8364 414
2907 415
8417 84
2106 396
4107 422
10758 395
6013 411
5790 411
4781 395
3812 411
3815 411
6780 412
236 395
6303 84
5915 82
208 420
3684 420
9114 339
2441 414
5859 396
533 395
3375 339
9612 420
4560 397
1360 82
3194 422
3479 82
4672 420
6434 84
9842 84
5277 418
7571 397
6275 84
8111 84
8191 82
2903 395
7107 84
4619 339
6790 412
3197 415
6016 1775
4299 396
1538 82
8953 82
3380 82
8067 412
4070 420
8278 84
1202 420
5192 411
6403 397
7535 84
8663 420
10557 84
174 82
6880 84
11082 339
2126 82
635 395
10266 84
5996 82
3846 82
10443 415
10922 250
7600 395
3734 411
6577 84
1018 419
6760 84
7607 339
8265 397
1813 82
8753 417
10684 414
6418 419
2286 415
6470 84
6509 82
5092 82
8043 419
8350 412
4000 414
2467 411
9455 84
6135 397
503 82
5726 397
10478 397
10605 82
8572 419
1415 411
2875 82
8897 339
4265 395
5334 82
5941 411
3045 339
9540 397
1556 411
5956 84
10744 82
8126 397
10345 339
7195 84
8695 84
7896 396
10309 339
5202 82
4599 397
2701 395
3755 395
3830 82
5187 418
3667 417
3223 411
5737 397
6190 82
2683 422
2207 395
6632 82
5058 146
1745 411
4423 411
8336 84
1635 82
4676 395
7488 412
3870 411
8946 84
9149 84
5435 420
11034 412
5523 84
5836 339
10209 82
8586 84
2966 82
2971 420
10372 82
4498 411
5363 82
7000 395
2965 82
540 412
3919 422
6561 418
179 82
10278 84
1244 82
4796 411
6393 411
3894 411
6227 415
6383 84
8856 82
5098 415
10010 82
783 395
2797 411
4375 82
6321 411
7002 84
3641 395
4466 415
7072 397
7210 419
643 415
8716 420
7962 84
4169 415
6423 420
1816 82
10311 422
7592 412
5751 411
10717 82
4816 82
8872 396
2356 82
10809 414
764 418
5877 397
9189 84
9127 418
1490 395
3867 82
8323 397
9719 412
11069 419
7339 395
4097 411
10423 84
1319 412
6408 419
5344 411
6365 339
4750 82
2632 82
3549 411
5968 397
6245 84
8019 250
8541 82
2333 82
4807 411
10763 84
9495 395
8332 84
5646 84
5586 412
3813 82
3273 411
10553 82
1849 415
1386 414
7899 395
1977 395
7879 419
2058 415
3436 395
8048 82
6903 84
5919 84
8621 339
5635 415
10741 419
10891 82
6103 339
739 82
11013 82
10082 422
5305 397
1846 82
9513 84
3082 418
8842 84
7554 397
3598 411
6052 422
8893 420
9019 395
10697 420
7770 397
4885 415
5406 396
8481 82
10931 412
7744 84
9103 419
10118 395
6183 411
3761 411
3649 411
5898 411
6513 395
4334 415
4496 82
7708 414
7010 84
2763 412
5323 422
8600 82
2976 420
7548 84
6684 82
10074 397
8338 82
7967 395
3944 395
5397 420
5348 84
5802 397
4934 84
374 412
1260 420
7995 82
486 82
5140 420
541 420
9510 397
5242 339
9671 395
8968 339
9167 82
9467 84
5966 82
5216 395
9448 418
7009 411
5291 84
5691 84
9146 339
69 419
7928 339
2876 395
10738 82
7402 82
7910 397
309 412
11100 339
2752 411
1402 1776
7066 84
5048 84
435 414
3326 82
9061 397
4394 417
233 339
8616 397
9464 84
5920 84
10907 84
9477 84
7121 395
2140 337
6215 397
2781 82
5211 84
9320 84
6034 84
6553 397
3151 412
990 82
6315 420
5976 84
5755 420
5439 411
11088 412
3899 82
10926 412
8165 395
8792 397
6952 412
3880 412
1687 82
6744 82
7268 395
6901 82
7890 84
6908 411
7033 82
2741 82
6774 82
809 411
8931 412
6675 412
7248 84
1993 82
5206 395
5220 84
9527 397
935 82
3519 412
261 412
9892 397
10394 395
433 82
9724 418
9515 339
6472 339
1739 412
96 396
5676 339
9735 397
8591 84
5598 84
3842 82
10531 84
5144 84
830 82
7289 397
7205 84
9423 84
4449 82
3671 82
3610 1777
630 82
7219 420
3061 395
5004 84
6859 395
5370 82
5942 411
4030 422
2834 82
10197 395
4304 82
4867 84
307 418
8205 418
3659 82
8845 82
9338 82
7343 420
7111 84
3676 411
5091 412
930 420
4082 411
8847 85
7680 397
4457 395
9542 395
4539 420
7352 412
7695 82
3634 395
3182 411
499 411
10687 412
5341 84
8712 395
3864 411
7060 411
5367 397
1672 82
8995 35
7382 84
5459 84
3164 411
58 82
9519 339
5234 82
683 411
3990 411
8614 412
4569 420
4098 411
8974 82
9160 82
7108 420
2088 82
3723 411
1066 414
9774 82
5306 396
5550 420
4106 415
9257 412
9714 82
8861 415
4238 514
2919 422
8362 415
3637 395
42 411
2892 411
4083 395
8234 395
6977 82
6292 397
7852 422
10359 82
8255 415
4801 422
9960 84
10077 420
6090 412
3448 411
8073 420
7456 84
10676 82
5079 395
3325 412
8707 1778
1848 411
9254 420
3071 395
3700 415
3154 412
6820 82
7417 419
3822 82
7623 84
5716 397
4274 412
10942 412
11064 395
1499 422
6709 84
7909 82
684 412
6210 339
9250 82
10227 397
9459 82
3077 411
5447 411
7253 339
6124 411
6086 84
5399 1779
8359 397
6328 412
9429 412
4658 84
8622 84
6308 397
3331 82
7347 396
2946 422
11045 397
2837 411
10119 137
7389 397
5178 82
10421 82
6657 415
10517 395
1002 420
10704 84
5199 84
5801 397
6440 82
3631 395
7709 395
6562 411
5094 411
6068 84
892 82
4973 395
8804 418
4661 82
6229 415
5357 397
2456 417
4729 84
2959 348
4881 84
5288 82
6219 395
2232 82
11060 397
2926 395
10103 82
9347 82
1637 82
1670 420
3157 82
9976 84
6352 419
3555 411
6035 82
8495 397
8588 82
9927 84
6947 84
8956 154
1164 395
5715 35
10500 414
9877 395
2818 82
3934 339
8775 82
5788 412
8916 84
8506 415
4028 415
8729 418
10885 84
6125 339
7522 84
5574 422
7747 420
5037 396
5456 397
8503 82
1428 82
9336 82
1022 418
9302 396
755 82
3150 82
7351 412
1658 411
6077 411
6830 84
3933 415
5991 395
9434 422
7227 412
10590 395
6674 418
5368 411
5518 84
10141 395
6925 82
2071 82
4180 412
5641 422
4044 82
6987 411
10124 82
11083 84
4912 397
9524 397
9225 339
9643 339
552 82
6884 587
10078 397
5743 82
11002 84
3784 411
6053 412
2032 415
5121 395
7636 84
10486 84
3553 82
8766 412
9596 415
317 82
1090 415
7988 84
6398 82
3697 395
10373 84
6867 415
10341 412
4735 82
6616 395
6609 411
11099 84
6106 436
699 439
2980 438
1256 436
1541 438
10798 439
6644 440
7976 440
7453 411
6346 439
5426 436
10808 436
2693 439
7586 393
8118 439
6939 436
1707 436
6610 443
1939 444
5522 440
2471 444
3615 440
2600 444
660 436
2235 436
3356 436
1564 439
6023 436
9191 438
1552 436
134 443
11010 440
3457 436
9880 411
5557 436
3145 436
10540 436
422 439
290 438
10842 436
4535 443
4022 440
5479 439
297 439
4361 444
6508 438
10774 438
3330 440
4127 443
5131 444
6655 440
10833 411
740 440
7092 436
5371 444
2433 440
2961 436
3163 443
3781 436
3876 436
652 443
1476 440
5817 439
10142 439
5205 443
10134 440
9000 436
4800 439
4559 436
4995 439
5524 439
3832 443
1048 440
1185 439
8217 436
4581 438
2386 436
10178 411
2178 443
4687 137
10357 443
4515 444
4448 440
3939 443
5059 436
1113 443
7599 440
2328 438
10104 439
1598 439
7698 439
1925 444
10306 436
6313 436
10646 436
452 439
4512 438
8425 436
1480 440
9472 436
866 137
337 444
7854 443
8134 436
5440 443
6166 440
2931 440
6463 436
3235 436
3085 436
9479 439
6967 436
9795 440
89 439
4572 444
7049 438
4389 436
7785 553
1222 444
9813 436
10264 436
2671 440
2958 439
10818 439
4616 436
6394 440
10887 439
6816 178
12 443
9815 439
402 444
2606 444
3871 436
6071 436
1525 440
5166 436
9435 436
9828 411
196 436
9996 411
1139 436
405 436
4718 439
5155 438
7250 440
8666 440
9631 439
1105 35
1699 443
1985 436
245 438
328 444
4779 438
3655 436
3470 444
5482 440
5907 443
8381 439
7508 438
191 444
2864 440
9660 438
9871 439
11051 443
5810 439
7982 411
8942 439
9543 439
2059 443
3764 439
10090 440
10401 411
7405 439
925 436
3849 436
5587 443
4983 440
9040 440
11062 439
2348 443
949 443
2726 443
4907 440
7399 436
8922 436
3564 438
4955 444
8608 440
4733 440
4757 440
1913 443
10890 436
6650 436
10023 411
1661 439
1227 439
32 436
8015 439
1 436
212 440
3595 438
4147 436
10623 137
7883 436
1826 440
2269 440
9632 411
6405 436
2263 440
5228 438
8604 443
9274 439
2331 436
7788 436
8534 440
10460 440
8060 438
9150 436
3537 444
1275 444
5744 443
5264 438
8045 440
5595 444
420 440
4861 554
5073 444
9806 411
3682 436
9314 436
333 438
2501 444
10058 439
219 436
3418 444
5471 502
9673 438
3248 440
4398 436
5569 436
3443 436
6846 436
5846 436
6847 440
7062 439
8767 436
4640 436
1237 440
7776 436
5246 440
9098 440
3406 436
3915 440
6659 438
6691 436
10685 443
8507 443
5407 436
8104 436
8487 436
3031 438
5721 440
10348 438
1890 502
3216 443
607 436
418 436
2614 444
3244 440
793 436
4263 444
2185 438
5764 440
7919 440
6547 438
5699 436
4866 439
10282 440
9637 443
8309 439
8944 440
10694 436
3806 444
8310 440
8090 411
1024 438
2317 444
10128 411
6626 443
10167 440
8470 440
5139 440
2315 443
5384 444
657 440
5156 137
6631 440
1206 440
400 436
2319 439
3122 443
9523 436
4573 436
10442 436
2375 439
5493 436
1481 439
11058 443
1865 440
2667 439
7368 436
640 436
377 436
10265 439
9569 436
9416 436
1720 443
4513 440
4726 439
8965 411
8984 439
10254 440
9089 436
5880 436
6564 440
6596 440
8549 438
6652 440
8169 411
5179 440
7480 436
2648 444
1824 436
1509 444
1998 436
6853 440
7281 436
954 443
5546 440
4203 137
278 444
2762 436
4434 436
8003 436
8698 440
2218 439
8682 439
5628 436
2738 438
9316 443
8501 443
7483 440
10252 438
2745 440
10051 438
5835 443
3138 440
8056 440
10908 436
3361 440
4035 440
3370 440
2247 438
6654 440
5313 436
3149 436
9105 440
8335 439
6280 439
10288 443
5339 436
24 440
3058 439
10989 411
3545 440
1703 436
7404 436
5481 443
5784 444
1675 439
3588 137
7742 440
256 436
1634 440
6696 436
10589 436
1274 443
7492 443
5819 443
8906 436
4475 440
5030 436
4603 444
10166 436
4918 440
9136 439
6087 439
5690 444
5763 443
3749 440
4369 443
2290 436
3153 436
1923 440
2887 440
6043 436
782 444
10639 436
2082 444
3053 440
8527 439
581 438
7923 440
7577 438
11050 443
4332 444
7546 440
10414 439
3468 444
1777 439
4958 444
4876 444
10604 411
4652 444
2314 443
8296 411
837 436
177 443
778 439
4793 436
4782 438
4108 436
1148 436
9341 411
156 440
5417 440
9386 438
8026 436
3007 444
5503 436
9864 436
6266 439
6017 439
4860 444
6722 439
5039 436
6362 439
4624 440
7751 439
2130 137
564 440
5506 439
10116 436
10505 436
3527 436
10920 436
3483 436
9982 443
9193 137
2078 443
6725 443
3508 439
10816 440
6942 436
10575 438
2311 436
9883 443
11004 439
5429 436
9130 439
8334 440
3585 439
6827 439
2064 443
4969 439
8605 411
403 444
4666 436
7095 443
8986 436
559 436
9670 436
8420 436
3168 438
614 439
6163 436
10836 440
8560 436
5758 440
10053 436
2264 439
5239 438
39 440
722 443
2911 440
3337 438
6015 436
145 440
5184 436
9947 443
277 443
7099 436
6240 439
4201 440
2894 438
719 440
4067 439
7363 439
609 444
2459 444
4216 439
473 438
10386 411
9697 440
5733 436
1489 436
7070 411
2464 439
9407 436
8395 439
10036 440
108 440
2562 439
6964 436
6098 440
6664 436
2020 436
1919 436
4872 439
667 440
10285 436
1337 443
604 444
9032 436
10628 439
4317 436
933 443
11059 411
1034 440
9229 438
2576 440
4608 444
9898 440
7344 438
3715 436
8684 436
9551 439
6775 436
3993 440
746 436
3128 444
4053 436
7970 439
5620 436
9805 440
7727 438
11029 436
9981 436
7087 443
10538 436
8313 411
3342 440
8156 436
109 440
6301 436
2595 436
7926 411
9961 439
3946 440
4546 440
5697 440
8262 436
1900 443
1697 443
6943 436
807 439
4829 436
811 436
1937 439
4891 440
5719 444
8833 436
4488 436
5731 444
2038 436
6585 436
11063 436
3711 440
2885 439
5717 444
7093 439
5650 440
10149 440
10182 436
1827 440
8352 411
1101 438
5856 436
3636 444
3895 436
6213 439
10046 436
9186 440
1841 443
6173 436
4523 439
5873 440
3708 443
8382 438
5330 443
5386 436
920 436
7264 436
10682 440
360 439
8438 440
1348 438
10634 411
2171 436
9710 443
5727 440
5293 436
7137 443
9173 436
8513 436
1127 436
687 440
10088 436
4328 443
366 436
2392 436
450 436
7905 436
10976 439
5116 436
8390 436
5425 436
5088 444
266 440
4352 436
8159 436
5209 443
4119 436
10085 436
5507 436
754 444
3178 440
4115 436
2799 440
3552 438
6241 440
8153 440
1125 439
162 439
72 438
4200 438
1508 443
5450 439
10772 436
368 443
5374 443
8409 411
8641 438
7505 411
6084 438
9940 440
9573 440
5841 440
6445 436
1187 436
7285 436
3999 440
946 439
9319 439
5555 440
1399 438
676 439
1350 436
10176 439
9500 440
9430 411
917 436
8569 411
5773 439
7609 443
1613 444
9073 440
10859 439
779 440
204 439
9555 440
9043 440
2710 440
10786 440
7353 453
2723 454
3360 455
10693 455
2769 453
3838 137
1182 453
4853 137
9480 453
9778 453
878 453
8912 444
5302 455
2856 454
10389 444
1942 458
8049 453
5150 453
9052 137
944 453
6336 458
10577 458
5383 454
7288 453
1149 453
5146 455
5029 459
5470 453
3373 458
9587 458
2749 458
10708 458
3635 137
6327 453
6254 459
1226 455
7760 453
3559 455
2622 458
2414 455
4968 458
5046 458
8997 137
10181 444
8653 453
9970 455
7184 458
282 453
1738 453
5349 444
1420 458
8654 453
7246 458
2034 453
453 455
882 462
5462 453
3465 455
10114 444
3487 137
4575 458
6537 455
4088 1781
11015 455
10718 458
7784 455
4631 453
9228 455
3412 455
10013 458
2379 458
5869 455
8838 455
7801 453
4892 1782
9385 458
18 458
410 458
980 453
6980 137
4697 455
4900 453
7240 455
9687 444
712 453
9169 453
9218 455
7017 453
9154 455
5654 453
3911 453
7349 453
1782 455
5631 453
4074 458
2490 453
2320 458
3583 458
8224 455
9269 453
8993 453
10921 444
9506 137
10314 453
1934 455
992 453
1878 458
1540 453
10012 455
6832 444
7847 458
9026 137
6286 455
1287 137
6855 458
6557 455
2458 453
3913 454
3982 455
10787 444
9830 455
10158 453
7150 455
382 453
7574 453
5775 455
9197 444
446 458
3350 137
6936 453
4878 458
8927 455
3593 453
1932 453
6520 455
8896 455
5861 455
2237 453
321 453
3730 458
1041 444
5322 458
1163 455
744 455
10699 137
1963 453
7471 455
3156 453
9618 453
5263 458
4682 458
4791 458
2621 453
5101 454
6927 137
8576 444
5558 458
7169 453
7782 453
3133 455
8533 137
1251 454
6759 453
1639 453
5679 137
7266 455
2608 453
4927 453
2465 137
1736 455
10069 137
6427 444
5345 453
10016 455
48 458
9532 453
10994 444
3072 453
8252 454
9908 137
3033 137
7476 453
10507 458
8383 455
4826 458
6804 453
10622 455
4397 453
2551 455
9094 455
4597 455
4540 455
3274 137
7713 137
5735 455
9706 137
1500 453
3413 453
9537 458
2974 453
6343 137
2403 455
124 453
10698 444
5416 453
443 453
566 453
2470 453
1517 458
3690 453
10780 455
7937 455
9100 453
7241 458
7155 453
2129 453
1664 137
10963 453
4520 458
5538 137
8590 453
6541 455
7765 137
7741 458
3485 453
4732 455
2912 453
3206 458
7202 453
1643 455
10135 458
8887 137
5317 455
9931 438
2628 455
7547 444
4242 458
7487 455
11001 455
4990 137
1633 453
4359 455
9682 453
8678 453
7183 444
8812 453
689 458
6833 453
4026 453
2704 453
3930 453
548 453
6074 458
1894 455
9178 455
5703 453
10597 137
5998 453
4422 453
4338 455
6825 444
3140 453
2017 455
7781 23
860 453
6101 455
5843 455
9526 137
1439 453
3969 458
10552 137
3600 137
6345 458
1437 453
3772 453
1591 453
1174 455
9539 458
9781 339
3 454
5078 453
2730 458
625 137
2717 458
7736 458
10241 455
5818 455
1453 453
1857 455
2322 455
7662 455
502 455
9502 455
9065 444
8542 444
10230 453
8694 453
3863 455
9829 137
6529 453
1093 453
3367 453
6026 453
1615 453
1434 458
868 137
195 453
8715 453
600 453
2147 458
2807 455
8851 458
7931 455
8333 458
1203 455
9843 444
9534 137
8034 137
7374 453
6113 137
8184 455
2144 1783
8913 137
8646 458
646 453
2476 453
8959 137
665 455
8629 455
10392 453
4901 455
900 458
642 137
7238 444
74 455
5600 453
10062 444
6919 453
703 137
10323 453
254 137
4073 454
10778 458
3645 453
1602 137
4145 137
3455 453
6357 459
9034 453
10326 455
9296 458
517 455
2292 455
5132 455
5612 453
8599 137
10417 137
3319 453
5994 444
5081 458
2252 453
10544 444
10160 455
1265 453
9968 453
3304 137
4372 137
8595 453
940 453
4808 458
8147 137
3766 455
2724 453
2018 453
9507 455
2841 455
6306 137
8988 137
8001 458
3765 453
5423 453
3852 453
2594 453
4212 453
2802 458
1001 453
8430 444
6244 458
5674 455
5999 453
9942 455
9413 453
5133 455
369 453
9820 455
10748 453
4123 453
8566 137
2251 137
1305 453
5446 454
2777 455
10456 453
5834 455
9983 453
10073 462
9428 455
5543 453
737 459
2280 436
11007 458
637 453
6285 453
5605 137
6359 458
4258 137
1962 458
7208 137
1183 453
3202 453
9790 455
10918 444
8058 455
9818 459
4149 453
7300 454
9528 444
10367 458
2103 453
7408 137
5017 458
5071 455
3556 454
4383 455
3753 453
8955 458
10876 455
8219 453
5808 444
3707 137
2877 458
2967 453
3967 453
4982 458
8243 453
5789 444
9554 444
1753 455
934 453
2440 453
7933 453
6785 454
1880 453
8357 455
1950 137
5943 137
3079 455
9516 453
10022 137
6974 455
397 458
4322 455
5891 455
9811 455
8130 458
5295 453
5542 137
8789 444
5847 453
10349 455
6902 455
5074 453
962 455
9844 453
3909 453
4939 453
3603 453
6522 455
3271 455
2102 455
8813 444
2893 137
7103 458
10441 250
7580 453
10799 455
4452 458
5770 454
9405 455
8819 453
4874 453
4171 458
5668 137
5532 458
3236 455
1134 453
4711 458
985 453
3799 453
438 453
8039 453
2332 453
2803 137
6003 137
7025 458
9832 444
1252 137
6951 137
9438 455
7642 453
6821 453
6996 137
259 137
8314 455
7734 444
827 453
750 455
705 454
10807 455
6195 444
2850 455
7985 444
8561 458
5369 458
10025 137
3769 453
1696 453
7198 137
5912 458
2537 453
8636 453
6881 137
4139 455
5441 458
5130 137
4835 458
1299 453
9083 453
5953 453
6475 444
7882 444
7287 453
230 455
6630 453
9893 455
10523 453
9102 458
3762 455
4111 455
5573 458
10669 444
3241 453
6180 453
8667 137
8948 453
5152 455
1145 453
4780 453
7633 454
3023 454
9325 453
7014 458
10987 455
8594 453
11047 137
9512 453
7141 458
7490 453
4183 453
6466 455
9243 137
4385 137
2370 453
8276 444
5070 455
2814 455
8450 444
5892 458
9879 455
8331 453
3861 453
10953 453
9640 137
7116 137
5725 137
704 453
9187 455
6979 453
6559 458
7720 137
1790 455
1532 453
213 453
9788 453
1158 455
3651 454
6225 137
10739 455
10445 458
163 453
2452 455
766 453
8911 444
6151 458
157 137
2858 455
5955 444
9013 453
4343 458
1270 458
3464 453
319 453
7124 455
471 137
11085 453
1308 137
10840 453
11033 455
10795 453
3493 229
5401 453
4032 455
9650 137
1780 453
1317 455
7506 476
10312 453
3620 453
2436 458
7515 455
3193 453
8190 444
7333 458
727 453
1384 458
1515 453
8739 444
381 454
8322 137
9873 444
9639 455
7140 458
7951 458
7312 455
916 455
9049 444
3343 137
5741 458
3087 454
6747 453
8139 137
5491 455
3095 458
8688 444
4517 453
8387 455
2920 453
442 455
3162 453
7102 453
1711 453
5931 137
2713 455
4582 455
7394 459
10548 453
7835 444
1063 454
2540 453
11106 137
2945 137
185 455
3402 453
6198 458
1496 455
7906 458
2598 453
10955 444
9595 455
1444 453
10117 453
8803 458
3991 458
7418 137
8236 455
8021 455
10052 453
8563 137
5375 453
9559 453
9140 455
2662 458
7114 458
5084 453
4131 453
1606 453
8330 478
2411 453
626 228
324 453
4485 228
8291 453
6246 255
6191 453
7406 473
4605 228
5351 473
539 453
7080 478
4395 473
886 476
4095 228
936 476
7273 476
8093 234
5308 473
10228 255
6888 255
7151 473
3936 473
6216 453
2918 255
9364 473
5513 255
4339 255
4744 473
2449 473
1146 255
401 228
3828 250
1470 473
1456 255
1830 478
6761 453
10618 137
1971 453
2646 479
7678 479
5353 23
5760 453
4348 228
9419 479
5419 453
3973 479
2790 453
1186 473
3227 478
7301 476
4113 473
4379 453
140 255
6093 255
2612 473
1488 228
6307 228
5047 473
4126 255
3109 255
970 473
8171 255
4213 228
3148 228
2242 478
5946 473
3529 228
651 479
7816 255
7278 228
8022 228
2849 476
7604 473
1043 479
1336 228
4497 228
1845 476
8580 228
11044 23
3269 473
4653 255
8225 255
6791 453
2949 476
7676 453
10506 473
9921 454
2787 453
5736 478
1839 228
9657 255
2549 228
4857 476
7610 473
1355 156
5597 255
3540 228
3718 473
3233 453
1339 255
7853 453
5863 453
11057 473
10239 23
419 23
7367 453
752 228
4536 473
9312 479
9468 454
6317 453
1170 255
4541 473
9858 255
9116 255
6456 250
5533 473
7975 228
2216 476
8376 473
9025 473
2955 473
3382 476
5510 228
6322 453
3261 255
9522 255
7842 228
2933 255
673 255
2136 228
2182 255
3431 473
2081 228
8434 454
1455 478
6481 23
4064 476
8623 422
7429 453
6342 250
4175 453
5467 473
862 228
5154 453
8260 479
1983 453
9933 255
4921 255
5521 479
1505 255
9704 473
10894 255
8854 255
3940 234
1345 23
8036 23
3290 255
6502 476
9693 415
8267 228
4091 476
8305 473
4737 453
8404 255
870 476
3927 453
10038 250
1448 255
2430 255
8830 255
770 479
8121 255
8820 255
2113 453
1960 255
6110 255
8200 478
8821 473
4922 255
5219 250
6152 479
492 476
53 1784
6212 473
439 228
7420 255
2775 453
2419 156
7567 479
10837 473
1760 453
1673 137
7643 453
1943 255
7645 479
2811 255
2325 255
7679 228
1877 479
2336 473
4839 479
304 23
3938 228
1863 479
1806 453
6288 228
3748 23
6784 479
2853 255
1758 479
322 473
1430 479
5075 476
4683 23
7064 473
416 255
3471 473
2056 255
4469 479
6662 479
8326 453
3736 228
7485 478
2691 228
3311 255
7331 453
8888 23
7544 473
3675 476
1161 453
1968 250
2824 453
2995 228
1712 476
7986 476
1458 255
4957 473
7148 473
8770 444
3354 473
7630 228
6114 255
3435 473
7921 476
8318 23
7279 228
3428 473
1817 228
1033 255
10436 553
6680 453
815 228
325 473
913 228
9840 255
8597 453
1050 255
5885 473
6796 228
8990 485
5783 255
3318 476
9289 473
3627 23
7753 479
4765 255
7460 453
8222 228
2387 348
2884 255
2653 453
5335 228
3207 255
761 453
2486 476
5616 453
2301 479
668 228
2696 473
8080 453
3586 453
6844 255
3717 255
6862 479
6527 453
6968 479
7714 23
2822 228
780 255
2160 453
2592 228
10915 255
2233 473
5123 23
7611 476
1902 255
9562 255
4269 228
3002 255
4323 473
7758 453
92 473
4510 228
5068 255
2997 453
2211 476
6850 453
7634 228
9181 479
3247 228
6 479
4408 476
9518 255
1247 23
8601 453
5785 228
9585 473
757 250
1049 228
2426 479
10581 255
9177 479
9221 255
7732 479
6483 476
1706 255
5165 478
7330 255
6311 255
9936 255
10657 473
8440 453
2812 255
1239 23
10352 1785
5949 473
4590 473
6705 255
6895 1786
4360 255
7213 479
8457 476
7859 228
8082 228
1690 228
5910 228
1870 255
5169 255
7706 228
2567 478
7206 473
7077 453
6250 453
1025 478
3458 255
3732 255
6601 473
6338 228
8163 228
519 479
9246 255
7345 228
10463 479
7989 255
1283 476
820 228
5378 479
5627 473
84 23
7117 479
4480 479
854 255
9212 478
6291 453
5265 478
10932 255
2715 479
1908 255
6019 443
10598 255
6248 473
4848 255
3668 255
9786 473
10549 255
3369 473
3378 228
1575 228
9001 478
1873 473
8538 228
9009 454
6040 476
3019 473
10513 255
3104 23
1400 228
7428 453
8066 228
3144 23
10690 255
9294 473
5961 228
2347 255
6142 228
1362 228
4980 255
2679 476
2582 23
8119 479
769 476
5761 228
8138 439
2942 453
1092 255
6075 255
7598 228
7421 476
941 453
10498 473
3664 228
8321 478
4940 453
8954 255
97 479
4008 228
7257 255
3034 453
1457 228
3105 453
6235 473
8183 255
9667 255
8869 478
8345 137
7450 228
2107 228
4087 473
5373 255
10188 473
5922 453
6548 453
146 255
5390 107
8232 255
897 473
10675 255
8521 23
1162 337
7652 476
6156 228
8800 255
8545 476
10686 479
6051 255
2119 444
1546 255
1492 479
7525 473
1899 453
7735 255
9803 454
10284 473
825 23
4411 255
6402 228
9958 454
2810 255
6505 228
227 473
3450 453
919 479
1889 255
1382 473
530 255
3808 473
498 228
172 473
1407 473
10071 473
10164 473
10759 255
3291 453
1281 476
7647 478
6714 478
7965 479
4725 476
376 23
3778 478
8758 479
6339 23
4604 228
5529 255
4316 473
6814 479
6234 453
6424 453
7452 453
3427 586
8985 255
10760 479
4888 478
2624 228
1322 473
5243 479
8158 228
8154 255
5001 255
10683 473
4785 228
242 476
326 479
3845 473
5170 476
4374 453
7675 255
5559 255
3126 476
9616 255
8543 453
6419 478
3550 255
21 328
5262 473
762 473
6460 473
5781 476
3612 137
4713 476
2690 255
1716 228
7651 473
2432 255
8077 473
6829 453
9817 255
8620 255
2835 453
1213 479
1762 444
4596 255
2938 228
10009 473
8316 453
9597 255
5428 453
2338 228
6818 228
2448 473
1179 453
6104 228
8052 479
4686 255
5463 228
2303 255
6823 255
6270 23
367 255
2538 476
11000 454
2285 473
2243 473
8392 478
1768 473
8728 255
6715 23
3473 228
1078 453
3478 228
5437 476
10199 454
6265 228
5008 453
2427 228
5988 485
6281 476
1651 23
5497 250
2046 255
6935 478
7008 479
7794 255
3152 228
1576 473
6681 234
7156 228
4812 476
9917 478
6663 478
8152 453
1150 255
3680 228
4531 473
6651 479
9628 479
7666 453
1280 255
9769 255
2848 453
2513 255
616 228
85 228
2385 228
2371 476
8075 255
3886 255
2530 478
3679 255
7796 478
9764 255
3796 228
203 476
3681 476
8055 479
1397 473
2128 23
7052 228
2365 453
285 23
6476 228
8535 453
279 476
1997 473
3048 479
7482 453
1463 473
7044 1788
218 453
4795 255
575 228
10819 479
9042 553
5807 478
6064 255
4154 453
10541 454
3898 453
3800 255
8294 255
1385 473
7132 228
4333 453
5972 476
4775 228
4728 479
6910 479
2016 1789
252 156
5026 255
1330 255
1020 255
2481 473
4684 479
6031 476
425 228
5708 228
3998 228
8696 479
6042 107
2412 228
462 473
1193 479
9431 473
2975 255
1958 473
1654 23
10560 255
5509 473
698 473
8231 255
9029 255
4626 255
6320 453
10596 473
4464 473
7157 228
6358 255
5567 228
3050 479
2337 255
8448 228
272 453
206 255
9245 255
4158 473
347 228
9262 454
3854 255
7838 479
1349 503
10089 586
10534 479
205 239
7888 494
23 495
2896 502
8167 343
6841 438
8544 498
10723 479
634 495
6985 498
1632 502
4777 503
10851 343
3787 438
2231 495
9869 476
7435 494
6406 35
10061 476
9478 453
1416 500
10571 494
4279 495
10261 343
10371 501
6904 502
5430 503
8017 502
4837 502
10817 228
2193 502
1655 495
6648 498
5380 343
3292 503
5720 503
3006 502
4749 503
3426 503
6499 495
5197 239
5939 503
3538 502
7340 438
1321 552
9374 476
6959 282
19 438
3355 581
1306 502
61 503
9363 495
4419 502
3379 502
3980 495
2923 498
9870 438
3086 498
7061 503
2754 503
3646 502
2068 502
5454 438
3229 343
10900 476
10216 228
9775 228
5707 498
8875 453
8631 500
312 502
1915 498
76 513
9165 503
863 502
3716 502
10358 503
9680 453
7868 502
6457 503
10313 228
8423 494
8546 438
8940 453
2719 495
5858 513
1037 502
7672 479
1750 438
2198 495
9800 228
6089 498
7324 503
4306 494
3340 495
4029 502
7298 502
9862 228
715 494
3666 495
8843 495
10591 228
2115 514
3069 502
8373 494
4909 495
572 503
10031 495
8329 503
11043 228
5111 494
4598 502
8610 495
10568 495
4224 514
5610 498
2568 494
3643 495
8195 239
9730 228
4401 514
8950 1790
3394 503
8740 476
7379 503
1856 494
1584 438
7534 495
2276 502
8764 438
7131 503
10607 228
3872 494
5958 495
8275 495
10909 453
9068 453
9679 494
10144 453
9486 514
2206 502
7864 495
1398 239
8079 502
3209 495
9097 514
8127 516
6891 503
1441 516
8206 438
2544 502
3320 502
4096 343
9860 516
8934 503
1067 502
2676 495
7944 438
5705 494
3410 502
10098 503
2957 502
10629 228
25 494
7999 438
8567 239
269 502
1478 502
4615 494
535 343
10892 453
3444 516
1373 578
5796 502
7179 479
2281 502
9988 498
9586 503
4630 498
10189 453
184 239
3632 495
8096 503
3480 514
1261 438
6123 343
1378 513
11017 494
10829 495
9521 513
5160 503
4550 239
3125 502
4633 502
3132 495
8368 498
6975 495
8876 495
5448 502
10853 503
7621 495
10232 453
10527 494
9906 476
7936 495
5080 503
7538 494
8701 495
2735 438
6697 1791
1713 521
2851 503
10878 503
9696 228
4755 495
2507 521
7230 343
996 494
1449 239
2372 502
8398 494
1743 502
9417 453
7323 503
10586 503
6194 516
3942 503
4289 495
1513 479
8497 454
10145 495
3704 495
9700 494
7004 495
6122 514
10779 514
9174 453
8553 498
359 503
5739 502
2352 498
6486 514
1568 502
1742 502
1694 495
10631 228
10376 255
2510 495
5706 502
1312 503
6995 502
10551 495
5857 479
6073 479
4585 479
8865 494
6955 503
4852 343
5223 513
6333 502
8197 503
8979 156
2197 502
6208 503
2156 438
6923 494
8304 514
6054 514
4380 502
8983 414
11079 503
2373 17
1622 502
4977 494
10247 502
7572 502
1077 498
9887 228
9079 476
4820 438
3674 502
3824 495
8550 479
4556 502
10917 494
10083 228
9142 228
10964 228
7494 495
9802 228
4308 438
4170 495
4227 503
674 513
9204 453
5232 502
6295 479
9902 228
5252 498
1111 503
1106 502
9453 455
1391 514
10220 343
10184 228
1235 239
2277 514
7828 502
9134 495
2750 343
11012 502
9876 503
11046 495
6429 495
2382 498
11018 495
2361 440
4858 495
9483 495
2213 495
2200 479
9109 453
999 502
1272 502
5207 438
7026 495
4671 498
8693 495
9437 476
353 502
1459 502
6848 514
2618 502
3848 502
4244 502
10783 453
10133 503
10701 503
423 503
1991 514
5033 494
1579 503
7377 438
6269 516
9424 228
4478 502
6297 494
458 502
3823 503
10610 343
3160 521
211 476
1545 343
10729 503
6226 495
4770 514
8886 453
4410 498
10190 495
9249 228
129 502
8987 494
1695 495
7793 495
341 516
4349 502
5097 343
2801 495
6703 516
7568 495
299 239
8554 514
2369 503
1898 502
5712 502
1626 438
16 343
10961 453
7228 500
9356 282
8768 453
3073 514
10037 239
166 502
8315 503
5210 503
7260 498
9731 495
4459 516
2294 495
5754 502
9531 514
2047 239
976 502
3887 343
8795 494
7952 502
3397 503
10771 495
1737 502
10593 476
6719 502
2497 500
4254 502
4370 495
3590 516
2711 494
8141 495
5034 495
6179 439
9609 228
9491 503
2880 343
9664 156
2143 502
723 495
7446 502
2358 495
4938 502
2680 438
7981 514
918 495
9652 494
4432 503
7987 516
7215 495
1264 502
8029 502
8499 494
4651 502
1180 479
10079 503
567 239
6409 502
8584 343
7366 516
9852 494
6139 503
10169 494
4072 503
5602 502
2151 502
10383 453
1821 494
7153 343
2036 498
4399 514
8680 503
6669 514
7455 502
4834 502
9036 228
3250 514
5296 502
5993 495
2528 514
924 495
828 343
4579 498
428 502
4261 494
7691 495
8815 502
9273 494
10438 503
2093 494
6262 495
8726 476
2645 494
1779 495
10014 239
3956 502
8899 228
4391 495
6637 411
1609 502
5984 495
9490 228
6965 494
6129 513
9223 453
9993 494
5411 495
3218 502
5063 502
339 503
2187 503
1307 498
4752 495
797 239
8892 514
10439 503
465 495
6851 343
485 502
10095 453
5831 494
5632 494
9039 228
6861 495
7310 498
10726 453
787 438
3091 500
8207 498
9583 503
585 503
9369 228
6102 502
5811 503
2184 495
8270 343
7649 513
10475 495
8738 453
10518 453
6162 494
3047 495
4984 514
11038 498
6506 343
3622 502
10978 453
10047 438
4071 502
9838 498
627 502
164 495
9288 495
6030 503
9015 228
4986 503
10969 156
1059 514
8041 502
8776 494
4740 479
133 494
2120 502
1477 495
8072 502
4276 502
2545 494
4286 495
1126 494
8100 438
1157 495
127 503
9226 228
2360 503
8743 228
10944 516
1693 343
2172 495
9055 453
10712 239
8188 495
8732 495
6897 502
343 411
10187 228
9568 494
1565 494
1506 438
1177 502
8212 502
5916 502
11032 494
6723 495
1832 498
9824 494
9394 494
1188 554
2445 498
6615 495
7885 494
2644 502
4890 502
6953 502
1580 502
2155 495
7783 500
5328 498
4068 494
1370 239
1784 239
10156 494
1592 343
10838 239
10240 453
6879 495
1909 502
7892 502
5404 502
2843 438
340 494
10143 502
6268 494
10848 438
945 479
10087 495
17 502
1714 516
5926 23
10065 503
9590 239
6140 503
10255 453
8070 438
9557 495
9449 498
6432 498
6501 343
5134 495
7588 494
1334 503
9651 476
10785 503
9362 494
8113 495
3175 502
4827 502
10110 503
4646 494
3395 495
1154 495
5044 594
7614 495
298 503
1118 495
9571 495
3419 502
9678 476
1918 503
6545 495
7269 443
449 495
1172 503
3161 503
1314 502
2291 495
3205 502
7990 502
6627 503
10959 438
5585 498
2091 343
7448 503
5432 503
4179 514
1304 502
1325 495
3364 503
3359 343
9137 495
6642 495
7682 502
2161 498
6448 502
7204 503
6738 495
8889 453
5089 503
8587 495
7514 498
9322 453
2881 343
8261 503
4956 494
4591 495
6934 495
11107 438
8393 343
3789 502
10700 498
9390 494
2389 503
8137 343
2019 502
2615 239
100 494
7176 502
6887 516
527 503
8522 229
65 502
4961 502
8895 503
3475 494
10539 495
479 494
8419 502
9925 529
9470 529
9564 516
4772 502
2642 495
6431 495
1143 516
10600 495
2832 502
90 529
4703 535
2962 160
6940 529
3220 502
10325 495
6569 160
3955 502
5551 516
5659 529
5854 502
475 533
6049 502
5332 502
1343 250
7791 529
8606 533
10157 533
7993 495
5889 529
5350 529
1085 498
1980 503
8286 495
6716 516
10234 502
724 535
1561 529
7904 529
6737 516
10638 529
424 502
4843 503
1190 495
10400 529
6459 529
1419 529
544 503
5499 498
10454 535
10856 529
5163 498
8476 495
4281 495
93 529
10221 516
2121 533
351 533
3083 516
7808 529
2261 495
8456 533
1676 498
9488 495
3688 529
1217 516
8836 502
7030 529
3953 502
4657 516
748 495
1347 495
6282 495
1803 529
9355 495
10057 495
2135 495
10990 533
6309 529
5135 495
2442 535
6628 516
7798 502
10750 495
10045 495
10971 529
5340 495
1376 533
9421 529
819 529
7396 516
5689 516
4547 529
3439 498
5813 439
10791 502
10666 516
9251 502
4186 516
9659 495
8564 516
7028 529
463 498
7211 343
4825 502
10080 495
86 495
8254 529
5981 495
8405 495
4420 533
2684 411
9772 495
9874 529
3771 502
5185 529
5028 495
3542 495
2002 498
7234 516
3921 516
7503 516
4318 502
692 529
153 495
9969 502
2854 495
4954 498
3572 328
10966 502
4297 535
5881 498
1683 502
10576 343
9850 533
9291 529
3217 529
3486 516
2709 503
8625 502
217 529
2993 529
2677 529
1013 503
2789 529
10101 529
182 498
1326 160
4654 529
1974 516
6379 529
4272 529
4284 498
6670 343
765 529
5519 533
3834 502
3729 533
2519 502
7180 501
9278 529
70 533
3088 516
6594 495
5677 529
6364 516
7154 516
7178 529
1084 503
3503 533
9928 502
4099 495
3791 495
726 535
10315 495
4741 495
3405 498
6300 516
11027 502
10742 533
9122 529
10432 529
5269 529
3614 498
1521 498
10784 533
8644 502
899 533
6535 502
3714 516
3433 529
6360 495
4809 495
5855 495
9723 533
8496 495
6734 533
1091 533
434 498
8253 495
6260 516
2734 502
9711 533
1208 495
2758 495
7290 495
4849 160
9358 529
4905 495
8941 529
8442 502
5959 533
4034 502
908 533
5 529
1128 495
556 533
10860 502
1922 516
9565 495
2968 529
6478 498
7520 529
2477 501
5786 495
1967 502
6542 495
6948 529
3962 160
5795 533
370 498
8433 529
1052 495
49 533
4548 535
3425 23
201 1792
7755 533
8849 516
3296 529
5108 498
1030 498
906 502
4952 495
3754 495
1910 529
395 498
8874 495
4195 498
9282 502
3662 529
4282 529
4507 516
4124 498
1393 502
1604 250
1682 502
1116 516
8777 516
4386 498
1054 516
2867 502
1181 529
5621 533
8659 502
8251 502
9624 529
5389 529
10290 529
5485 529
8358 529
7136 533
6144 160
3189 495
107 502
3424 529
2153 552
10191 533
2895 516
6484 498
9454 516
845 516
6444 502
9051 529
4739 516
9144 495
2609 529
5839 498
9214 495
4043 516
6717 529
5740 529
9299 495
9267 503
2666 498
6770 535
10385 529
9388 282
1959 495
10867 495
3629 502
6471 529
1944 495
4211 529
8626 495
222 502
2145 501
9636 495
9452 529
6080 502
9166 529
4970 495
8798 516
8240 495
8915 502
1577 502
5311 529
7433 411
5805 533
5143 17
1231 535
2714 151
2150 529
5325 516
9135 516
9626 535
1079 498
7416 495
1799 529
4177 495
5540 529
10303 529
8004 529
2988 529
5561 535
2778 495
5281 529
2131 516
5709 495
3827 498
7226 529
7637 529
3524 495
4794 516
4832 17
10752 529
2031 495
361 501
6404 498
3238 516
8921 529
2451 495
8751 495
1262 498
6682 529
1810 529
7434 529
4817 495
4470 535
4803 533
2104 503
10151 529
5512 535
1405 535
11026 495
5314 533
8670 529
6877 529
1016 529
8208 535
10250 529
697 495
7013 495
6363 516
346 516
5672 495
3818 533
10451 529
4761 502
6621 516
6886 495
336 328
3214 529
4571 503
9053 529
1432 502
9085 503
7371 529
5181 502
2479 516
1144 17
6603 529
8016 516
8091 495
1825 516
3010 498
1124 529
5791 17
3669 495
3889 535
3774 533
8339 495
4443 343
1389 516
1862 516
849 495
1755 495
3016 503
1310 529
7667 533
1948 533
965 529
8829 535
10008 529
10732 516
1783 495
3393 529
5312 495
1828 529
8396 533
9677 495
9692 529
5364 529
8441 529
55 533
5997 533
1390 529
774 498
2500 529
5747 17
2134 495
9718 502
1751 498
1379 495
4610 503
142 529
2355 529
3528 516
5528 498
1209 533
5126 498
154 529
5249 495
8532 502
4692 241
3278 495
3090 529
116 529
9952 495
8780 516
956 495
8568 516
5566 516
6367 516
8794 495
536 498
795 495
8769 502
11080 516
3440 503
8655 495
1007 529
2556 495
9404 502
6211 354
2025 529
1543 498
8227 529
1427 533
2583 495
6082 516
3388 498
5095 516
5366 501
751 529
2626 529
8547 516
3027 495
2888 498
7319 533
3514 495
8128 529
3286 498
2543 495
1012 533
2003 516
3929 529
4976 498
805 529
2764 495
2323 498
7601 533
1036 250
7513 516
9280 535
7914 529
7797 495
9099 495
2316 516
10720 502
4402 498
8355 533
7470 535
8277 533
7193 529
6293 533
5153 516
9642 516
6806 501
6689 529
3957 502
10983 535
9683 529
4828 498
9207 495
6756 535
496 516
4764 529
9965 529
8884 529
3398 533
8475 502
10403 502
2670 529
3009 529
11104 495
8674 516
7082 495
3554 495
10982 438
9967 529
2105 529
379 529
8537 516
102 529
1472 502
10430 495
1650 516
10339 535
4999 503
4642 529
5964 529
994 529
9953 503
3430 529
10480 502
2007 502
3742 495
6854 495
5012 529
1724 529
66 533
3689 495
8690 516
1594 495
468 239
5940 502
10520 529
9792 495
37 160
10967 529
3306 160
5405 529
6864 535
9265 495
7746 529
5906 502
5876 516
4942 533
10399 516
3535 498
6453 495
5060 529
1028 516
7042 529
394 439
6261 533
1888 495
5778 495
3810 516
9414 495
10727 495
378 495
4146 498
10664 502
1684 502
9048 503
4365 529
7338 533
4367 498
10602 502
8116 454
2695 516
6817 529
7496 516
10092 516
784 502
10710 529
10844 533
1663 502
3131 529
10580 495
7294 535
1069 160
2638 529
3196 529
5829 502
2706 529
1421 516
7929 529
6283 529
7149 495
7711 495
6284 498
2983 529
2351 535
3574 498
10705 533
2048 529
3768 502
10452 495
4756 529
5458 502
7440 516
10291 393
8991 503
2774 529
9867 495
10336 529
1867 529
9749 516
6526 529
5442 160
1371 516
9846 495
5572 533
4062 495
3103 495
7655 503
2964 495
3258 495
3797 160
10755 516
3875 533
7524 495
8439 502
10021 502
6021 529
8237 495
1551 498
5300 502
4842 502
7224 503
5053 529
1746 495
5913 498
8615 516
1542 516
6127 495
2012 529
6921 495
1359 502
3108 529
3997 495
7862 495
10721 529
8570 502
1614 529
2546 495
5329 343
10137 529
8772 502
4924 160
9823 495
7098 529
4463 495
4787 495
7321 495
7097 516
10889 533
4519 533
10515 502
3389 516
5986 495
9095 503
8307 495
621 529
10858 495
9313 535
94 241
841 516
5670 502
4668 498
7235 516
5443 17
1595 479
1730 557
7851 494
5031 495
7715 552
10643 494
3166 495
3322 552
4880 552
10267 107
2998 529
4962 553
7761 554
4830 553
2229 479
6842 494
4160 494
8218 502
1883 552
2133 17
2188 553
3847 498
8676 479
2099 494
2846 553
1701 494
9485 494
3210 495
8773 498
5346 557
929 17
7857 495
7035 498
8411 494
6905 479
6797 514
8348 494
760 494
9910 495
895 17
1957 514
178 495
1136 553
10237 17
4162 553
9082 160
1773 494
9809 107
9941 494
6839 494
3488 17
9763 502
10274 594
1961 554
5475 498
7478 479
6798 17
513 553
3896 17
8010 17
6417 494
3255 495
476 479
10404 17
6165 514
6335 495
1665 17
9263 494
10834 495
1494 479
8008 502
9503 494
1756 553
9533 494
10317 495
7369 494
952 479
11065 552
9984 479
4563 494
284 495
10262 502
8860 17
2816 494
8288 552
5500 494
7083 479
3970 17
2578 1794
800 338
9584 494
2688 17
10497 495
879 494
1887 590
9305 17
10509 494
10563 17
7018 494
688 479
4294 495
1982 17
9333 494
11030 17
5212 552
1518 494
5067 494
8099 557
4537 494
5347 479
7342 149
3484 246
11020 494
1850 552
9834 552
622 17
2 494
2569 553
5256 552
2783 495
2400 495
128 552
3509 562
5577 17
6860 495
5872 494
7286 498
2306 495
5011 498
9371 494
6264 17
8939 479
5113 494
3521 554
6900 494
6733 557
9381 17
4975 553
8284 479
5804 17
8283 502
8996 494
8230 17
10410 107
6161 495
7249 17
1417 17
7898 494
4257 557
10514 552
5875 494
5191 495
696 553
4226 17
4840 17
9501 495
1549 553
10519 495
10743 494
3075 17
10054 498
6382 552
1717 553
9158 502
3567 494
2862 502
3474 495
10259 502
7059 255
9180 479
6803 494
9793 495
6994 494
10692 479
5343 479
1165 553
371 495
3136 495
10873 495
3937 494
2499 17
3094 552
2570 498
7878 498
2174 552
1719 17
8101 502
10999 498
306 33
5460 494
10049 17
2823 554
7584 498
2742 494
2766 479
35 494
6170 494
6611 495
10140 529
7754 494
7173 494
10105 552
1464 553
6108 494
4715 553
9253 498
2000 17
50 17
5409 479
2981 17
11035 529
8006 498
7423 552
1212 553
2649 17
561 553
10984 337
2097 479
10129 494
7317 160
3544 494
7328 502
2444 17
10901 494
6586 552
5398 479
8014 552
4221 553
7566 494
10773 479
1425 494
1474 498
6870 502
4706 17
10574 498
10050 502
5251 552
3672 494
6937 494
1201 495
10608 494
7991 494
5664 494
404 494
7295 495
9107 502
7984 494
9255 17
6160 494
8341 494
2381 495
5921 107
2694 562
10360 563
10943 494
4650 553
2602 494
9185 494
3539 494
759 554
10152 529
7444 529
3639 552
5704 494
3423 552
2637 343
10068 494
1847 553
3169 17
872 557
6421 495
1627 494
10977 502
5175 494
5937 17
2173 552
5979 494
7959 494
6401 17
7762 17
4303 239
4417 494
137 17
3184 495
7511 17
11068 494
8713 479
4865 553
5310 479
6334 495
8778 494
3032 495
10839 17
7961 136
10543 502
9420 17
1327 552
1140 494
10826 494
2363 494
5285 17
5771 557
4856 553
3228 494
7837 17
9216 502
8747 17
8932 494
9329 495
7712 502
6931 494
2114 107
3129 495
8844 160
10377 552
9615 494
6634 498
3954 494
4293 576
2080 553
8122 498
3703 554
10504 343
7185 494
2960 494
10146 494
3511 494
8745 494
10192 502
8730 494
10965 495
7658 502
88 554
5066 514
1413 494
22 553
8192 17
6128 479
5282 17
6800 160
3831 107
10491 17
10039 160
258 553
5948 494
987 554
4831 338
5002 494
224 553
7256 479
9104 160
1042 479
2362 495
4660 17
510 494
4305 553
5714 17
2293 17
5983 479
9295 494
814 479
10535 494
4027 495
2908 553
5607 494
8980 552
4565 552
2753 494
8904 502
584 553
8033 17
4824 495
2591 479
7789 494
200 17
7721 17
10407 494
9951 552
7872 502
10272 494
6442 554
2455 553
4491 498
10324 17
10483 552
4465 553
4009 495
214 553
9350 479
1320 495
10467 498
9272 494
5978 494
9232 552
9360 17
7869 17
3432 494
10170 494
2599 494
7145 502
9258 494
357 553
10296 494
8186 529
8389 1795
5815 17
3513 495
6892 494
9872 529
10775 529
1765 553
10499 498
1612 495
3481 479
8257 494
3249 495
1941 494
2956 494
9396 494
2563 494
1946 553
560 563
3562 495
4054 479
10409 495
3098 17
8279 17
10952 552
3283 494
6988 17
6378 514
9685 160
3294 494
2329 17
6298 17
1295 498
8878 17
3879 553
7449 494
555 498
2722 494
2721 17
9645 502
147 494
9115 495
10762 494
3141 557
7707 494
3694 494
10973 498
7578 516
6872 494
7016 479
1539 494
5376 494
10641 17
10861 17
2573 552
9762 255
3750 553
5408 160
961 17
1895 553
8414 494
631 552
9397 160
7168 494
2035 479
10645 479
582 554
2127 553
1678 479
1374 479
2581 495
1138 494
9733 17
9323 494
10804 557
3776 553
6072 494
2203 494
6906 494
2421 516
6871 494
9647 17
2435 494
6565 479
10832 494
8784 494
3658 554
7841 495
5473 1796
3349 494
8325 494
10492 17
9124 498
6251 514
2523 498
189 495
2393 553
10877 494
7302 502
2397 479
6373 479
10130 494
3977 553
7125 17
2657 494
8598 160
4944 146
1804 553
7632 502
7875 498
1410 552
6094 494
2868 553
345 498
4915 494
4325 494
7603 495
8462 494
4669 232
6962 498
10212 502
8000 554
8256 502
10173 494
2087 17
5970 14
4586 529
2298 17
1955 576
3960 495
9934 137
2664 494
8971 479
10661 529
9077 17
187 494
4355 494
9576 552
4674 494
6873 554
4155 494
514 553
4583 552
7119 494
3049 494
6866 494
3234 494
455 553
7532 494
10453 17
10107 17
6450 552
7504 502
7861 17
10147 17
9641 516
927 494
1669 494
9797 494
232 494
1905 552
4047 554
2793 554
8855 495
6081 17
6186 494
5757 479
8160 502
4778 494
8177 494
6587 590
1497 17
7360 502
11036 529
1151 494
3905 553
7589 529
1725 494
8027 17
3616 494
3327 552
2805 136
4533 494
1781 552
669 557
3790 17
13 498
2522 553
7593 494
10006 495
10100 17
3472 554
6649 498
8877 160
5315 17
9891 494
1674 553
7127 529
6048 498
8125 529
10924 160
3599 494
91 494
2917 554
10803 552
4913 494
9141 498
10115 498
4974 494
8593 498
6757 494
6001 494
9814 479
3453 552
3135 502
2204 494
8293 498
9182 495
2214 495
7243 552
5611 246
2953 494
1353 479
7375 498
1008 552
10875 494
6130 554
5870 494
1642 494
4871 557
8989 557
5663 495
7957 552
5379 495
8628 494
456 553
1814 494
995 553
5887 552
11096 557
2404 495
2353 495
3660 552
10584 552
8689 554
907 494
8466 494
8400 494
1014 494
10703 552
131 554
3004 498
5052 17
8299 494
7414 17
2030 17
9442 160
8133 552
1657 495
1404 494
2450 494
2603 495
363 495
11105 514
8181 514
4589 479
1109 494
8502 495
8311 502
8867 495
4896 17
8046 552
9392 498
7259 495
4806 17
3434 17
10913 529
2579 494
2472 494
2771 553
6326 17
7533 494
7196 502
7484 17
5118 479
4105 494
5890 494
7608 494
4428 494
2819 553
4346 1798
7034 35
8530 339
3518 246
7585 35
8342 553
1793 246
10183 553
489 578
43 246
10524 553
8656 573
2708 578
1854 575
4773 422
9349 339
1236 576
9342 577
9720 578
7401 553
5539 582
7947 246
955 35
9899 579
573 575
8319 178
4967 578
4144 575
3137 35
2932 576
3179 339
4578 581
3706 578
1082 582
8999 553
3046 246
2487 577
6677 577
4051 229
6058 35
8967 553
4904 339
8108 35
5686 35
6568 339
9128 422
3176 581
7954 577
8924 584
10751 415
10201 575
997 339
1088 582
9581 35
9334 581
8228 246
969 573
7101 553
3821 246
2175 339
10044 229
7803 581
8295 35
10302 578
8344 246
1122 35
1510 578
10225 578
7047 586
3699 578
459 587
6607 581
2170 582
8176 577
2865 35
796 339
6560 395
2629 339
3256 35
271 578
274 229
3020 639
10663 35
3308 575
7057 587
10735 35
10630 246
6690 577
3477 339
9290 35
11067 553
8918 35
5774 581
5756 553
9804 395
1823 590
6917 590
4933 246
9326 577
2852 578
7090 35
3165 229
7065 395
2312 145
8220 578
9546 577
7431 553
5266 582
5261 415
2408 582
5045 587
4584 577
2061 581
6580 573
7767 339
7466 577
867 396
568 339
2350 582
280 412
5487 577
1259 255
4694 587
2950 587
6171 553
329 594
10756 246
1418 35
1904 577
9945 579
4992 35
5040 577
300 586
5617 578
10361 553
7521 246
10870 579
9890 35
9621 582
8645 553
8523 587
1123 581
2788 246
7457 339
6277 35
1901 584
2192 573
8416 35
789 35
4758 590
639 339
3793 422
5424 339
804 35
5086 339
1285 396
10573 255
1232 145
5420 246
9331 578
4887 395
9022 577
10328 582
1372 415
10490 575
6667 553
8722 255
5633 553
5142 339
5122 339
11084 578
8691 395
2886 246
2313 584
6115 229
5414 415
197 575
8709 229
7341 35
3368 284
3533 422
5027 575
9625 137
6826 553
8194 229
3507 582
6579 35
4868 594
288 246
8834 582
8051 582
6556 602
543 246
5903 35
2514 396
10940 553
10868 575
10812 443
2384 587
3882 581
5452 246
3746 575
10740 553
1831 396
6834 339
8209 586
1401 587
850 590
5897 35
1447 590
10295 553
5722 578
8164 415
9740 587
3015 590
2112 577
823 396
6625 575
10347 395
3678 35
2334 415
1842 395
10975 553
1747 35
7901 581
9717 553
834 246
8394 139
8408 415
7688 577
2236 339
4838 35
7561 339
8925 1801
3170 422
5230 581
3012 594
4953 579
4335 35
6534 576
1130 246
3299 395
6319 246
8324 577
5675 1802
2617 246
3038 415
3177 590
6065 246
7860 584
6638 577
4336 582
2378 443
9076 395
505 581
4237 575
3127 587
7677 35
2914 577
5225 594
3372 575
4701 577
5960 577
10318 395
5465 553
7963 582
10059 581
7583 578
8962 577
10797 590
4057 35
6435 35
7654 553
5624 246
6392 229
27 246
2772 1803
5005 553
5043 553
275 255
10980 553
1563 573
978 35
2227 229
7335 35
1021 575
5020 587
122 582
1086 246
10569 35
7251 573
2613 422
8801 553
1394 395
7086 584
10835 229
1522 145
7463 35
10923 587
5141 575
10606 229
5615 395
3462 587
8298 575
3710 397
10642 35
7397 422
8337 35
8365 581
3985 590
4667 575
4720 582
10276 395
451 396
3289 575
8081 573
4327 577
5879 246
2013 395
7123 581
7217 553
1965 229
2139 246
4783 587
2460 587
9292 581
7840 246
320 415
9059 149
5496 553
7644 415
9535 326
1656 415
7280 582
8952 553
7177 553
10366 581
5283 443
4663 395
1952 444
7263 578
1147 587
3705 395
6593 553
5531 35
9822 415
3285 581
10411 587
1027 35
9878 415
2779 575
2963 145
6200 393
2515 229
10161 35
8662 577
1469 582
7873 578
9017 575
7918 590
9726 553
9701 578
3280 576
4875 229
10076 553
6845 577
7133 246
1482 577
1535 339
2141 587
484 582
4128 587
301 35
4191 339
8084 576
7413 553
5514 229
9066 586
5989 582
7165 573
6416 553
1772 35
8249 339
9845 339
8840 594
68 573
10434 229
6310 573
1951 575
773 396
8461 553
5608 553
1080 575
4292 578
10298 590
4069 594
844 145
2330 246
9415 339
3844 35
3192 573
532 229
6551 339
2552 443
10333 553
5196 246
2008 395
7881 443
5536 578
6397 553
876 35
2597 594
6794 581
1956 246
7917 587
2154 35
7629 577
4407 581
3208 582
10845 553
4802 577
9567 35
1754 587
8714 602
1219 395
9868 246
2493 396
2951 577
832 577
1342 594
5241 553
7717 553
931 246
6076 339
7464 553
9200 1805
7836 339
1168 575
1450 35
8994 577
4285 575
5267 581
10899 553
9012 581
1623 35
6570 590
9279 553
9703 641
1094 246
3491 581
263 396
1560 339
6447 577
5745 582
10960 578
7850 415
5176 553
4194 575
5923 422
64 584
5159 395
7481 35
9171 577
4151 581
4406 35
11040 339
2678 35
3295 35
8828 586
3850 395
3981 577
6143 246
5244 578
10484 443
733 339
2321 412
6095 229
1520 35
5204 444
5490 594
31 229
520 339
1311 229
3411 35
6088 590
8825 587
6766 578
6768 339
1114 35
8520 577
7053 573
6490 35
3725 229
3187 575
10521 582
8799 284
7100 553
8607 575
2122 577
5909 35
2256 587
6624 586
4065 577
2245 396
8384 395
4997 575
11025 35
9853 35
2506 578
3738 578
958 578
1767 1807
6231 1808
9271 553
10131 578
7451 395
4176 577
10649 35
8809 415
1858 602
150 35
4577 145
871 581
6329 577
7870 576
7051 140
1812 579
4627 579
5974 422
7462 575
5639 590
5055 553
2634 422
7167 35
11028 575
8760 577
3365 582
3945 576
1978 396
3276 590
8524 553
2605 576
7821 576
6010 590
2165 137
7833 502
10934 415
5477 581
1460 339
1046 396
3014 35
7232 422
4114 35
159 229
2770 573
5729 553
8749 581
4700 577
9780 553
7074 35
388 576
4886 594
1196 422
5222 553
10275 587
8526 581
5579 553
7540 594
8162 339
1766 584
8786 229
2488 415
8500 553
9215 422
5571 145
6066 35
6966 35
7949 443
3198 339
6776 577
1861 35
3504 229
9400 443
9725 579
349 582
8748 246
829 284
8282 553
3744 594
8857 581
3011 444
1411 415
2587 35
7120 553
5678 250
7766 35
1388 395
7627 577
4202 573
6581 246
2553 395
6597 553
8761 553
5630 553
10745 577
5816 395
9796 339
8032 255
4425 415
8528 35
9133 575
1727 396
6371 577
4234 339
10995 594
5021 553
4516 578
8805 339
3661 339
7775 35
5748 339
9217 229
7916 582
2780 339
4260 339
5661 396
2429 396
10903 581
8771 35
9702 578
10297 339
6882 422
9722 1809
549 581
7332 553
10854 586
9237 246
9738 553
653 577
3965 581
8146 246
896 587
10585 395
5826 339
7773 422
4979 594
3912 578
10402 35
4461 395
1211 339
3837 594
488 579
9884 246
385 415
7073 575
10493 577
2377 396
9985 578
7214 415
1083 339
4453 579
10457 35
4670 577
1467 396
5415 553
5472 444
4373 578
2669 35
7143 415
10019 339
5592 339
6492 553
2928 305
2447 594
30 444
8 395
4246 594
1916 573
9548 587
768 250
6192 577
3037 246
4553 582
5147 575
2259 35
2804 415
1785 575
3663 395
2996 586
839 339
8635 582
6799 422
7225 35
9440 579
6781 582
10794 139
8966 229
4769 553
981 284
10635 255
10113 610
9067 586
10248 284
9607 139
9611 284
2478 284
1619 582
8356 284
4165 396
9620 610
4382 611
7763 1810
2079 284
5190 284
8371 284
7284 613
5724 553
281 611
5924 284
8421 396
4998 154
2989 611
1011 553
2554 573
4648 573
6960 284
1117 229
758 553
1860 576
2915 582
528 284
9045 284
3469 396
1055 614
7174 284
3840 139
8575 553
8531 396
10810 229
4236 611
3030 586
5402 284
10150 284
9617 614
6640 576
8998 284
4910 514
3893 586
8664 284
8831 573
9511 611
1688 611
1527 611
8083 359
8961 284
1987 611
8930 141
977 419
788 284
4500 586
244 611
11021 284
1095 284
4821 7
6890 573
9038 553
8300 284
6746 573
2234 107
144 582
2239 586
3910 229
6510 284
5461 419
7819 284
3147 573
10420 284
4416 284
8947 582
5172 284
4914 396
5780 582
3860 553
4797 553
210 586
1269 178
10033 284
7779 396
10224 284
9635 553
1096 229
8559 610
6273 229
2208 613
10017 1812
3224 246
2033 284
2299 284
10384 250
7329 284
9484 586
695 1813
4628 396
6653 613
9699 284
8124 494
4746 284
1544 576
9545 573
1073 139
3760 50
6724 284
5563 586
10781 359
9603 553
1288 284
10801 396
2566 611
2944 611
5833 613
11078 284
1479 553
1414 611
5750 396
10374 284
2021 139
702 573
9750 284
6181 284
1017 284
10910 396
7831 284
9975 284
4484 139
8493 553
2492 586
10749 139
8105 582
9848 611
7839 576
1607 553
5938 611
8671 553
3063 284
629 514
9426 415
2101 553
9707 284
2929 553
4543 553
4819 284
8064 1814
4129 66
10431 495
9698 284
2167 284
8827 553
106 246
2831 586
1852 284
2509 576
10043 610
10422 396
6032 396
8445 476
9742 576
1335 139
7486 610
6868 396
9087 284
9808 396
5445 284
8491 610
493 284
9411 553
10419 586
10446 573
10981 232
3959 284
9654 284
7809 494
4075 284
8763 610
132 611
1929 586
2720 553
5779 284
11009 33
7054 553
551 7
10627 573
9155 232
3733 613
1652 553
3826 553
464 582
1996 229
7430 284
4481 611
6097 3
3591 553
2051 553
3677 284
8981 255
4458 611
9821 610
6121 553
808 284
9758 284
11061 396
4056 284
6608 582
4818 553
2756 553
2342 284
2751 284
10435 35
9092 553
6100 553
10448 284
4024 553
5935 553
4181 553
4981 395
4594 582
6133 178
10194 284
2992 284
1524 139
9688 582
8903 284
4143 284
8054 284
6815 284
8480 553
3316 3
6950 284
7646 139
742 284
2922 250
9948 396
3917 284
7539 155
5478 229
2417 284
9234 229
9199 553
10719 284
2268 553
4207 614
3619 284
8510 284
1445 141
6591 284
1005 284
9277 610
6255 139
9210 553
3026 553
2308 255
1403 284
4364 553
10529 284
4815 553
3387 284
8424 610
7894 553
507 611
7237 611
1550 553
9613 582
3865 284
4378 553
9919 284
5410 396
3885 396
5806 553
2463 284
8657 284
10688 611
1572 639
3262 553
9008 553
9614 610
6056 611
8401 611
2535 284
6256 284
7362 396
4199 553
5888 553
7262 284
5782 553
10813 396
4993 533
1588 337
9156 229
3062 553
2053 284
6184 255
7562 255
10578 576
10625 573
10653 284
8578 582
6668 1816
5683 284
4612 586
5930 229
986 582
2905 494
1076 1817
10263 160
1704 553
7845 553
8596 107
6945 35
6473 586
4656 553
2485 284
1893 611
6933 284
6230 284
5065 553
1241 284
9010 614
6978 553
9739 337
338 553
792 284
4342 396
8846 573
10198 586
6482 284
126 610
8579 284
3757 7
4377 284
8363 576
10321 582
2422 250
10746 573
9389 576
6930 396
8088 139
4710 284
3300 576
7426 1818
1484 611
4415 573
6331 553
6706 396
7019 586
7038 613
6274 396
3307 553
7091 611
3409 553
110 610
9343 553
7265 284
7115 476
10951 396
580 284
5824 396
6462 284
531 229
5051 154
6372 610
9937 586
7516 611
3670 107
10846 284
6425 284
10933 284
7891 396
3254 284
4889 139
3264 284
6368 553
5642 284
1686 553
10489 573
2635 476
5016 576
9007 553
314 553
2525 553
7576 611
9427 396
6898 553
469 284
8182 396
396 586
2636 284
2335 553
3721 553
8347 255
1318 107
10018 529
6018 610
41 611
7075 139
9432 396
8556 396
569 139
1771 284
8196 553
10175 284
11016 611
8244 284
6523 284
8274 284
10820 178
5865 611
9525 396
4714 396
2990 396
3466 284
5581 610
1004 396
11048 396
691 1819
8762 396
2572 576
8752 396
2521 284
9317 610
8705 396
3492 553
2096 284
11075 284
9057 553
6159 553
2939 553
5684 284
5565 255
8811 553
3737 553
1056 610
9307 284
2879 284
10415 284
950 284
10249 396
3451 396
9241 284
3624 284
5589 553
9443 586
3001 553
7106 582
4971 396
7005 284
9691 284
4814 553
3819 284
3609 284
101 582
9622 553
5520 582
5787 553
10395 611
3952 611
8908 284
3548 576
8890 582
5511 553
8185 610
4300 229
5723 553
10734 576
4104 284
5666 284
2650 611
1547 246
2045 582
3323 553
6199 284
3869 476
5580 284
8271 284
1003 284
2067 553
4271 576
2368 553
4219 284
4566 284
597 284
10556 582
8248 586
8781 576
6253 553
1197 284
10387 284
606 284
10459 359
10299 396
714 359
7199 396
2871 573
6599 611
8611 573
7996 576
2212 139
10658 610
7069 284
5562 610
2796 613
8668 139
5279 284
4110 610
10730 284
9264 284
6063 553
8731 284
991 553
6750 139
7912 553
414 284
4730 586
4514 553
10268 396
7771 284
10765 586
1220 553
5603 553
1328 553
7772 611
6742 613
1554 284
7152 396
7934 396
9403 610
3571 284
7271 284
1436 255
6932 284
725 553
5324 396
10554 284
8428 610
7518 553
149 284
2271 553
3097 553
2516 553
7602 139
167 284
7403 582
3476 582
9439 284
3401 553
743 594
1820 576
6067 284
8972 284
1200 573
4681 284
3407 284
6137 284
1557 284
8917 17
914 139
2418 553
3057 582
4013 284
1953 139
7531 284
618 611
10561 284
10335 396
2395 611
3042 553
9909 396
3752 553
10613 284
8432 284
3112 284
1610 284
8881 553
3890 1820
8353 1821
7550 586
8949 284
2541 610
2747 573
10648 284
6707 284
11092 573
5319 284
6388 284
5644 284
1603 284
6495 611
5799 553
2673 396
202 284
716 284
7039 576
3081 553
235 35
5431 494
7689 533
8340 284
3517 553
5698 611
928 611
9242 582
251 553
7992 284
7671 582
5798 284
1495 553
1293 582
1723 229
4664 139
6468 582
4494 107
5254 284
2532 250
1038 229
6109 284
8018 284
5962 553
10364 586
4301 284
8909 284
5515 411
3329 553
1440 284
2014 553
10307 576
664 553
8891 516
303 284
5128 284
8166 582
2611 494
7563 284
1964 611
6381 610
2948 284
8246 582
9916 284
10193 284
3735 553
2707 613
4882 284
3416 284
2842 178
2641 576
7076 582
5469 553
7668 553
5032 553
4771 611
305 7
4255 553
3526 154
5356 396
6729 284
1662 359
399 284
4320 339
8868 455
1844 284
610 573
9175 553
10000 284
1070 139
4620 553
6348 553
4421 139
1567 582
5320 582
8937 553
6602 284
2190 553
9606 553
7998 284
9192 396
9213 553
4014 553
9060 284
9335 284
5730 610
7699 284
1815 553
1152 107
4492 414
123 33
8589 162
9376 107
2023 232
6869 553
6461 639
3489 33
777 255
3974 255
4140 145
5840 107
8883 162
641 162
7663 255
45 162
4193 553
615 255
2555 295
7242 641
8418 553
1462 255
1351 33
7665 255
4084 455
10048 283
4693 255
9188 154
6149 162
1297 154
663 107
273 33
181 455
7293 255
407 107
7920 154
4025 641
2979 232
7056 162
3357 455
10825 255
170 639
2260 414
8268 396
7969 33
9674 641
1290 255
3994 162
5444 553
1548 154
1228 160
4045 232
9120 33
7067 553
4917 414
7192 641
1787 255
5905 140
9929 162
1726 255
10218 553
4231 641
7764 33
7096 553
3414 414
10153 33
5124 232
9157 162
495 639
3390 154
209 414
10550 553
9563 455
10398 553
3696 107
7913 162
7884 154
8660 455
2675 107
5106 255
4873 33
2800 455
2705 33
4696 162
7749 162
1685 33
10502 640
3731 455
9297 641
2225 641
4251 553
9509 162
1648 137
9235 162
8002 395
1989 315
2527 641
8818 33
6500 140
7769 162
3498 455
7447 232
6112 160
3978 641
5476 232
3277 232
169 162
9705 553
5990 553
10210 232
4409 255
8710 455
9328 154
1689 14
3884 255
3490 553
4134 232
5180 255
7322 641
10246 162
7526 162
7897 455
7376 151
5918 33
3346 255
6014 232
5945 33
8203 33
9018 455
8649 162
5649 154
3374 232
3920 312
9541 641
7129 160
2484 455
6205 414
6469 255
118 414
10213 291
2480 641
9914 162
6305 255
2074 107
7130 162
9205 160
4196 154
9819 641
2859 641
1323 641
10382 140
10425 232
10465 255
1387 107
1045 643
5652 33
1051 107
9301 255
9379 232
4156 641
6387 107
3159 33
2473 255
2760 107
5105 641
6749 255
11108 553
10208 455
1966 107
3783 239
10970 107
342 255
7046 641
10880 553
2001 33
915 33
654 232
190 154
785 33
10716 107
6600 255
1142 33
10487 255
10815 232
6347 107
6294 107
781 154
8037 154
6918 107
7438 255
3794 162
9310 107
2116 329
4235 154
6096 154
633 154
6022 255
6982 140
6727 641
601 553
4634 640
2063 455
6646 455
5337 162
365 232
4716 154
7710 107
4312 255
67 154
1296 641
3683 414
6279 33
6027 154
7556 553
1103 107
4748 255
1624 232
10691 107
1945 639
10640 162
5980 107
9240 162
1246 455
4049 414
10736 107
8936 414
3115 107
10667 107
8427 553
9493 107
220 107
9955 154
3873 33
4823 414
7261 154
3858 232
2702 162
3709 255
4759 455
10847 33
5653 33
10030 553
9473 107
632 283
1891 239
7616 255
1215 414
10689 414
7272 255
2085 255
2585 641
7703 414
389 255
9964 162
1000 33
5657 107
4545 154
10034 162
10028 643
2049 414
6924 107
7942 107
10300 154
9766 553
6467 154
6222 154
2084 154
4188 154
3926 639
2836 455
10949 553
6788 107
7378 232
7997 641
4371 641
8327 455
8661 33
6415 414
1238 33
10968 154
7812 232
4544 162
7495 255
6370 140
1570 232
756 107
10510 414
11070 154
6665 641
8410 255
4435 232
1099 154
270 232
9482 641
4321 107
9553 33
6384 285
4393 395
6517 455
3040 255
10914 107
7780 255
6150 255
2768 639
4946 255
2978 33
4315 283
4460 639
2685 255
10898 455
9911 107
4751 455
11006 553
4788 33
2577 107
9108 255
2177 162
7384 641
10496 154
5911 160
5273 162
173 162
2152 33
10026 553
8673 553
3263 140
753 255
10678 107
6396 154
7823 154
10428 414
1081 162
8378 641
3352 154
5316 255
10702 414
2073 255
6713 232
1659 33
114 154
7863 255
6426 232
679 255
7635 14
7684 154
8454 255
6012 162
2283 255
5963 255
6455 154
10406 553
5693 232
7740 255
276 162
9444 255
7166 232
7501 255
6605 154
5381 255
9956 232
4041 455
6237 162
7472 255
2407 455
6984 255
6524 239
5054 553
7282 232
4288 641
28 255
7927 33
1431 455
6028 255
4991 107
6290 162
10120 455
4122 162
8708 160
5006 255
7187 553
6008 255
10464 641
5525 552
5874 232
7231 162
8648 154
4354 33
3941 107
10109 255
1774 154
5554 107
1137 154
4324 232
4805 641
4623 162
3907 455
8375 162
10695 107
11008 553
2249 232
8354 641
2272 107
3059 154
7276 162
7031 107
2874 232
9339 255
3948 162
2857 232
234 162
2898 455
2808 455
8677 232
9460 255
246 232
4675 586
3891 414
7825 160
293 155
9164 414
10258 255
10413 255
2075 414
10603 641
5014 107
9318 641
3657 255
747 639
9686 255
9168 162
5800 232
5669 33
7596 107
2681 140
4101 154
2697 154
5355 639
6893 33
10165 154
6385 232
9556 154
9176 641
1798 455
1986 639
8471 255
3724 33
10281 33
7303 162
7880 107
1485 641
9020 255
2930 443
5749 162
6480 107
6533 154
8700 255
4850 498
7491 414
10620 107
9627 162
7409 255
1796 455
5867 641
1519 232
4003 255
8115 414
2643 255
461 232
1249 553
6061 154
5762 107
2108 162
3100 154
10769 553
6639 107
9888 255
4474 154
3597 255
10583 154
223 255
2794 154
10764 33
1191 414
9398 255
10056 255
4356 414
1071 641
7686 107
8377 414
8841 107
3630 162
8977 154
8290 1822
9694 107
3596 154
9896 553
9110 255
7306 107
2296 514
225 154
9050 232
6894 107
5083 641
9463 33
798 140
5851 255
4290 414
5957 414
4717 154
10937 232
1133 255
1885 641
436 107
10474 414
813 414
1618 154
9709 232
5849 107
7628 639
6236 162
4 553
7874 255
4883 162
2913 232
9366 162
10393 255
11095 7
2921 455
6949 514
3992 33
8577 641
9151 154
8452 553
1324 641
3288 255
4447 641
10525 641
1912 162
125 255
8757 414
2511 107
9901 149
3811 315
558 641
10841 162
7696 414
10236 495
8929 232
1582 310
521 154
7994 107
7474 154
3358 33
2593 255
5100 162
1207 154
979 329
7817 162
10370 107
645 414
1620 255
6992 154
4204 140
10330 255
3546 255
3576 641
9963 641
2340 255
8023 553
8717 162
10319 107
1047 553
9954 641
8386 162
6203 232
8172 455
9932 250
4689 107
6787 232
10229 232
9561 255
2984 232
391 639
4157 455
5177 33
1835 455
2094 160
680 414
6126 154
6991 339
655 255
7960 154
9938 232
3727 255
3817 33
8894 415
9807 232
672 255
9530 455
3580 255
735 255
6563 255
5820 255
10332 255
8558 162
466 255
3971 162
1498 107
9275 107
10427 255
10725 414
5114 162
5214 553
7443 107
2703 255
10570 553
4607 107
5772 160
3497 154
9675 230
3279 553
3068 455
9153 641
8474 255
1286 107
9118 162
6252 553
6148 455
10864 140
7579 154
6773 553
1257 162
3587 553
5149 107
4077 154
5738 140
3121 232
3078 107
8047 33
10754 232
6795 639
2899 162
3353 455
7664 33
2241 641
6922 641
9695 232
5377 255
8515 455
8210 255
3795 33
9445 414
4528 255
4810 162
2786 455
4059 107
3726 455
3089 455
9231 232
4864 255
5883 154
9605 255
3570 162
7640 643
3396 140
8619 255
4635 33
8643 232
6885 498
10713 250
5022 255
10381 553
9777 33
268 232
7104 255
8744 107
3673 255
5701 162
700 107
4011 33
2230 145
9592 255
3383 310
6136 232
10503 255
6389 107
10530 553
7304 639
7946 414
9074 255
10180 553
4557 162
9998 232
10511 455
