9485 884
9486 921
9487 1279
9488 921
9489 921
9490 70
9491 605
9492 605
9493 882
9494 882
9495 12
9496 886
9497 56
9498 182
9499 272
9500 605
9501 12
9502 241
9503 882
9504 155
9505 921
9506 14
9507 182
9508 882
9509 272
9510 10
9511 921
9512 0
9513 12
9514 882
9515 110
9516 31
9517 101
9518 886
9519 605
9520 1071
9521 884
9522 48
9523 921
9524 921
9525 41
9526 921
9527 1282
9528 921
9529 882
9530 172
9531 12
9532 889
9533 886
9534 886
9535 267
9536 267
9537 172
9538 1284
9539 12
9540 605
9541 882
9542 12
9543 605
9544 882
9545 101
9546 86
9547 12
9548 882
9549 922
9550 882
9551 886
9552 605
9553 12
9554 1075
9555 48
9556 172
9557 904
9558 267
9559 921
9560 886
9561 267
9562 882
9563 884
9564 272
9565 882
9566 89
9567 48
9568 89
9569 101
9570 3
9571 889
9572 48
9573 64
9574 921
9575 882
9576 64
9577 12
9578 146
9579 605
9580 884
9581 1287
9582 182
9583 182
9584 182
9585 30
9586 182
9587 5
9588 884
9589 182
9590 241
9591 605
9592 41
9593 41
9594 182
9595 921
9596 106
9597 182
9598 132
9599 605
9600 182
9601 182
9602 182
9603 889
9604 605
9605 1071
9606 605
9607 1075
9608 182
9609 1099
9610 39
9611 70
9612 12
9613 232
9614 605
9615 182
9616 182
9617 884
9618 921
9619 41
9620 921
9621 605
9622 605
9623 182
9624 182
9625 14
9626 182
9627 182
9628 884
9629 182
9630 182
9631 182
9632 142
9633 182
9634 142
9635 182
9636 142
9637 142
9638 142
9639 182
9640 886
9641 142
9642 142
9643 799
9644 142
9645 799
9646 799
9647 267
9648 799
9649 799
9650 142
9651 12
9652 882
9653 101
9654 142
9655 142
9656 799
9657 142
9658 142
9659 799
9660 12
9661 799
9662 3
9663 799
9664 799
9665 799
9666 799
9667 799
9668 799
9669 799
9670 182
9671 799
9672 799
9673 799
9674 799
9675 799
9676 3
9677 12
9678 799
9679 605
9680 799
9681 64
9682 1075
9683 64
9684 182
9685 799
9686 64
9687 267
9688 799
9689 799
9690 799
9691 64
9692 882
9693 786
9694 921
9695 139
9696 799
9697 882
9698 799
9699 1126
9700 799
9701 799
9702 799
9703 799
9704 110
9705 799
9706 882
9707 142
9708 139
9709 799
9710 799
9711 799
9712 799
9713 799
9714 41
9715 101
9716 89
9717 799
9718 14
9719 799
9720 921
9721 882
9722 127
9723 799
9724 799
9725 799
9726 799
9727 142
9728 799
9729 799
9730 799
9731 799
9732 799
9733 799
9734 799
9735 889
9736 882
9737 799
9738 799
9739 182
9740 142
9741 799
9742 799
9743 799
9744 33
9745 799
9746 64
9747 267
9748 799
9749 182
9750 799
9751 142
9752 799
9753 142
9754 182
9755 64
9756 886
9757 12
9758 64
9759 64
9760 799
9761 799
9762 799
9763 12
9764 799
9765 139
9766 799
9767 799
9768 139
9769 799
9770 605
9771 101
9772 605
9773 64
9774 182
9775 182
9776 799
9777 799
9778 799
9779 605
9780 1207
9781 891
9782 799
9783 799
9784 799
9785 14
9786 799
9787 110
9788 1180
9789 142
9790 110
9791 799
9792 64
9793 142
9794 1291
9795 882
9796 110
9797 799
9798 182
9799 56
9800 39
9801 12
9802 893
9803 605
9804 146
9805 1292
9806 182
9807 142
9808 799
9809 799
9810 799
9811 182
9812 182
9813 182
9814 182
9815 182
9816 182
9817 182
9818 139
9819 182
9820 182
9821 799
9822 182
9823 142
9824 182
9825 799
9826 182
9827 605
9828 882
9829 3
9830 142
9831 182
9832 182
9833 14
9834 182
9835 182
9836 799
9837 182
9838 605
9839 182
9840 884
9841 799
9842 142
9843 182
9844 182
9845 182
9846 182
9847 182
9848 3
9849 182
9850 182
9851 182
9852 889
9853 182
9854 182
9855 182
9856 799
9857 182
9858 799
9859 182
9860 182
9861 182
9862 182
9863 799
9864 182
9865 182
9866 182
9867 182
9868 142
9869 5
9870 182
9871 182
9872 182
9873 182
9874 182
9875 799
9876 182
9877 142
9878 182
9879 142
9880 882
9881 182
9882 182
9883 182
9884 1293
9885 182
9886 799
9887 182
9888 182
9889 182
9890 182
9891 799
9892 182
9893 799
9894 182
9895 182
9896 182
9897 182
9898 182
9899 182
9900 605
9901 182
9902 799
9903 182
9904 799
9905 182
9906 64
9907 182
9908 182
9909 182
9910 64
9911 799
9912 799
9913 182
9914 182
9915 139
9916 799
9917 182
9918 182
9919 139
9920 182
9921 1294
9922 182
9923 94
9924 182
9925 182
9926 799
9927 3
9928 891
9929 182
9930 182
9931 182
9932 182
9933 182
9934 64
9935 182
9936 142
9937 182
9938 182
9939 884
9940 64
9941 182
9942 182
9943 182
9944 12
9945 182
9946 182
9947 182
9948 182
9949 142
9950 182
9951 1084
9952 799
9953 182
9954 182
9955 799
9956 882
9957 799
9958 182
9959 799
9960 64
9961 182
9962 799
9963 182
9964 884
9965 182
9966 182
9967 1126
9968 886
9969 182
9970 889
9971 182
9972 64
9973 64
9974 110
9975 55
9976 886
9977 799
9978 182
9979 182
9980 182
9981 182
9982 799
9983 182
9984 182
9985 182
9986 12
9987 182
9988 139
9989 799
9990 886
9991 1297
9992 182
9993 182
9994 182
9995 155
9996 799
9997 64
9998 64
9999 142
10000 182
10001 31
10002 182
10003 799
10004 139
10005 182
10006 182
10007 1126
10008 799
10009 799
10010 182
10011 182
10012 182
10013 893
10014 94
10015 14
10016 182
10017 182
10018 64
10019 182
10020 55
10021 139
10022 884
10023 182
10024 799
10025 799
10026 142
10027 55
10028 182
10029 182
10030 182
10031 182
10032 605
10033 799
10034 77
10035 1086
10036 605
10037 799
10038 605
10039 799
10040 110
10041 886
10042 267
10043 1088
10044 799
10045 182
10046 799
10047 182
10048 1075
10049 182
10050 182
10051 1086
10052 889
10053 605
10054 799
10055 55
10056 884
10057 884
10058 884
10059 146
10060 146
10061 884
10062 182
10063 884
10064 146
10065 182
10066 139
10067 182
10068 799
10069 110
10070 86
10071 146
10072 884
10073 884
10074 267
10075 882
10076 799
10077 886
10078 182
10079 182
10080 1300
10081 142
10082 886
10083 799
10084 262
10085 182
10086 884
10087 142
10088 142
10089 142
10090 5
10091 110
10092 11
10093 182
10094 295
10095 12
10096 605
10097 889
10098 605
10099 142
10100 799
10101 86
10102 182
10103 886
10104 33
10105 182
10106 884
10107 182
10108 41
10109 884
10110 1301
10111 182
10112 182
10113 182
10114 86
10115 182
10116 146
10117 884
10118 182
10119 182
10120 182
10121 182
10122 295
10123 605
10124 69
10125 182
10126 41
10127 272
10128 41
10129 886
10130 884
10131 182
10132 182
10133 182
10134 1302
10135 146
10136 142
10137 1303
10138 3
10139 146
10140 605
10141 799
10142 64
10143 106
10144 182
10145 127
10146 173
10147 182
10148 182
10149 182
10150 182
10151 605
10152 64
10153 142
10154 64
10155 5
10156 182
10157 182
10158 886
10159 799
10160 182
10161 31
10162 182
10163 182
10164 182
10165 182
10166 182
10167 48
10168 94
10169 142
10170 882
10171 188
10172 267
10173 799
10174 886
10175 884
10176 605
10177 605
10178 907
10179 170
10180 267
10181 170
10182 605
10183 41
10184 799
10185 146
10186 142
10187 605
10188 142
10189 142
10190 142
10191 55
10192 182
10193 886
10194 884
10195 1304
10196 799
10197 142
10198 94
10199 605
10200 110
10201 86
10202 605
10203 532
10204 799
10205 605
10206 605
10207 1126
10208 884
10209 3
10210 889
10211 884
10212 605
10213 33
10214 262
10215 884
10216 893
10217 889
10218 104
10219 605
10220 916
10221 891
10222 889
10223 182
10224 142
10225 33
10226 605
10227 605
10228 605
10229 605
10230 605
10231 110
10232 64
10233 142
10234 31
10235 182
10236 182
10237 82
10238 532
10239 48
10240 889
10241 1306
10242 31
10243 882
10244 127
10245 182
10246 100
10247 33
10248 907
10249 5
10250 884
10251 799
10252 69
10253 884
10254 799
10255 605
10256 267
10257 799
10258 1079
10259 605
10260 884
10261 605
10262 1308
10263 94
10264 904
10265 82
10266 1281
10267 886
10268 82
10269 799
10270 182
10271 884
10272 532
10273 172
10274 889
10275 172
10276 267
10277 605
10278 882
10279 172
10280 882
10281 884
10282 56
10283 110
10284 172
10285 39
10286 172
10287 82
10288 172
10289 172
10290 55
10291 33
10292 70
10293 1084
10294 886
10295 142
10296 172
10297 532
10298 182
10299 799
10300 532
10301 532
10302 267
10303 65
10304 172
10305 204
10306 172
10307 172
10308 882
10309 886
10310 172
10311 3
10312 182
10313 142
10314 893
10315 172
10316 12
10317 12
10318 64
10319 64
10320 882
10321 3
10322 532
10323 799
10324 882
10325 172
10326 886
10327 1296
10328 172
10329 893
10330 532
10331 882
10332 182
10333 882
10334 605
10335 893
10336 94
10337 39
10338 893
10339 1075
10340 5
10341 65
10342 39
10343 893
10344 893
10345 82
10346 65
10347 65
10348 48
10349 882
10350 65
10351 12
10352 82
10353 82
10354 127
10355 893
10356 65
10357 104
10358 65
10359 12
10360 532
10361 82
10362 12
10363 886
10364 267
10365 39
10366 886
10367 532
10368 39
10369 1079
10370 65
10371 65
10372 884
10373 65
10374 31
10375 65
10376 65
10377 799
10378 65
10379 916
10380 65
10381 65
10382 65
10383 532
10384 532
10385 172
10386 65
10387 31
10388 104
10389 886
10390 65
10391 1309
10392 33
10393 891
10394 33
10395 77
10396 33
10397 884
10398 884
10399 65
10400 884
10401 882
10402 182
10403 882
10404 39
10405 65
10406 39
10407 893
10408 884
10409 799
10410 532
10411 882
10412 65
10413 65
10414 65
10415 65
10416 886
10417 882
10418 142
10419 39
10420 65
10421 884
10422 3
10423 886
10424 904
10425 889
10426 799
10427 65
10428 65
10429 65
10430 65
10431 886
10432 23
10433 65
10434 64
10435 86
10436 65
10437 110
10438 799
10439 65
10440 65
10441 65
10442 65
10443 65
10444 65
10445 65
10446 65
10447 65
10448 882
10449 65
10450 65
10451 65
10452 65
10453 799
10454 605
10455 799
10456 65
10457 65
10458 65
10459 65
10460 886
10461 799
10462 142
10463 65
10464 65
10465 65
10466 65
10467 65
10468 142
10469 65
10470 1224
10471 110
10472 65
10473 267
10474 1084
10475 65
10476 532
10477 172
10478 893
10479 39
10480 886
10481 172
10482 172
10483 182
10484 916
10485 891
10486 142
10487 101
10488 173
10489 142
10490 142
10491 104
10492 155
10493 182
10494 532
10495 39
10496 175
10497 922
10498 904
10499 94
10500 605
10501 110
10502 889
10503 39
10504 39
10505 605
10506 882
10507 882
10508 532
10509 532
10510 1312
10511 1126
10512 532
10513 39
10514 142
10515 891
10516 39
10517 532
10518 889
10519 241
10520 172
10521 532
10522 532
10523 893
10524 532
10525 241
10526 33
10527 39
10528 110
10529 532
10530 5
10531 532
10532 893
10533 110
10534 39
10535 532
10536 172
10537 39
10538 173
10539 172
10540 104
10541 5
10542 1224
10543 110
10544 886
10545 884
10546 786
10547 267
10548 39
10549 532
10550 1289
10551 532
10552 1075
10553 904
10554 532
10555 916
10556 110
10557 882
10558 889
10559 893
10560 532
10561 36
10562 36
10563 605
10564 889
10565 532
10566 39
10567 891
10568 39
10569 532
10570 182
10571 532
10572 110
10573 889
10574 532
10575 532
10576 532
10577 893
10578 182
10579 532
10580 532
10581 532
10582 532
10583 532
10584 532
10585 55
10586 891
10587 532
10588 886
10589 172
10590 532
10591 204
10592 267
10593 907
10594 532
10595 532
10596 532
10597 891
10598 532
10599 893
10600 12
10601 532
10602 893
10603 886
10604 532
10605 532
10606 64
10607 882
10608 1203
10609 904
10610 532
10611 904
10612 904
10613 127
10614 33
10615 55
10616 55
10617 55
10618 904
10619 904
10620 532
10621 1075
10622 532
10623 532
10624 532
10625 1126
10626 532
10627 172
10628 889
10629 532
10630 86
10631 893
10632 889
10633 532
10634 5
10635 532
10636 532
10637 532
10638 532
10639 886
10640 33
10641 907
10642 55
10643 532
10644 532
10645 532
10646 532
10647 532
10648 532
10649 532
10650 532
10651 532
10652 39
10653 532
10654 532
10655 532
10656 532
10657 532
10658 1224
10659 532
10660 532
10661 904
10662 77
10663 532
10664 891
10665 532
10666 532
10667 110
10668 916
10669 886
10670 532
10671 532
10672 532
10673 532
10674 904
10675 39
10676 532
10677 532
10678 532
10679 1313
10680 241
10681 31
10682 89
10683 904
10684 1126
10685 532
10686 889
10687 532
10688 532
10689 532
10690 532
10691 267
10692 886
10693 532
10694 70
10695 532
10696 142
10697 1314
10698 267
10699 182
10700 48
10701 922
10702 86
10703 21
10704 65
10705 1099
10706 605
10707 142
10708 891
10709 36
10710 142
10711 1099
10712 1099
10713 886
10714 904
10715 605
10716 1298
10717 1075
10718 94
10719 39
10720 1099
10721 1099
10722 532
10723 893
10724 532
10725 532
10726 893
10727 532
10728 532
10729 532
10730 1299
10731 532
10732 39
10733 904
10734 532
10735 182
10736 886
10737 893
10738 110
10739 532
10740 1075
10741 532
10742 267
10743 889
10744 532
10745 532
10746 532
10747 904
10748 532
10749 532
10750 532
10751 532
10752 23
10753 1310
10754 532
10755 532
10756 532
10757 532
10758 904
10759 532
10760 886
10761 267
10762 916
10763 532
10764 64
10765 89
10766 55
10767 532
10768 532
10769 532
10770 64
10771 904
10772 904
10773 605
10774 532
10775 904
10776 532
10777 904
10778 532
10779 532
10780 904
10781 904
10782 532
10783 36
10784 904
10785 3
10786 916
10787 36
10788 904
10789 101
10790 1099
10791 532
10792 1266
10793 904
10794 532
10795 904
10796 155
10797 904
10798 532
10799 904
10800 904
10801 904
10802 532
10803 904
10804 532
10805 532
10806 893
10807 904
10808 532
10809 56
10810 532
10811 1075
10812 532
10813 532
10814 31
10815 12
10816 532
10817 904
10818 1099
10819 904
10820 904
10821 532
10822 922
10823 532
10824 904
10825 891
10826 1224
10827 532
10828 532
10829 532
10830 532
10831 786
10832 886
10833 132
10834 532
10835 893
10836 532
10837 532
10838 132
10839 904
10840 891
10841 532
10842 889
10843 532
10844 891
10845 904
10846 532
10847 39
10848 904
10849 884
10850 33
10851 110
10852 703
10853 532
10854 532
10855 532
10856 799
10857 532
10858 532
10859 76
10860 532
10861 904
10862 532
10863 904
10864 904
10865 1290
10866 904
10867 1275
10868 532
10869 532
10870 532
10871 532
10872 532
10873 605
10874 904
10875 904
10876 532
10877 89
10878 904
10879 532
10880 891
10881 1315
10882 1203
10883 23
10884 904
10885 532
10886 532
10887 532
10888 904
10889 532
10890 532
10891 882
10892 532
10893 39
10894 532
10895 532
10896 3
10897 532
10898 532
10899 893
10900 532
10901 532
10902 532
10903 904
10904 532
10905 39
10906 904
10907 532
10908 904
10909 532
10910 532
10911 1286
10912 532
10913 893
10914 605
10915 77
10916 532
10917 904
10918 532
10919 904
10920 904
10921 799
10922 31
10923 532
10924 110
10925 532
10926 893
10927 532
10928 532
10929 889
10930 532
10931 532
10932 893
10933 62
10934 532
10935 916
10936 89
10937 904
10938 77
10939 532
10940 3
10941 904
10942 31
10943 532
10944 904
10945 605
10946 904
10947 532
10948 904
10949 904
10950 904
10951 532
10952 904
10953 532
10954 799
10955 904
10956 904
10957 532
10958 532
10959 904
10960 532
10961 532
10962 922
10963 532
10964 532
10965 532
10966 904
10967 532
10968 12
10969 89
10970 532
10971 5
10972 904
10973 64
10974 1205
10975 532
10976 532
10977 532
10978 904
10979 904
10980 532
10981 55
10982 886
10983 532
10984 532
10985 532
10986 31
10987 1311
10988 1086
10989 532
10990 904
10991 532
10992 893
10993 904
10994 904
10995 886
10996 904
10997 31
10998 907
10999 889
11000 532
11001 799
11002 884
11003 146
11004 1205
11005 904
11006 241
11007 605
11008 605
11009 904
11010 55
11011 1075
11012 182
11013 1079
11014 175
11015 1316
11016 904
11017 893
11018 605
11019 1075
11020 904
11021 904
11022 904
11023 904
11024 241
11025 904
11026 904
11027 532
11028 904
11029 532
11030 904
11031 904
11032 532
11033 532
11034 904
11035 904
11036 904
11037 904
11038 904
11039 904
11040 605
11041 904
11042 904
11043 904
11044 31
11045 532
11046 904
11047 904
11048 893
11049 64
11050 904
11051 904
11052 904
11053 904
11054 904
11055 532
11056 532
11057 904
11058 904
11059 891
11060 532
11061 5
11062 904
11063 904
11064 904
11065 904
11066 904
11067 904
11068 532
11069 904
11070 904
11071 904
11072 532
11073 532
11074 904
11075 904
11076 904
11077 101
11078 904
11079 904
11080 904
11081 532
11082 904
11083 532
11084 532
11085 889
11086 904
11087 142
11088 884
11089 904
11090 904
11091 904
11092 31
11093 907
11094 904
11095 31
11096 904
11097 904
11098 893
11099 904
11100 3
11101 1266
11102 904
11103 893
11104 904
11105 532
11106 891
11107 1305
11108 889
11109 904
11110 532
11111 605
11112 904
11113 886
11114 904
11115 904
11116 889
11117 904
11118 904
11119 1283
11120 77
11121 886
11122 182
11123 241
11124 904
11125 904
11126 532
11127 532
11128 89
11129 64
11130 1126
11131 532
11132 3
11133 532
11134 532
11135 886
11136 904
11137 891
11138 1317
11139 904
11140 889
11141 532
11142 241
11143 3
11144 110
11145 904
11146 39
11147 39
11148 904
11149 1075
11150 916
11151 1088
11152 1295
11153 532
11154 680
11155 886
11156 532
11157 267
11158 1224
11159 1099
11160 1075
11161 36
11162 33
11163 889
11164 33
11165 89
11166 33
11167 77
11168 3
11169 886
11170 267
11171 886
11172 33
11173 532
11174 882
11175 1280
11176 101
11177 799
11178 886
11179 110
11180 889
11181 76
11182 1318
11183 89
11184 31
11185 3
11186 1104
11187 1104
11188 904
11189 1104
11190 1104
11191 1104
11192 1104
11193 1104
11194 1104
11195 889
11196 39
11197 39
11198 267
11199 1104
11200 904
11201 1104
11202 39
11203 31
11204 1104
11205 33
11206 882
11207 1104
11208 884
11209 1104
11210 1104
11211 1104
11212 1104
11213 1104
11214 1104
11215 39
11216 1104
11217 1104
11218 1104
11219 904
11220 904
11221 1104
11222 1104
11223 1086
11224 1104
11225 1104
11226 1285
11227 1104
11228 904
11229 1104
11230 882
11231 893
11232 33
11233 1104
11234 1203
11235 1104
11236 10
11237 680
11238 5
11239 882
11240 1104
11241 1307
11242 884
11243 31
11244 882
11245 1104
11246 1104
11247 1104
11248 605
11249 1104
11250 1319
11251 110
11252 1104
11253 1104
11254 1104
11255 1104
11256 1104
11257 1104
11258 1104
11259 1104
11260 1104
11261 1104
11262 1104
11263 1104
11264 1104
11265 1104
11266 1104
11267 882
11268 39
11269 904
11270 882
11271 882
11272 39
11273 1104
11274 1104
11275 799
11276 1104
11277 1104
11278 39
11279 39
11280 1104
11281 48
11282 86
11283 39
11284 882
11285 907
11286 1104
11287 48
11288 1104
11289 882
11290 891
11291 1288
11292 1104
11293 884
11294 1104
11295 33
11296 889
11297 904
11298 889
11299 1104
11300 886
11301 241
11302 1251
11303 891
11304 891
11305 1207
11306 891
11307 891
11308 891
11309 891
11310 1251
11311 891
11312 1275
11313 532
11314 1086
11315 139
11316 799
11317 882
11318 904
11319 605
11320 1104
11321 1126
11322 36
11323 104
11324 104
11325 904
11326 77
11327 799
11328 799
11329 799
11330 799
11331 70
11332 1320
11333 12
11334 1104
11335 5
11336 1104
11337 886
11338 77
11339 48
11340 904
11341 891
11342 1104
11343 39
11344 1126
11345 70
11346 1104
11347 893
11348 1104
11349 5
11350 886
11351 1104
11352 904
11353 893
11354 882
11355 891
11356 882
11357 886
11358 904
11359 1104
11360 1075
11361 142
11362 39
11363 1104
11364 891
11365 893
11366 1104
11367 267
11368 39
11369 886
11370 48
11371 1107
11372 1107
11373 884
11374 272
11375 1104
11376 21
11377 1107
11378 1107
11379 1107
11380 1107
11381 904
