28455 589
28456 1779
28457 589
28458 603
28459 589
28460 837
28461 603
28462 603
28463 897
28464 1779
28465 1297
28466 897
28467 897
28468 1779
28469 589
28470 589
28471 603
28472 589
28473 897
28474 1779
28475 1779
28476 603
28477 589
28478 1297
28479 897
28480 1779
28481 1779
28482 1297
28483 897
28484 589
28485 1779
28486 603
28487 1297
28488 18
28489 1779
28490 1297
28491 589
28492 589
28493 837
28494 1779
28495 603
28496 1060
28497 837
28498 1779
28499 897
28500 1297
28501 1779
28502 603
28503 589
28504 589
28505 1779
28506 603
28507 1974
28508 1779
28509 22
28510 603
28511 2084
28512 1779
28513 897
28514 897
28515 897
28516 897
28517 897
28518 1779
28519 897
28520 1297
28521 1297
28522 603
28523 897
28524 897
28525 603
28526 1779
28527 589
28528 1779
28529 1297
28530 589
28531 897
28532 897
28533 1779
28534 589
28535 1779
28536 589
28537 1297
28538 589
28539 1420
28540 837
28541 1297
28542 1297
28543 897
28544 837
28545 603
28546 1779
28547 1779
28548 589
28549 1297
28550 603
28551 837
28552 837
28553 589
28554 603
28555 589
28556 603
28557 154
28558 1779
28559 1297
28560 1779
28561 1779
28562 90
28563 603
28564 1297
28565 1779
28566 837
28567 1297
28568 812
28569 1297
28570 1779
28571 1779
28572 603
28573 1297
28574 1297
28575 1754
28576 589
28577 23
28578 1297
28579 589
28580 1754
28581 1779
28582 1779
28583 603
28584 42
28585 1297
28586 603
28587 589
28588 1779
28589 1297
28590 837
28591 1779
28592 603
28593 1779
28594 1779
28595 1297
28596 1779
28597 603
28598 73
28599 603
28600 897
28601 1779
28602 603
28603 1280
28604 603
28605 1297
28606 1779
28607 1779
28608 603
28609 1779
28610 1779
28611 1779
28612 1297
28613 897
28614 603
28615 1297
28616 897
28617 603
28618 1297
28619 589
28620 1297
28621 1779
28622 603
28623 1779
28624 1297
28625 154
28626 1994
28627 1297
28628 1297
28629 603
28630 1779
28631 589
28632 603
28633 837
28634 1297
28635 603
28636 1297
28637 897
28638 897
28639 589
28640 1779
28641 583
28642 589
28643 1779
28644 897
28645 603
28646 1297
28647 1297
28648 589
28649 897
28650 1297
28651 589
28652 1994
28653 1297
28654 589
28655 1297
28656 589
28657 603
28658 897
28659 589
28660 1297
28661 1297
28662 897
28663 896
28664 1297
28665 1779
28666 1280
28667 1779
28668 897
28669 1297
28670 1779
28671 23
28672 1297
28673 897
28674 1280
28675 897
28676 1779
28677 603
28678 589
28679 897
28680 1297
28681 1297
28682 1779
28683 603
28684 1994
28685 603
28686 1297
28687 897
28688 23
28689 1297
28690 837
28691 1779
28692 897
28693 1779
28694 1297
28695 77
28696 603
28697 589
28698 1779
28699 603
28700 1060
28701 589
28702 1297
28703 589
28704 1297
28705 2062
28706 603
28707 1779
28708 1297
28709 1297
28710 897
28711 897
28712 1779
28713 897
28714 589
28715 1297
28716 1779
28717 1779
28718 1779
28719 1297
28720 897
28721 1779
28722 1297
28723 1297
28724 1779
28725 1297
28726 1779
28727 589
28728 589
28729 897
28730 1297
28731 897
28732 1297
28733 589
28734 603
28735 1297
28736 603
28737 1297
28738 589
28739 1779
28740 897
28741 603
28742 1779
28743 589
28744 897
28745 1779
28746 589
28747 897
28748 818
28749 1297
28750 603
28751 897
28752 603
28753 1297
28754 897
28755 897
28756 1779
28757 1779
28758 603
28759 603
28760 1779
28761 1982
28762 1779
28763 1779
28764 589
28765 1297
28766 897
28767 1779
28768 1297
28769 603
28770 1779
28771 897
28772 1297
28773 2063
28774 1779
28775 603
28776 1297
28777 589
28778 1779
28779 589
28780 897
28781 1779
28782 1779
28783 1779
28784 837
28785 897
28786 1779
28787 1779
28788 1779
28789 897
28790 603
28791 589
28792 1297
28793 589
28794 603
28795 897
28796 897
28797 818
28798 603
28799 1297
28800 603
28801 1779
28802 1779
28803 1984
28804 589
28805 603
28806 1994
28807 589
28808 603
28809 897
28810 589
28811 603
28812 1297
28813 1779
28814 603
28815 603
28816 603
28817 897
28818 2064
28819 897
28820 1297
28821 1779
28822 1779
28823 1779
28824 1297
28825 1297
28826 77
28827 897
28828 589
28829 897
28830 1779
28831 603
28832 589
28833 1779
28834 896
28835 897
28836 1779
28837 1280
28838 1297
28839 603
28840 589
28841 580
28842 603
28843 1779
28844 1297
28845 603
28846 1297
28847 589
28848 815
28849 897
28850 23
28851 589
28852 1779
28853 1779
28854 589
28855 589
28856 589
28857 1987
28858 603
28859 1297
28860 1297
28861 589
28862 603
28863 603
28864 1988
28865 589
28866 154
28867 589
28868 1297
28869 897
28870 1280
28871 589
28872 1779
28873 1779
28874 1297
28875 1987
28876 1779
28877 1297
28878 897
28879 589
28880 1297
28881 1497
28882 603
28883 756
28884 603
28885 1779
28886 1280
28887 1779
28888 1779
28889 897
28890 589
28891 1779
28892 1297
28893 1297
28894 1987
28895 1779
28896 1297
28897 837
28898 837
28899 897
28900 1779
28901 1297
28902 1779
28903 1779
28904 603
28905 589
28906 897
28907 1779
28908 589
28909 897
28910 589
28911 589
28912 897
28913 897
28914 603
28915 1297
28916 1297
28917 1297
28918 1987
28919 897
28920 1779
28921 897
28922 1297
28923 1779
28924 589
28925 1779
28926 1982
28927 1280
28928 1297
28929 897
28930 603
28931 589
28932 589
28933 154
28934 23
28935 897
28936 603
28937 1297
28938 22
28939 897
28940 589
28941 837
28942 1779
28943 603
28944 897
28945 1297
28946 1779
28947 1779
28948 603
28949 1779
28950 1779
28951 837
28952 1779
28953 837
28954 1297
28955 1297
28956 1779
28957 795
28958 589
28959 1779
28960 1994
28961 1297
28962 897
28963 154
28964 1779
28965 603
28966 897
28967 1989
28968 589
28969 603
28970 837
28971 1297
28972 1297
28973 603
28974 897
28975 1297
28976 1297
28977 1779
28978 603
28979 1779
28980 2065
28981 603
28982 603
28983 1297
28984 1297
28985 1779
28986 603
28987 897
28988 154
28989 1297
28990 589
28991 897
28992 1297
28993 1297
28994 1779
28995 897
28996 603
28997 1779
28998 589
28999 603
29000 897
29001 897
29002 1779
29003 603
29004 589
29005 897
29006 603
29007 897
29008 589
29009 1779
29010 2066
29011 1297
29012 1779
29013 897
29014 1779
29015 897
29016 1994
29017 837
29018 603
29019 1779
29020 1297
29021 603
29022 818
29023 1779
29024 897
29025 1297
29026 603
29027 589
29028 1297
29029 1297
29030 23
29031 589
29032 1779
29033 1779
29034 589
29035 914
29036 589
29037 1297
29038 603
29039 1779
29040 1297
29041 600
29042 837
29043 1779
29044 1779
29045 603
29046 897
29047 42
29048 1280
29049 1779
29050 1987
29051 1297
29052 837
29053 92
29054 1297
29055 1779
29056 1297
29057 1297
29058 1297
29059 603
29060 897
29061 603
29062 1779
29063 1297
29064 1297
29065 1297
29066 1297
29067 1297
29068 1779
29069 50
29070 1779
29071 1297
29072 837
29073 1994
29074 1994
29075 31
29076 897
29077 1754
29078 603
29079 1779
29080 931
29081 1779
29082 603
29083 603
29084 603
29085 837
29086 1779
29087 1297
29088 897
29089 837
29090 897
29091 1297
29092 897
29093 1779
29094 897
29095 603
29096 1297
29097 897
29098 1297
29099 897
29100 603
29101 1779
29102 589
29103 897
29104 1779
29105 603
29106 1779
29107 1779
29108 1779
29109 603
29110 603
29111 603
29112 1779
29113 1779
29114 1297
29115 897
29116 1779
29117 1297
29118 589
29119 589
29120 837
29121 837
29122 1280
29123 603
29124 897
29125 897
29126 603
29127 1280
29128 897
29129 1297
29130 603
29131 589
29132 1297
29133 897
29134 1779
29135 589
29136 1297
29137 603
29138 897
29139 94
29140 1779
29141 1297
29142 603
29143 837
29144 589
29145 603
29146 68
29147 1779
29148 1779
29149 1297
29150 1297
29151 1297
29152 1779
29153 603
29154 92
29155 1779
29156 897
29157 603
29158 1297
29159 1297
29160 603
29161 837
29162 1779
29163 589
29164 897
29165 897
29166 589
29167 603
29168 1297
29169 897
29170 1779
29171 897
29172 1297
29173 589
29174 837
29175 897
29176 897
29177 603
29178 837
29179 1779
29180 1779
29181 1297
29182 603
29183 1297
29184 1988
29185 897
29186 1297
29187 897
29188 603
29189 583
29190 603
29191 897
29192 589
29193 589
29194 1982
29195 1297
29196 603
29197 603
29198 897
29199 603
29200 589
29201 1297
29202 1297
29203 73
29204 897
29205 1779
29206 1779
29207 1779
29208 1779
29209 1779
29210 603
29211 1987
29212 897
29213 897
29214 897
29215 1297
29216 897
29217 1982
29218 63
29219 603
29220 1297
29221 1297
29222 603
29223 1779
29224 1297
29225 1779
29226 1779
29227 603
29228 1974
29229 1297
29230 589
29231 603
29232 837
29233 589
29234 589
29235 589
29236 603
29237 589
29238 897
29239 897
29240 1779
29241 1779
29242 1779
29243 603
29244 897
29245 1779
29246 1297
29247 92
29248 603
29249 1297
29250 897
29251 1779
29252 589
29253 603
29254 589
29255 1779
29256 1779
29257 1297
29258 603
29259 897
29260 589
29261 1779
29262 603
29263 603
29264 897
29265 1779
29266 1779
29267 897
29268 603
29269 603
29270 1297
29271 837
29272 1779
29273 589
29274 1297
29275 1994
29276 2067
29277 583
29278 1297
29279 1297
29280 603
29281 1297
29282 603
29283 603
29284 1297
29285 1297
29286 585
29287 1779
29288 1779
29289 1779
29290 603
29291 589
29292 589
29293 1779
29294 1779
29295 1779
29296 1779
29297 1297
29298 1297
29299 23
29300 1297
29301 1779
29302 86
29303 589
29304 603
29305 603
29306 1779
29307 603
29308 1297
29309 897
29310 1297
29311 1989
29312 603
29313 1297
29314 589
29315 603
29316 589
29317 1779
29318 603
29319 1297
29320 1297
29321 603
29322 897
29323 897
29324 1779
29325 897
29326 897
29327 603
29328 1297
29329 1297
29330 1297
29331 897
29332 1779
29333 1779
29334 1779
29335 23
29336 1297
29337 603
29338 1779
29339 589
29340 603
29341 589
29342 1297
29343 1779
29344 1987
29345 1779
29346 837
29347 897
29348 589
29349 931
29350 23
29351 589
29352 589
29353 1779
29354 589
29355 2069
29356 154
29357 1779
29358 1297
29359 1779
29360 1297
29361 1297
29362 603
29363 589
29364 589
29365 603
29366 897
29367 1779
29368 837
29369 603
29370 603
29371 897
29372 897
29373 589
29374 603
29375 603
29376 603
29377 897
29378 603
29379 897
29380 589
29381 837
29382 1779
29383 897
29384 1779
29385 154
29386 897
29387 1297
29388 1297
29389 154
29390 603
29391 1297
29392 1779
29393 603
29394 1987
29395 837
29396 897
29397 1297
29398 1779
29399 818
29400 1779
29401 1297
29402 1297
29403 1297
29404 1297
29405 154
29406 1297
29407 1297
29408 1779
29409 589
29410 1779
29411 1297
29412 1779
29413 1779
29414 1297
29415 589
29416 1297
29417 1779
29418 1779
29419 1297
29420 1779
29421 1779
29422 603
29423 897
29424 603
29425 68
29426 837
29427 603
29428 1779
29429 589
29430 1779
29431 589
29432 897
29433 897
29434 603
29435 603
29436 603
29437 1779
29438 23
29439 1425
29440 1297
29441 589
29442 589
29443 603
29444 603
29445 603
29446 589
29447 603
29448 1297
29449 86
29450 589
29451 897
29452 897
29453 589
29454 1779
29455 1779
29456 61
29457 603
29458 573
29459 1779
29460 1779
29461 1297
29462 589
29463 603
29464 897
29465 897
29466 837
29467 603
29468 897
29469 1779
29470 1779
29471 603
29472 1297
29473 1297
29474 1779
29475 2084
29476 1297
29477 1297
29478 1994
29479 603
29480 603
29481 897
29482 2070
29483 897
29484 897
29485 897
29486 603
29487 1779
29488 589
29489 897
29490 897
29491 1297
29492 1297
29493 23
29494 589
29495 1297
29496 1297
29497 1297
29498 603
29499 897
29500 1779
29501 1297
29502 1779
29503 1297
29504 1297
29505 897
29506 897
29507 589
29508 897
29509 603
29510 1994
29511 603
29512 603
29513 2084
29514 589
29515 1297
29516 589
29517 1297
29518 1297
29519 897
29520 589
29521 1297
29522 603
29523 589
29524 1297
29525 897
29526 589
29527 1297
29528 1987
29529 603
29530 1994
29531 1297
29532 589
29533 123
29534 837
29535 897
29536 1779
29537 897
29538 603
29539 837
29540 603
29541 1779
29542 897
29543 897
29544 603
29545 1779
29546 589
29547 1779
29548 897
29549 589
29550 837
29551 92
29552 897
29553 603
29554 897
29555 1779
29556 1297
29557 589
29558 1297
29559 603
29560 837
29561 589
29562 603
29563 603
29564 897
29565 1280
29566 1297
29567 1779
29568 1779
29569 589
29570 1779
29571 1297
29572 1779
29573 1779
29574 897
29575 897
29576 897
29577 914
29578 1297
29579 589
29580 1297
29581 897
29582 1779
29583 756
29584 2071
29585 589
29586 589
29587 837
29588 154
29589 1779
29590 1779
29591 1779
29592 603
29593 1779
29594 603
29595 727
29596 603
29597 603
29598 603
29599 603
29600 1779
29601 603
29602 589
29603 603
29604 603
29605 897
29606 589
29607 1297
29608 603
29609 589
29610 1779
29611 1297
29612 603
29613 583
29614 1779
29615 603
29616 1779
29617 1779
29618 1297
29619 897
29620 897
29621 897
29622 589
29623 897
29624 1779
29625 1297
29626 837
29627 897
29628 589
29629 1297
29630 1779
29631 1779
29632 1297
29633 897
29634 1297
29635 589
29636 1779
29637 1779
29638 603
29639 1779
29640 1779
29641 897
29642 583
29643 897
29644 897
29645 1779
29646 897
29647 1988
29648 589
29649 1779
29650 1280
29651 154
29652 1779
29653 897
29654 603
29655 1280
29656 603
29657 589
29658 1994
29659 897
29660 589
29661 1297
29662 837
29663 603
29664 1994
29665 1779
29666 1297
29667 589
29668 1779
29669 1420
29670 1297
29671 897
29672 603
29673 1297
29674 603
29675 897
29676 603
29677 589
29678 589
29679 897
29680 603
29681 589
29682 603
29683 1779
29684 837
29685 897
29686 1297
29687 897
29688 1297
29689 1779
29690 1988
29691 1297
29692 897
29693 603
29694 603
29695 154
29696 1779
29697 1779
29698 589
29699 589
29700 1297
29701 1297
29702 1779
29703 1779
29704 603
29705 589
29706 103
29707 1297
29708 1297
29709 1297
29710 589
29711 589
29712 1779
29713 1779
29714 1779
29715 1779
29716 1297
29717 589
29718 837
29719 837
29720 756
29721 1779
29722 1297
29723 1779
29724 603
29725 1420
29726 23
29727 897
29728 1297
29729 897
29730 897
29731 897
29732 1779
29733 1779
29734 589
29735 897
29736 603
29737 589
29738 897
29739 589
29740 1779
29741 1297
29742 1297
29743 1297
29744 1779
29745 1297
29746 897
29747 897
29748 603
29749 1297
29750 1297
29751 897
29752 1779
29753 603
29754 589
29755 603
29756 1779
29757 1779
29758 1297
29759 589
29760 589
29761 897
29762 1587
29763 1297
29764 589
29765 1779
29766 589
29767 1297
29768 603
29769 897
29770 1297
29771 1779
29772 23
29773 589
29774 1779
29775 589
29776 837
29777 1297
29778 1779
29779 1297
29780 1994
29781 897
29782 1779
29783 603
29784 1779
29785 603
29786 589
29787 1297
29788 589
29789 603
29790 1779
29791 837
29792 1779
29793 837
29794 789
29795 603
29796 1779
29797 589
29798 603
29799 1297
29800 603
29801 1297
29802 1297
29803 1779
29804 1994
29805 1779
29806 1779
29807 1297
29808 897
29809 589
29810 1779
29811 897
29812 603
29813 603
29814 897
29815 897
29816 897
29817 1297
29818 1779
29819 589
29820 1297
29821 1779
29822 589
29823 1297
29824 1779
29825 897
29826 1297
29827 589
29828 1779
29829 603
29830 1297
29831 897
29832 1779
29833 603
29834 603
29835 603
29836 603
29837 1297
29838 1297
29839 1297
29840 837
29841 1779
29842 897
29843 897
29844 589
29845 1297
29846 897
29847 1779
29848 603
29849 1297
29850 589
29851 897
29852 1779
29853 897
29854 1297
29855 1297
29856 1779
29857 589
29858 837
29859 1779
29860 1297
29861 914
29862 603
29863 1779
29864 603
29865 603
29866 1297
29867 68
29868 1779
29869 897
29870 603
29871 589
29872 1297
29873 589
29874 837
29875 1297
29876 897
29877 1297
29878 92
29879 897
29880 589
29881 589
29882 897
29883 603
29884 897
29885 603
29886 1297
29887 589
29888 603
29889 1297
29890 1280
29891 589
29892 603
29893 897
29894 603
29895 1779
29896 897
29897 603
29898 837
29899 1779
29900 1779
29901 1779
29902 603
29903 1779
29904 2
29905 897
29906 589
29907 589
29908 589
29909 1297
29910 818
29911 1297
29912 589
29913 1779
29914 1779
29915 1779
29916 589
29917 1779
29918 1297
29919 1779
29920 1779
29921 589
29922 603
29923 1779
29924 837
29925 1297
29926 1779
29927 1297
29928 589
29929 897
29930 603
29931 1779
29932 1779
29933 837
29934 603
29935 1779
29936 897
29937 589
29938 1297
29939 589
29940 897
29941 1297
29942 1779
29943 1779
29944 1297
29945 1987
29946 1497
29947 837
29948 837
29949 603
29950 837
29951 154
29952 589
29953 1297
29954 1297
29955 1779
29956 897
29957 603
29958 1779
29959 897
29960 589
29961 1297
29962 22
29963 603
29964 1420
29965 1297
29966 603
29967 1297
29968 603
29969 1297
29970 589
29971 1297
29972 589
29973 897
29974 897
29975 1297
29976 1779
29977 1779
29978 1779
29979 897
29980 1779
29981 1779
29982 589
29983 897
29984 589
29985 894
29986 897
29987 1779
29988 897
29989 837
29990 1297
29991 897
29992 897
29993 1779
29994 897
29995 154
29996 897
29997 818
29998 897
29999 603
30000 589
30001 1297
30002 897
30003 1297
30004 897
30005 897
30006 589
30007 1297
30008 1297
30009 1280
30010 1297
30011 1297
30012 589
30013 603
30014 1779
30015 1988
30016 897
30017 603
30018 603
30019 1779
30020 589
30021 1297
30022 897
30023 1779
30024 837
30025 603
30026 1297
30027 603
30028 1779
30029 1779
30030 589
30031 589
30032 897
30033 1779
30034 589
30035 1297
30036 897
30037 897
30038 1994
30039 589
30040 589
30041 897
30042 1779
30043 1297
30044 1779
30045 1297
30046 1297
30047 603
30048 1297
30049 1779
30050 589
30051 589
30052 589
30053 897
30054 589
30055 897
30056 897
30057 1297
30058 1297
30059 603
30060 1297
30061 1779
30062 1779
30063 603
30064 1297
30065 897
30066 1297
30067 897
30068 589
30069 603
30070 897
30071 1779
30072 1779
30073 1297
30074 589
30075 931
30076 1779
30077 897
30078 1297
30079 23
30080 603
30081 1779
30082 1779
30083 589
30084 589
30085 897
30086 837
30087 897
30088 1779
30089 1779
30090 1779
30091 589
30092 589
30093 897
30094 897
30095 603
30096 837
30097 589
30098 603
30099 897
30100 1297
30101 1779
30102 897
30103 897
30104 589
30105 1779
30106 1297
30107 1779
30108 589
30109 589
30110 589
30111 603
30112 897
30113 92
30114 1779
30115 837
30116 897
30117 837
30118 897
30119 1280
30120 589
30121 897
30122 837
30123 1297
30124 1297
30125 589
30126 1779
30127 583
30128 68
30129 603
30130 1779
30131 589
30132 1779
30133 1779
30134 1779
30135 589
30136 589
30137 1779
30138 1297
30139 897
30140 603
30141 837
30142 1297
30143 897
30144 1297
30145 897
30146 1297
30147 603
30148 603
30149 897
30150 1779
30151 589
30152 1779
30153 837
30154 897
30155 603
30156 603
30157 1987
30158 154
30159 1297
30160 1779
30161 589
30162 1779
30163 896
30164 897
30165 589
30166 1779
30167 897
30168 837
30169 1297
30170 1779
30171 1297
30172 1779
30173 1297
30174 1779
30175 897
30176 603
30177 1779
30178 1779
30179 1297
30180 603
30181 1779
30182 1297
30183 1297
30184 1297
30185 1280
30186 897
30187 589
30188 589
30189 603
30190 897
30191 1779
30192 603
30193 589
30194 1297
30195 1779
30196 897
30197 837
30198 1779
30199 589
30200 1779
30201 1779
30202 1779
30203 1297
30204 603
30205 1297
30206 1987
30207 589
30208 1779
30209 603
30210 603
30211 1779
30212 1297
30213 897
30214 603
30215 897
30216 29
30217 1779
30218 1297
30219 603
30220 1297
30221 1779
30222 1779
30223 1297
30224 1779
30225 603
30226 603
30227 897
30228 589
30229 1297
30230 837
30231 897
30232 1297
30233 1779
30234 1779
30235 589
30236 897
30237 603
30238 589
30239 897
30240 589
30241 1297
30242 1994
30243 1297
30244 1779
30245 1779
30246 603
30247 1297
30248 603
30249 589
30250 1297
30251 603
30252 1779
30253 1060
30254 1779
30255 589
30256 2073
30257 897
30258 1297
30259 1984
30260 1779
30261 589
30262 1779
30263 589
30264 1779
30265 1779
30266 1297
30267 603
30268 897
30269 1297
30270 589
30271 1779
30272 1297
30273 1779
30274 1779
30275 589
30276 1779
30277 589
30278 1779
30279 1779
30280 1297
30281 837
30282 1297
30283 897
30284 589
30285 603
30286 1779
30287 1779
30288 603
30289 1779
30290 1779
30291 897
30292 1779
30293 837
30294 1297
30295 1297
30296 1779
30297 589
30298 897
30299 589
30300 1779
30301 1297
30302 589
30303 897
30304 589
30305 1779
30306 1297
30307 603
30308 897
30309 1297
30310 897
30311 2074
30312 1779
30313 1994
30314 837
30315 589
30316 603
30317 897
30318 897
30319 1297
30320 589
30321 897
30322 896
