7530 837
9505 837
5692 949
3695 1066
2015 949
1361 818
4985 837
9658 952
8473 837
9799 522
7427 948
7291 949
4804 991
5947 837
7718 952
8639 1000
851 837
938 949
1438 998
9847 1001
7365 522
2344 949
6976 1002
6099 837
3172 1003
1876 998
5777 818
5648 948
6369 1001
6361 1004
11077 991
4413 836
52 949
4643 818
5025 837
7391 948
5713 1002
5896 948
8873 991
2349 998
8142 1005
7752 948
6446 837
4705 1006
9957 837
6092 818
3376 949
4899 948
3543 818
731 818
5848 818
3924 818
7971 952
6221 952
10449 1006
1897 998
7543 837
5797 998
7653 991
8364 1000
2907 1001
8417 837
2106 828
4107 1008
10758 991
6013 998
5790 998
4781 991
3812 998
3815 998
6780 949
236 991
6303 948
5915 818
208 1006
3684 1006
9114 837
2441 1000
5859 948
533 991
3375 522
9612 1006
4560 837
1360 818
3194 1008
3479 818
4672 1006
6434 948
9842 948
5277 1003
7571 837
6275 948
8111 837
8191 818
2903 991
7107 948
4619 837
6790 949
3197 1001
6016 1067
4299 522
1538 837
8953 818
3380 818
8067 949
4070 1006
8278 952
1202 1006
5192 998
6403 952
7535 837
8663 1006
10557 952
174 818
6880 837
11082 837
2126 818
635 991
10266 837
5996 818
3846 818
10443 1001
10922 658
7600 991
3734 998
6577 837
1018 1005
6760 948
7607 837
8265 952
1813 818
8753 1002
10684 1000
6418 1005
2286 1001
6470 948
6509 818
5092 818
8043 1005
8350 949
4000 1000
2467 998
9455 948
6135 837
503 818
5726 952
10478 952
10605 818
8572 1005
1415 998
2875 818
8897 522
4265 991
5334 818
5941 998
3045 522
9540 837
1556 998
5956 837
10744 818
8126 837
10345 837
7195 948
8695 952
7896 828
10309 837
5202 818
4599 837
2701 991
3755 991
3830 818
5187 1003
3667 1002
3223 998
5737 837
6190 522
2683 1008
2207 991
6632 818
5058 520
1745 998
4423 998
8336 837
1635 818
4676 991
7488 949
3870 998
8946 948
9149 837
5435 1006
11034 949
5523 948
5836 837
10209 818
8586 952
2966 818
2971 1006
10372 818
4498 998
5363 818
7000 991
2965 818
540 949
3919 1008
6561 1003
179 818
10278 837
1244 818
4796 998
6393 998
3894 998
6227 1001
6383 837
8856 818
5098 1001
10010 818
783 991
2797 998
4375 818
6321 998
7002 952
3641 991
4466 1001
7072 837
7210 1005
643 1001
8716 1006
7962 837
4169 1001
6423 1006
1816 818
10311 1008
7592 949
5751 998
10717 818
4816 818
8872 948
2356 818
10809 1000
764 1003
5877 837
9189 837
9127 1003
1490 991
3867 818
8323 837
9719 949
11069 1005
7339 991
4097 998
10423 837
1319 949
6408 1005
5344 998
6365 837
4750 818
2632 818
3549 998
5968 837
6245 837
8019 658
8541 818
2333 818
4807 998
10763 837
9495 991
8332 952
5646 948
5586 949
3813 818
3273 998
10553 818
1849 1001
1386 1000
7899 991
1977 991
7879 1005
2058 1001
3436 991
8048 818
6903 948
5919 837
8621 837
5635 1001
10741 1005
10891 818
6103 837
739 818
11013 818
10082 1008
5305 952
1846 818
9513 952
3082 1003
8842 837
7554 952
3598 998
6052 1008
8893 1006
9019 991
10697 1006
7770 952
4885 1001
5406 948
8481 1068
10931 949
7744 837
9103 1005
10118 991
6183 998
3761 998
3649 998
5898 998
6513 991
4334 1001
4496 818
7708 1000
7010 837
2763 949
5323 1008
8600 818
2976 1006
7548 837
6684 818
10074 952
8338 818
7967 991
3944 991
5397 1006
5348 952
5802 837
4934 948
374 949
1260 1006
7995 818
486 818
5140 1006
541 1006
9510 952
5242 1004
9671 991
8968 948
9167 818
9467 837
5966 818
5216 991
9448 1003
7009 998
5291 837
5691 837
9146 948
69 1005
7928 837
2876 991
10738 818
7402 818
7910 952
309 949
11100 837
2752 998
1402 1069
7066 837
5048 837
435 1000
3326 522
9061 952
4394 1002
233 522
8616 952
9464 837
5920 948
10907 837
9477 952
7121 991
2140 835
6215 837
2781 818
5211 952
9320 952
6034 837
6553 952
3151 949
990 818
6315 1006
5976 837
5755 1006
5439 998
11088 949
3899 818
10926 949
8165 991
8792 1070
6952 949
3880 949
1687 818
6744 818
7268 991
6901 818
7890 948
6908 998
7033 818
2741 818
6774 818
809 998
8931 949
6675 949
7248 948
1993 818
5206 991
5220 952
9527 952
935 818
3519 949
261 949
9892 1013
10394 991
433 818
9724 1003
9515 837
6472 837
1739 949
96 828
5676 837
9735 952
8591 837
5598 948
3842 818
10531 837
5144 948
830 522
7289 952
7205 952
9423 948
4449 818
3671 818
3610 1071
630 818
7219 1006
3061 991
5004 948
6859 991
5370 818
5942 998
4030 1008
2834 818
10197 991
4304 818
4867 952
307 1003
8205 1003
3659 818
8845 818
9338 818
7343 1006
7111 837
3676 998
5091 949
930 1006
4082 998
8847 1072
7680 992
4457 991
9542 991
4539 1006
7352 949
7695 818
3634 991
3182 998
499 998
10687 949
5341 837
8712 991
3864 998
7060 998
5367 952
1672 522
8995 1004
7382 948
5459 948
3164 998
58 522
9519 837
5234 818
683 998
3990 998
8614 949
4569 1006
4098 998
8974 818
9160 818
7108 1006
2088 818
3723 998
1066 1000
9774 818
5306 948
5550 1006
4106 1001
9257 949
9714 818
8861 1001
4238 522
2919 1008
8362 1001
3637 991
42 998
2892 998
4083 991
8234 991
6977 818
6292 952
7852 1008
10359 818
8255 1001
4801 1008
9960 952
10077 1006
6090 949
3448 998
8073 1006
7456 952
10676 818
5079 991
3325 949
8707 522
1848 998
9254 1006
3071 991
3700 1001
3154 949
6820 818
7417 1005
3822 818
7623 952
5716 837
4274 949
10942 949
11064 991
1499 1008
6709 837
7909 818
684 949
6210 952
9250 818
10227 952
9459 818
3077 998
5447 998
7253 837
6124 998
6086 952
5399 1073
8359 952
6328 949
9429 949
4658 948
8622 952
6308 952
3331 818
7347 948
2946 1008
11045 952
2837 998
10119 948
7389 952
5178 818
10421 818
6657 1001
10517 991
1002 1006
10704 952
5199 837
5801 952
6440 818
3631 991
7709 991
6562 998
5094 998
6068 952
892 818
4973 991
8804 1003
4661 818
6229 1001
5357 952
2456 1002
4729 837
2959 835
4881 948
5288 818
6219 991
2232 818
11060 952
2926 991
10103 818
9347 818
1637 818
1670 1006
3157 818
9976 948
6352 1005
3555 998
6035 818
8495 837
8588 818
9927 948
6947 948
8956 1000
1164 991
5715 1004
10500 1000
9877 991
2818 818
3934 837
8775 818
5788 949
8916 837
8506 1001
4028 1001
8729 1003
10885 952
6125 837
7522 948
5574 1008
7747 1006
5037 952
5456 1013
8503 818
1428 818
9336 818
1022 1003
9302 948
755 818
3150 818
7351 949
1658 998
6077 998
6830 837
3933 1001
5991 991
9434 1008
7227 949
10590 991
6674 1003
5368 998
5518 837
10141 991
6925 818
2071 522
4180 949
5641 1008
4044 818
6987 998
10124 818
11083 952
4912 952
9524 837
9225 837
9643 837
552 818
6884 522
10078 952
5743 818
11002 952
3784 998
6053 949
2032 1001
5121 991
7636 837
10486 837
3553 522
8766 949
9596 1001
317 818
1090 1001
7988 952
6398 818
3697 991
10373 952
6867 1001
10341 949
4735 818
6616 991
6609 998
11099 837
6106 1018
699 1074
2980 1020
1256 1018
1541 1020
10798 1075
6644 1022
7976 1022
7453 998
6346 1076
5426 1018
