28455 885
28456 11
28457 1546
28458 786
28459 962
28460 3
28461 885
28462 885
28463 104
28464 1668
28465 1668
28466 104
28467 2021
28468 1668
28469 10
28470 104
28471 104
28472 10
28473 10
28474 885
28475 10
28476 10
28477 10
28478 10
28479 1695
28480 885
28481 104
28482 885
28483 10
28484 10
28485 10
28486 10
28487 885
28488 104
28489 885
28490 1695
28491 1695
28492 893
28493 10
28494 904
28495 2332
28496 134
28497 10
28498 10
28499 10
28500 204
28501 10
28502 10
28503 10
28504 10
28505 184
28506 962
28507 885
28508 104
28509 2512
28510 10
28511 885
28512 10
28513 1975
28514 868
28515 1668
28516 2021
28517 134
28518 885
28519 10
28520 962
28521 10
28522 10
28523 1104
28524 134
28525 134
28526 2021
28527 1668
28528 1695
28529 885
28530 1948
28531 885
28532 962
28533 10
28534 868
28535 1680
28536 962
28537 10
28538 868
28539 885
28540 941
28541 885
28542 139
28543 33
28544 1668
28545 1668
28546 11
28547 885
28548 2514
28549 11
28550 1583
28551 134
28552 104
28553 10
28554 1655
28555 10
28556 10
28557 885
28558 885
28559 885
28560 10
28561 885
28562 11
28563 104
28564 941
28565 1695
28566 885
28567 10
28568 11
28569 139
28570 1695
28571 10
28572 10
28573 102
28574 104
28575 1505
28576 885
28577 134
28578 1695
28579 1940
28580 1695
28581 1695
28582 885
28583 1695
28584 1695
28585 885
28586 10
28587 10
28588 1695
28589 104
28590 53
28591 1666
28592 10
28593 104
28594 1470
28595 1695
28596 1668
28597 885
28598 1695
28599 1546
28600 885
28601 1695
28602 104
28603 885
28604 10
28605 941
28606 10
28607 885
28608 1975
28609 941
28610 885
28611 1546
28612 1666
28613 885
28614 1695
28615 10
28616 885
28617 885
28618 1695
28619 885
28620 1546
28621 1084
28622 1470
28623 962
28624 1695
28625 1695
28626 1695
28627 1695
28628 885
28629 1104
28630 1695
28631 2516
28632 1695
28633 1695
28634 1695
28635 1695
28636 1695
28637 1695
28638 1695
28639 1695
28640 1695
28641 1695
28642 1695
28643 786
28644 1695
28645 1695
28646 1695
28647 1695
28648 885
28649 1695
28650 1695
28651 10
28652 1695
28653 1546
28654 1695
28655 1695
28656 1695
28657 1695
28658 1695
28659 962
28660 1695
28661 885
28662 184
28663 1683
28664 1695
28665 1695
28666 1695
28667 1695
28668 1695
28669 1695
28670 1505
28671 104
28672 10
28673 1695
28674 1695
28675 104
28676 1695
28677 104
28678 1695
28679 134
28680 1695
28681 1583
28682 1546
28683 10
28684 1695
28685 1695
28686 10
28687 1695
28688 1695
28689 885
28690 2323
28691 1470
28692 11
28693 104
28694 134
28695 1668
28696 1695
28697 1470
28698 10
28699 104
28700 2323
28701 104
28702 134
28703 1695
28704 1695
28705 1695
28706 1695
28707 1695
28708 238
28709 1683
28710 1695
28711 10
28712 2479
28713 885
28714 1695
28715 885
28716 1695
28717 10
28718 885
28719 1695
28720 1668
28721 1952
28722 1583
28723 1655
28724 1695
28725 962
28726 1470
28727 1695
28728 1470
28729 104
28730 1668
28731 212
28732 104
28733 104
28734 1952
28735 1470
28736 885
28737 1695
28738 1695
28739 104
28740 104
28741 1695
28742 10
28743 104
28744 1695
28745 1470
28746 1695
28747 885
28748 2510
28749 1695
28750 1695
28751 1695
28752 1695
28753 65
28754 10
28755 1470
28756 4
28757 1695
28758 1646
28759 102
28760 104
28761 1470
28762 1668
28763 10
28764 104
28765 1695
28766 1695
28767 1546
28768 962
28769 1470
28770 885
28771 1583
28772 1695
28773 1297
28774 104
28775 2021
28776 1695
28777 184
28778 1546
28779 10
28780 10
28781 139
28782 91
28783 886
28784 1695
28785 786
28786 2517
28787 1695
28788 1470
28789 1695
28790 1583
28791 1695
28792 10
28793 885
28794 10
28795 1663
28796 104
28797 1695
28798 885
28799 1695
28800 885
28801 2518
28802 885
28803 104
28804 1695
28805 1695
28806 962
28807 91
28808 1695
28809 1470
28810 1695
28811 11
28812 885
28813 885
28814 1948
28815 1546
28816 10
28817 1695
28818 2519
28819 885
28820 1666
28821 1666
28822 1695
28823 65
28824 1695
28825 11
28826 1470
28827 885
28828 885
28829 23
28830 2521
28831 885
28832 1695
28833 1695
28834 1297
28835 1695
28836 10
28837 10
28838 10
28839 10
28840 10
28841 10
28842 10
28843 10
28844 10
28845 10
28846 10
28847 10
28848 104
28849 10
28850 10
28851 10
28852 10
28853 10
28854 10
28855 139
28856 10
28857 10
28858 1583
28859 1668
28860 1668
28861 10
28862 10
28863 10
28864 1663
28865 1948
28866 962
28867 104
28868 10
28869 1668
28870 10
28871 10
28872 10
28873 1583
28874 10
28875 885
28876 1668
28877 10
28878 10
28879 10
28880 10
28881 10
28882 4
28883 10
28884 10
28885 10
28886 1546
28887 1546
28888 295
28889 10
28890 10
28891 10
28892 10
28893 885
28894 1470
28895 10
28896 10
28897 10
28898 1505
28899 1695
28900 10
28901 10
28902 962
28903 212
28904 10
28905 1470
28906 212
28907 212
28908 212
28909 10
28910 212
28911 4
28912 10
28913 1470
28914 885
28915 885
28916 1583
28917 1470
28918 1695
28919 212
28920 1948
28921 1470
28922 1583
28923 10
28924 10
28925 10
28926 10
28927 134
28928 1695
28929 1470
28930 962
28931 10
28932 104
28933 10
28934 104
28935 1695
28936 10
28937 885
28938 11
28939 2522
28940 10
28941 10
28942 10
28943 10
28944 10
28945 1668
28946 10
28947 10
28948 885
28949 10
28950 10
28951 10
28952 962
28953 1668
28954 1470
28955 10
28956 10
28957 2523
28958 1470
28959 10
28960 139
28961 1695
28962 10
28963 10
28964 10
28965 885
28966 10
28967 1695
28968 885
28969 962
28970 10
28971 1695
28972 2283
28973 1695
28974 104
28975 10
28976 10
28977 1695
28978 104
28979 1527
28980 10
28981 11
28982 1668
28983 885
28984 10
28985 1583
28986 941
28987 10
28988 134
28989 10
28990 10
28991 1695
28992 1683
28993 10
28994 885
28995 1695
28996 1546
28997 1546
28998 1695
28999 10
29000 188
29001 10
29002 1470
29003 1470
29004 10
29005 10
29006 1470
29007 10
29008 885
29009 10
29010 941
29011 1695
29012 10
29013 11
29014 10
29015 1695
29016 10
29017 1683
29018 1683
29019 104
29020 1696
29021 962
29022 10
29023 10
29024 885
29025 10
29026 10
29027 10
29028 10
29029 1683
29030 10
29031 10
29032 104
29033 10
29034 129
29035 1683
29036 1695
29037 10
29038 10
29039 104
29040 1666
29041 10
29042 48
29043 10
29044 1696
29045 18
29046 10
29047 10
29048 1695
29049 10
29050 10
29051 1104
29052 1655
29053 295
29054 10
29055 885
29056 1695
29057 10
29058 962
29059 10
29060 10
29061 10
29062 941
29063 10
29064 1695
29065 1546
29066 1546
29067 1695
29068 1695
29069 10
29070 10
29071 10
29072 885
29073 10
29074 1695
29075 10
29076 1655
29077 10
29078 885
29079 238
29080 10
29081 885
29082 1695
29083 10
29084 10
29085 885
29086 104
29087 129
29088 104
29089 1695
29090 10
29091 10
29092 10
29093 10
29094 10
29095 10
29096 104
29097 10
29098 1655
29099 10
29100 1695
29101 1470
29102 885
29103 2479
29104 10
29105 2328
29106 1695
29107 1695
29108 1695
29109 10
29110 11
29111 10
29112 104
29113 10
29114 10
29115 885
29116 10
29117 3
29118 100
29119 10
29120 1655
29121 962
29122 885
29123 10
29124 10
29125 885
29126 1583
29127 10
29128 1583
29129 885
29130 10
29131 1948
29132 1505
29133 10
29134 1505
29135 941
29136 1505
29137 139
29138 885
29139 962
29140 10
29141 2045
29142 104
29143 10
29144 1302
29145 10
29146 2525
29147 11
29148 1683
29149 2479
29150 10
29151 1680
29152 10
29153 272
29154 10
29155 10
29156 10
29157 10
29158 1546
29159 104
29160 10
29161 879
29162 104
29163 600
29164 238
29165 941
29166 10
29167 962
29168 104
29169 104
29170 104
29171 104
29172 104
29173 104
29174 104
29175 104
29176 104
29177 104
29178 104
29179 104
29180 104
29181 10
29182 10
29183 104
29184 104
29185 104
29186 104
29187 104
29188 104
29189 104
29190 104
29191 104
29192 104
29193 104
29194 104
29195 1655
29196 104
29197 104
29198 104
29199 10
29200 212
29201 104
29202 104
29203 10
29204 104
29205 104
29206 10
29207 104
29208 104
29209 11
29210 104
29211 104
29212 104
29213 104
29214 104
29215 104
29216 1470
29217 104
29218 104
29219 104
29220 104
29221 104
29222 1695
29223 104
29224 104
29225 104
29226 104
29227 104
29228 104
29229 10
29230 104
29231 1470
29232 104
29233 104
29234 10
29235 104
29236 104
29237 104
29238 104
29239 104
29240 104
29241 104
29242 104
29243 879
29244 10
29245 10
29246 10
29247 104
29248 10
29249 885
29250 10
29251 10
29252 10
29253 104
29254 104
29255 104
29256 10
29257 104
29258 104
29259 104
29260 1297
29261 10
29262 885
29263 1505
29264 104
29265 104
29266 104
29267 104
29268 104
29269 10
29270 104
29271 1695
29272 104
29273 104
29274 104
29275 104
29276 104
29277 11
29278 10
29279 104
29280 104
29281 10
29282 10
29283 10
29284 104
29285 1668
29286 11
29287 879
29288 26
29289 1583
29290 104
29291 1695
29292 1546
29293 1695
29294 1940
29295 104
29296 77
29297 104
29298 10
29299 53
29300 11
29301 77
29302 1695
29303 10
29304 104
29305 104
29306 53
29307 104
29308 104
29309 10
29310 10
29311 879
29312 10
29313 1666
29314 104
29315 10
29316 104
29317 1695
29318 10
29319 104
29320 10
29321 10
29322 104
29323 104
29324 885
29325 104
29326 104
29327 10
29328 1666
29329 104
29330 104
29331 104
29332 238
29333 104
29334 10
29335 104
29336 962
29337 10
29338 104
29339 2283
29340 1695
29341 104
29342 1663
29343 1695
29344 1940
29345 65
29346 1695
29347 139
29348 1695
29349 10
29350 1663
29351 104
29352 1695
29353 1695
29354 104
29355 885
29356 10
29357 104
29358 10
29359 104
29360 104
29361 879
29362 879
29363 104
29364 104
29365 1695
29366 1546
29367 295
29368 104
29369 204
29370 238
29371 238
29372 10
29373 238
29374 104
29375 104
29376 1946
29377 885
29378 879
29379 10
29380 11
29381 1695
29382 104
29383 295
29384 104
29385 879
29386 885
29387 2390
29388 104
29389 885
29390 1695
29391 104
29392 885
29393 10
29394 104
29395 104
29396 1695
29397 885
29398 104
29399 104
29400 104
29401 104
29402 885
29403 1297
29404 104
29405 238
29406 104
29407 1302
29408 104
29409 104
29410 941
29411 10
29412 104
29413 295
29414 885
29415 879
29416 104
29417 10
29418 2526
29419 2283
29420 104
29421 10
29422 104
29423 104
29424 104
29425 104
29426 879
29427 10
29428 295
29429 104
29430 10
29431 10
29432 104
29433 295
29434 104
29435 1470
29436 885
29437 104
29438 885
29439 1695
29440 10
29441 1666
29442 962
29443 886
29444 1695
29445 104
29446 10
29447 1695
29448 295
29449 879
29450 104
29451 104
29452 1695
29453 1695
29454 104
29455 1695
29456 879
29457 104
29458 2520
29459 11
29460 1696
29461 1948
29462 104
29463 10
29464 11
29465 10
29466 104
29467 10
29468 1695
29469 104
29470 10
29471 104
29472 1470
29473 104
29474 10
29475 1695
29476 11
29477 11
29478 885
29479 10
29480 885
29481 10
29482 10
29483 10
29484 879
29485 885
29486 885
29487 885
29488 10
29489 1470
29490 885
29491 1470
29492 1695
29493 1695
29494 10
29495 89
29496 1695
29497 1
29498 1546
29499 10
29500 885
29501 104
29502 53
29503 885
29504 1546
29505 295
29506 885
29507 104
29508 879
29509 1695
29510 10
29511 238
29512 1695
29513 885
29514 10
29515 10
29516 1695
29517 885
29518 10
29519 139
29520 104
29521 104
29522 10
29523 104
29524 104
29525 104
29526 10
29527 885
29528 295
29529 104
29530 879
29531 885
29532 1505
29533 10
29534 10
29535 104
29536 885
29537 1695
29538 104
29539 39
29540 295
29541 104
29542 10
29543 104
29544 104
29545 104
29546 1663
29547 104
29548 104
29549 295
29550 1695
29551 10
29552 104
29553 10
29554 885
29555 82
29556 1695
29557 295
29558 212
29559 10
29560 10
29561 885
29562 11
29563 295
29564 1975
29565 104
29566 1695
29567 104
29568 885
29569 1695
29570 2527
29571 885
29572 1546
29573 11
29574 11
29575 104
29576 1975
29577 10
29578 104
29579 879
29580 104
29581 885
29582 104
29583 1695
29584 104
29585 1695
29586 941
29587 104
29588 1695
29589 10
29590 885
29591 885
29592 104
29593 1695
29594 10
29595 104
29596 10
29597 1695
29598 10
29599 1695
29600 10
29601 104
29602 10
29603 104
29604 104
29605 10
29606 104
29607 1695
29608 1546
29609 204
29610 1695
29611 1695
29612 10
29613 104
29614 10
29615 295
29616 886
29617 10
29618 1695
29619 1695
29620 1695
29621 1695
29622 1695
29623 104
29624 1695
29625 1695
29626 10
29627 104
29628 1695
29629 10
29630 10
29631 1695
29632 104
29633 1695
29634 1695
29635 104
29636 1695
29637 962
29638 104
29639 104
29640 104
29641 11
29642 1695
29643 1695
29644 1695
29645 10
29646 10
29647 10
29648 104
29649 10
29650 10
29651 212
29652 1695
29653 104
29654 10
29655 1695
29656 10
29657 885
29658 1695
29659 1695
29660 1695
29661 1695
29662 1695
29663 48
29664 104
29665 10
29666 1695
29667 885
29668 104
29669 10
29670 1695
29671 1695
29672 1695
29673 1695
29674 104
29675 238
29676 104
29677 10
29678 10
29679 10
29680 1695
29681 2328
29682 1695
29683 1546
29684 1695
29685 1695
29686 134
29687 104
29688 885
29689 885
29690 10
29691 885
29692 1695
29693 295
29694 1546
29695 134
29696 2283
29697 1695
29698 1695
29699 1695
29700 1695
29701 1695
29702 104
29703 885
29704 1695
29705 1505
29706 1695
29707 10
29708 1695
29709 1
29710 76
29711 11
29712 104
29713 1695
29714 104
29715 295
29716 885
29717 104
29718 1695
29719 1695
29720 104
29721 104
29722 1695
29723 10
29724 1695
29725 1666
29726 104
29727 879
29728 104
29729 1695
29730 1695
29731 104
29732 885
29733 1695
29734 885
29735 104
29736 104
29737 10
29738 1695
29739 238
29740 139
29741 104
29742 1505
29743 104
29744 885
29745 10
29746 104
29747 1470
29748 104
29749 1695
29750 10
29751 1695
29752 1695
29753 104
29754 1695
29755 104
29756 295
29757 10
29758 10
29759 1695
29760 1695
29761 10
29762 1695
29763 10
29764 1695
29765 10
29766 1695
29767 1104
29768 885
29769 1695
29770 10
29771 104
29772 295
29773 885
29774 1695
29775 885
29776 295
29777 104
29778 1695
29779 295
29780 1695
29781 1952
29782 104
29783 82
29784 10
29785 104
29786 1695
29787 100
29788 10
29789 1695
29790 10
29791 885
29792 2479
29793 104
29794 1104
29795 104
29796 104
29797 295
29798 1695
29799 104
29800 104
29801 10
29802 1695
29803 10
29804 885
29805 36
29806 885
29807 1695
29808 1663
29809 10
29810 885
29811 1695
29812 1695
29813 885
29814 104
29815 885
29816 104
29817 10
29818 11
29819 10
29820 104
29821 1695
29822 1695
29823 1695
29824 1695
29825 1583
29826 104
29827 1695
29828 1695
29829 104
29830 1695
29831 1546
29832 1695
29833 1695
29834 82
29835 1695
29836 879
29837 48
29838 879
29839 1104
29840 879
29841 1695
29842 1695
29843 104
29844 104
29845 1695
29846 885
29847 258
29848 1470
29849 1695
29850 1695
29851 1695
29852 1695
29853 1695
29854 1655
29855 2528
29856 18
29857 295
29858 885
29859 1695
29860 104
29861 1695
29862 962
29863 1695
29864 1695
29865 11
29866 295
29867 879
29868 104
29869 1655
29870 10
29871 1695
29872 1655
29873 1695
29874 1695
29875 10
29876 10
29877 1695
29878 1695
29879 10
29880 1695
29881 82
29882 1695
29883 1695
29884 1666
29885 212
29886 885
29887 295
29888 2524
29889 104
29890 238
29891 879
29892 10
29893 104
29894 2511
29895 2334
29896 868
29897 1695
29898 1695
29899 2334
29900 1663
29901 10
29902 1695
29903 885
29904 2334
29905 10
29906 2334
29907 1546
29908 1655
29909 2334
29910 1505
29911 1655
29912 1546
29913 885
29914 1470
29915 885
29916 102
29917 2334
29918 104
29919 2334
29920 10
29921 2334
29922 10
29923 2334
29924 2334
29925 1695
29926 295
29927 1695
29928 962
29929 188
29930 295
29931 1546
29932 1583
29933 1583
29934 10
29935 1695
29936 1695
29937 1695
29938 879
29939 10
29940 1695
29941 104
29942 885
29943 1695
29944 10
29945 2283
29946 10
29947 962
29948 1655
29949 1695
29950 102
29951 134
29952 104
29953 10
29954 879
29955 1695
29956 885
29957 1695
29958 131
29959 3
29960 104
29961 885
29962 1695
29963 1695
29964 885
29965 1695
29966 104
29967 1655
29968 104
29969 104
29970 962
29971 1297
29972 104
29973 104
29974 1583
29975 104
29976 104
29977 1695
29978 1695
29979 102
29980 1695
29981 1695
29982 885
29983 1695
29984 885
29985 1505
29986 893
29987 885
29988 104
29989 1470
29990 82
29991 885
29992 1470
29993 295
29994 104
29995 104
29996 885
29997 272
29998 65
29999 104
30000 1655
30001 2283
30002 102
30003 2283
30004 104
30005 1583
30006 104
30007 1695
30008 1470
30009 1470
30010 1666
30011 10
30012 102
30013 104
30014 104
30015 104
30016 1695
30017 10
30018 11
30019 238
30020 10
30021 295
30022 65
30023 1695
30024 10
30025 10
30026 272
30027 885
30028 212
30029 104
30030 1666
30031 962
30032 1695
30033 885
30034 10
30035 65
30036 104
30037 885
30038 10
30039 885
30040 104
30041 82
30042 2283
30043 11
30044 1653
30045 104
30046 1695
30047 104
30048 1695
30049 1695
30050 1695
30051 11
30052 1695
30053 884
30054 104
30055 10
30056 104
30057 104
30058 104
30059 11
30060 104
30061 1505
30062 1104
30063 885
30064 1546
30065 102
30066 65
30067 885
30068 65
30069 1655
30070 104
30071 104
30072 1695
30073 879
30074 1655
30075 10
30076 1695
30077 11
30078 680
30079 10
30080 1666
30081 11
30082 1546
30083 238
30084 1695
30085 879
30086 879
30087 885
30088 10
30089 1695
30090 1668
30091 1104
30092 104
30093 879
30094 1695
30095 104
30096 1695
30097 11
30098 104
30099 11
30100 104
30101 10
30102 104
30103 204
30104 104
30105 104
30106 10
30107 104
30108 104
30109 1695
30110 104
30111 212
30112 10
30113 104
30114 104
30115 885
30116 11
30117 10
30118 941
30119 885
30120 879
30121 1695
30122 104
30123 1940
30124 1695
30125 1546
30126 104
30127 1470
30128 104
30129 1695
30130 131
30131 885
30132 1695
30133 1297
30134 1695
30135 885
30136 1695
30137 2509
30138 104
30139 1695
30140 104
30141 10
30142 212
30143 1695
30144 885
30145 104
30146 104
30147 1695
30148 1695
30149 885
30150 104
30151 104
30152 885
30153 295
30154 962
30155 1695
30156 885
30157 10
30158 27
30159 885
30160 27
30161 102
30162 1546
30163 1297
30164 10
30165 104
30166 2328
30167 885
30168 2513
30169 204
30170 885
30171 212
30172 1946
30173 11
30174 879
30175 885
30176 238
30177 1546
30178 1666
30179 1695
30180 204
30181 10
30182 1546
30183 1695
30184 1546
30185 10
30186 1653
30187 885
30188 962
30189 1546
30190 104
30191 1666
30192 1666
30193 941
30194 1546
30195 1695
30196 104
30197 962
30198 104
30199 879
30200 182
30201 10
30202 786
30203 1655
30204 134
30205 1695
30206 104
30207 885
30208 10
30209 1505
30210 1546
30211 2529
30212 885
30213 885
30214 89
30215 1940
30216 27
30217 102
30218 885
30219 885
30220 104
30221 1546
30222 1695
30223 1695
30224 2530
30225 885
30226 212
30227 104
30228 10
30229 1695
30230 1940
30231 65
30232 885
30233 885
30234 1695
30235 786
30236 1695
30237 2021
30238 885
30239 1695
30240 962
30241 82
30242 1940
30243 11
30244 1680
30245 295
30246 102
30247 104
30248 11
30249 1546
30250 2531
30251 104
30252 10
30253 48
30254 238
30255 1546
30256 1505
30257 102
30258 102
30259 885
30260 885
30261 885
30262 2532
30263 2533
30264 104
30265 104
30266 104
30267 2021
30268 1695
30269 885
30270 1653
30271 131
30272 104
30273 885
30274 238
30275 134
30276 2283
30277 104
30278 1695
30279 1546
30280 102
30281 104
30282 885
30283 10
30284 27
30285 879
30286 139
30287 885
30288 104
30289 104
30290 65
30291 139
30292 139
30293 885
30294 1470
30295 204
30296 10
30297 212
30298 104
30299 885
30300 885
30301 885
30302 139
30303 104
30304 2515
30305 104
30306 10
30307 1695
30308 1505
30309 10
30310 1695
30311 104
30312 104
30313 885
30314 272
30315 212
30316 2534
30317 65
30318 962
30319 1668
30320 102
30321 1695
30322 879
