2224 100
2225 218
2226 114
2227 122
2228 100
2229 131
2230 101
2231 76
2232 86
2233 81
2234 149
2235 31
2236 212
2237 75
2238 118
2239 151
2240 151
2241 218
2242 81
2243 81
2244 87
2245 202
2246 100
2247 63
2248 8
2249 9
2250 87
2251 120
2252 75
2253 114
2254 25
2255 99
2256 203
2257 13
2258 49
2259 118
2260 97
2261 16
2262 127
2263 23
2264 78
2265 36
2266 32
2267 100
2268 3
2269 884
2270 100
2271 3
2272 97
2273 221
2274 100
2275 49
2276 16
2277 784
2278 13
2279 49
2280 134
2281 16
2282 206
2283 27
2284 127
2285 81
2286 47
2287 157
2288 64
2289 173
2290 31
2291 76
2292 134
2293 16
2294 76
2295 51
2296 1042
2297 56
2298 16
2299 213
2300 13
2301 5
2302 8
2303 113
2304 139
2305 8
2306 131
2307 129
2308 76
2309 92
2310 87
2311 31
2312 122
2313 24
2314 11
2315 11
2316 4
2317 137
2318 34
2319 78
2320 17
2321 117
2322 134
2323 82
2324 87
2325 113
2326 114
2327 25
2328 63
2329 905
2330 26
2331 31
2332 75
2333 86
2334 960
2335 3
2336 81
2337 113
2338 75
2339 55
2340 27
2341 47
2342 143
2343 68
2344 47
2345 1043
2346 119
2347 113
2348 11
2349 39
2350 897
2351 4
2352 82
2353 12
2354 100
2355 4
2356 52
2357 92
2358 76
2359 41
2360 105
2361 16
2362 131
2363 33
2364 114
2365 75
2366 87
2367 13
2368 3
2369 105
2370 75
2371 75
2372 16
2373 13
2374 100
2375 78
2376 139
2377 202
2378 219
2379 17
2380 51
2381 131
2382 975
2383 34
2384 203
2385 75
2386 31
2387 47
2388 8
2389 105
2390 92
2391 100
2392 31
2393 21
2394 139
2395 38
2396 25
2397 131
2398 100
2399 73
2400 131
2401 10
2402 114
2403 134
2404 131
2405 34
2406 139
2407 134
2408 101
2409 51
2410 139
2411 75
2412 75
2413 8
2414 134
2415 8
2416 8
2417 143
2418 3
2419 75
2420 206
2421 16
2422 154
2423 8
2424 13
2425 141
2426 5
2427 75
2428 92
2429 202
2430 113
2431 1045
2432 113
2433 23
2434 100
2435 33
2436 17
2437 151
2438 114
2439 8
2440 75
2441 766
2442 4
2443 87
2444 16
2445 82
2446 37
2447 176
2448 81
2449 81
2450 33
2451 76
2452 134
2453 119
2454 217
2455 21
2456 1046
2457 13
2458 75
2459 137
2460 203
2461 114
2462 49
2463 143
2464 78
2465 120
2466 206
2467 39
2468 99
2469 206
2470 75
2471 137
2472 33
2473 27
2474 13
2475 56
2476 75
2477 76
2478 143
2479 4
2480 218
2481 81
2482 13
2483 73
2484 134
2485 213
2486 103
2487 231
2488 960
2489 49
2490 75
2491 157
2492 71
2493 202
2494 173
2495 196
2496 100
2497 24
2498 34
2499 16
2500 4
2501 137
2502 25
2503 25
2504 13
2505 217
2506 166
2507 15
2508 55
2509 172
2510 76
2511 149
2512 92
2513 27
2514 202
2515 122
2516 3
2517 55
2518 13
2519 16
2520 68
2521 213
2522 21
2523 12
2524 25
2525 3
2526 55
2527 218
2528 784
2529 34
2530 81
2531 114
2532 3
2533 86
2534 173
2535 213
2536 13
2537 75
2538 103
2539 13
2540 75
2541 203
2542 114
2543 76
2544 16
2545 24
2546 76
2547 100
2548 34
2549 75
2550 32
2551 134
2552 219
2553 789
2554 208
2555 87
2556 76
2557 119
2558 49
2559 25
2560 87
2561 32
2562 78
2563 1155
2564 25
2565 55
2566 38
2567 81
2568 24
2569 21
2570 131
2571 25
2572 172
2573 165
2574 87
2575 9
2576 23
2577 149
2578 1047
2579 1155
2580 100
2581 131
2582 74
2583 76
2584 8
2585 218
2586 36
2587 118
2588 110
2589 51
2590 13
2591 131
2592 75
2593 27
2594 75
2595 31
2596 49
2597 176
2598 75
2599 33
2600 137
2601 92
2602 33
2603 131
2604 8
2605 897
2606 137
2607 32
2608 75
2609 79
2610 13
2611 16
2612 81
2613 883
2614 137
2615 145
2616 100
2617 26
2618 16
2619 8
2620 127
2621 75
2622 17
2623 114
2624 75
2625 51
2626 79
2627 80
2628 134
2629 212
2630 100
2631 87
2632 86
2633 49
2634 883
2635 103
2636 143
2637 15
2638 79
2639 221
2640 49
2641 172
2642 58
2643 27
2644 16
2645 24
2646 5
2647 13
2648 137
2649 905
2650 38
2651 99
2652 13
2653 75
2654 139
2655 49
2656 36
2657 33
2658 127
2659 68
2660 114
2661 8
2662 17
2663 13
2664 33
2665 49
2666 82
2667 78
2668 217
2669 118
2670 114
2671 23
2672 80
2673 202
2674 127
2675 149
2676 76
2677 79
2678 118
2679 75
2680 15
2681 1157
2682 13
2683 8
2684 63
2685 27
2686 46
2687 41
2688 16
2689 68
2690 113
2691 75
2692 99
2693 78
2694 1048
2695 79
2696 81
2697 218
2698 119
2699 114
2700 41
2701 214
2702 41
2703 27
2704 75
2705 102
2706 4
2707 893
2708 166
2709 16
2710 23
2711 24
2712 217
2713 134
2714 154
2715 5
2716 47
2717 17
2718 68
2719 76
2720 3
2721 905
2722 33
2723 2
2724 75
2725 8
2726 11
2727 46
2728 119
2729 100
2730 17
2731 49
2732 49
2733 119
2734 82
2735 15
2736 25
2737 87
2738 63
2739 100
2740 49
2741 86
2742 33
2743 10
2744 100
2745 23
2746 100
2747 208
2748 56
2749 17
2750 4
2751 143
2752 39
2753 33
2754 885
2755 25
2756 3
2757 760
2758 76
2759 51
2760 149
2761 13
2762 31
2763 47
2764 76
2765 100
2766 131
2767 100
2768 126
2769 75
2770 208
2771 21
2772 789
2773 114
2774 79
2775 75
2776 87
2777 134
2778 76
2779 140
2780 212
2781 86
2782 80
2783 131
2784 127
2785 50
2786 134
2787 75
2788 26
2789 79
2790 75
2791 87
2792 99
2793 77
2794 218
2795 8
2796 893
2797 39
2798 55
2799 23
2800 134
2801 76
2802 17
2803 120
2804 960
2805 12
2806 87
2807 134
2808 134
2809 127
2810 27
2811 113
2812 27
2813 25
2814 134
2815 27
2816 33
2817 87
2818 86
2819 21
2820 100
2821 13
2822 75
2823 77
2824 75
2825 151
2826 156
2827 201
2828 129
2829 960
2830 114
2831 71
2832 114
2833 87
2834 52
2835 75
2836 134
2837 39
2838 119
2839 25
2840 49
2841 134
2842 46
2843 15
2844 100
2845 51
2846 21
2847 8
2848 103
2849 75
2850 134
2851 105
2852 166
2853 113
2854 76
2855 100
2856 2
2857 9
2858 134
2859 218
2860 100
2861 92
2862 16
2863 201
2864 23
2865 118
2866 173
2867 82
2868 21
2869 127
2870 87
2871 208
2872 139
2873 8
2874 9
2875 86
2876 154
2877 17
2878 151
2879 143
2880 15
2881 15
2882 1050
2883 206
2884 113
2885 78
2886 26
2887 23
2888 82
2889 100
2890 110
2891 151
2892 39
2893 120
2894 63
2895 4
2896 16
2897 51
2898 1051
2899 128
2900 206
2901 47
2902 25
2903 214
2904 217
2905 184
2906 100
2907 47
2908 21
2909 114
2910 139
2911 23
2912 75
2913 9
2914 231
2915 88
2916 68
2917 77
2918 113
2919 8
2920 75
2921 134
2922 13
2923 975
2924 8
2925 184
2926 154
2927 201
2928 58
2929 3
2930 11
2931 23
2932 897
2933 113
2934 25
2935 52
2936 13
2937 13
2938 201
2939 3
2940 49
2941 114
2942 75
2943 8
2944 3
2945 120
2946 8
2947 114
2948 213
2949 103
2950 203
2951 231
2952 8
2953 1155
2954 114
2955 81
2956 33
2957 16
2958 78
2959 100
2960 33
2961 31
2962 82
2963 122
2964 76
2965 52
2966 86
2967 75
2968 4
2969 92
2970 127
2971 146
2972 87
2973 1052
2974 75
2975 113
2976 146
2977 25
2978 134
2979 9
2980 63
2981 16
2982 100
2983 15
2984 9
2985 34
2986 87
2987 127
2988 79
2989 38
2990 202
2991 114
2992 143
2993 82
2994 13
2995 75
2996 763
2997 75
2998 905
2999 173
3000 807
3001 3
3002 113
3003 92
3004 12
3005 114
3006 16
3007 137
3008 13
3009 82
3010 82
3011 154
3012 176
3013 55
3014 118
3015 1138
3016 79
3017 100
3018 156
3019 81
3020 126
3021 25
3022 13
3023 2
3024 13
3025 119
3026 3
3027 76
3028 25
3029 87
3030 71
3031 63
3032 131
3033 120
3034 75
3035 64
3036 37
3037 26
3038 960
3039 114
3040 27
3041 8
3042 3
3043 80
3044 16
3045 44
3046 26
3047 76
3048 5
3049 33
3050 5
3051 119
3052 8
3053 23
3054 87
3055 151
3056 49
3057 88
3058 78
3059 95
3060 151
3061 154
3062 3
3063 143
3064 13
3065 87
3066 80
3067 36
3068 134
3069 16
3070 87
3071 214
3072 75
3073 784
3074 13
3075 16
3076 49
3077 39
3078 149
3079 134
3080 206
3081 3
3082 100
3083 16
3084 8
3085 31
3086 975
3087 2
3088 4
3089 134
3090 79
3091 24
3092 36
3093 47
3094 165
3095 17
3096 34
3097 3
3098 27
3099 114
3100 95
3101 8
3102 128
3103 76
3104 74
3105 75
3106 8
3107 100
3108 4
3109 113
3110 1054
3111 119
3112 213
3113 129
3114 87
3115 149
3116 49
3117 196
3118 100
3119 209
3120 114
3121 9
3122 11
3123 205
3124 87
3125 16
3126 103
3127 203
3128 137
3129 131
3130 49
3131 16
3132 76
3133 134
3134 1055
3135 131
3136 131
3137 118
3138 23
3139 99
3140 75
3141 16
3142 119
3143 92
3144 74
3145 31
3146 15
3147 208
3148 75
3149 31
3150 86
3151 47
3152 75
3153 31
3154 47
3155 8
3156 75
3157 86
3158 25
3159 102
3160 15
3161 105
3162 75
3163 11
3164 39
3165 122
3166 131
3167 13
3168 63
3169 16
3170 883
3171 46
3172 100
3173 151
3174 117
3175 16
3176 1056
3177 1138
3178 23
3179 212
3180 87
3181 196
3182 39
3183 92
3184 131
3185 100
3186 100
3187 140
3188 39
3189 998
3190 1144
3191 8
3192 208
3193 75
3194 8
3195 13
3196 16
3197 47
3198 212
3199 41
3200 8
3201 73
3202 75
3203 139
3204 73
3205 16
3206 17
3207 113
3208 101
3209 201
3210 131
3211 114
3212 119
3213 151
3214 82
3215 41
3216 11
3217 79
3218 16
3219 47
3220 82
3221 34
3222 49
3223 39
3224 128
3225 32
3226 114
3227 81
3228 33
3229 15
3230 13
3231 100
3232 84
3233 75
3234 33
3235 31
3236 134
3237 13
3238 4
3239 114
3240 41
3241 75
3242 25
3243 151
3244 23
3245 49
3246 119
3247 75
3248 23
3249 12
3250 784
3251 119
3252 205
3253 23
3254 117
3255 131
3256 118
3257 114
3258 76
3259 114
3260 114
3261 113
3262 3
3263 1157
3264 143
3265 49
3266 129
3267 100
3268 8
3269 81
3270 87
3271 134
3272 100
3273 39
3274 23
3275 114
3276 1138
3277 9
3278 76
3279 3
3280 897
3281 34
3282 34
3283 33
3284 1144
3285 789
3286 1057
3287 217
3288 27
3289 140
3290 113
3291 75
3292 23
3293 51
3294 33
3295 118
3296 4
3297 41
3298 173
3299 789
3300 998
3301 13
3302 49
3303 87
3304 120
3305 100
3306 82
3307 27
3308 140
3309 9
3310 68
3311 27
3312 49
3313 13
3314 86
3315 32
3316 213
3317 13
3318 75
3319 75
3320 16
3321 184
3322 165
3323 3
3324 56
3325 47
3326 52
3327 165
3328 8
3329 3
3330 23
3331 86
3332 37
3333 87
3334 80
3335 68
