2784 56
2785 118
2786 132
2787 74
2788 26
2789 78
2790 74
2791 86
2792 708
2793 76
2794 189
2795 8
2796 137
2797 39
2798 55
2799 23
2800 132
2801 75
2802 17
2803 1161
2804 680
2805 87
2806 86
2807 132
2808 132
2809 1162
2810 112
2811 112
2812 13
2813 25
2814 132
2815 27
2816 33
2817 86
2818 85
2819 21
2820 99
2821 13
2822 74
2823 76
2824 74
2825 99
2826 153
2827 189
2828 675
2829 680
2830 113
2831 144
2832 113
2833 86
2834 669
2835 74
2836 132
2837 39
2838 118
2839 25
2840 49
2841 132
2842 46
2843 15
2844 99
2845 51
2846 21
2847 8
2848 74
2849 74
2850 132
2851 104
2852 677
2853 112
2854 75
2855 99
2856 666
2857 9
2858 132
2859 189
2860 99
2861 91
2862 21
2863 189
2864 23
2865 87
2866 91
2867 81
2868 21
2869 56
2870 86
2871 692
2872 37
2873 8
2874 9
2875 85
2876 151
2877 17
2878 148
2879 116
2880 15
2881 15
2882 1163
2883 141
2884 112
2885 77
2886 26
2887 23
2888 81
2889 99
2890 109
2891 148
2892 39
2893 80
2894 63
2895 4
2896 16
2897 51
2898 1164
2899 126
2900 141
2901 99
2902 25
2903 689
2904 1165
2905 3
2906 99
2907 151
2908 21
2909 113
2910 37
2911 23
2912 74
2913 9
2914 695
2915 87
2916 68
2917 76
2918 112
2919 1102
2920 74
2921 132
2922 13
2923 901
2924 8
2925 130
2926 151
2927 708
2928 44
2929 27
2930 11
2931 23
2932 1166
2933 112
2934 5
2935 669
2936 13
2937 13
2938 74
2939 27
2940 49
2941 113
2942 74
2943 8
2944 38
2945 56
2946 1102
2947 113
2948 116
2949 74
2950 684
2951 695
2952 8
2953 79
2954 113
2955 80
2956 33
2957 16
2958 77
2959 99
2960 33
2961 31
2962 81
2963 121
2964 75
2965 669
2966 85
2967 74
2968 4
2969 91
2970 56
2971 8
2972 86
2973 1167
2974 74
2975 112
2976 148
2977 25
2978 132
2979 9
2980 63
2981 81
2982 99
2983 81
2984 9
2985 34
2986 86
2987 56
2988 78
2989 38
2990 3
2991 113
2992 116
2993 81
2994 13
2995 74
2996 1096
2997 74
2998 79
2999 25
3000 966
3001 27
3002 112
3003 91
3004 129
3005 113
3006 16
3007 969
3008 13
3009 81
3010 81
3011 21
3012 146
3013 55
3014 87
3015 802
3016 78
3017 99
3018 153
3019 80
3020 125
3021 25
3022 13
3023 666
3024 13
3025 118
3026 27
3027 75
3028 1105
3029 86
3030 144
3031 63
3032 129
3033 80
3034 74
3035 116
3036 37
3037 26
3038 680
3039 113
3040 27
3041 8
3042 27
3043 24
3044 116
3045 1106
3046 26
3047 75
3048 5
3049 33
3050 5
3051 118
3052 8
3053 23
3054 86
3055 151
3056 49
3057 87
3058 77
3059 132
3060 148
3061 151
3062 27
3063 116
3064 13
3065 86
3066 148
3067 36
3068 132
3069 16
3070 86
3071 689
3072 74
3073 809
3074 13
3075 4
3076 49
3077 39
3078 146
3079 132
3080 141
3081 27
3082 148
3083 78
3084 8
3085 31
3086 901
3087 666
3088 4
3089 132
3090 78
3091 24
3092 36
3093 47
3094 694
3095 17
3096 34
3097 27
3098 81
3099 113
3100 132
3101 8
3102 41
3103 75
3104 73
3105 74
3106 8
3107 99
3108 4
3109 112
3110 1168
3111 118
3112 116
3113 675
3114 86
3115 146
3116 49
3117 184
3118 99
3119 75
3120 113
3121 9
3122 11
3123 118
3124 86
3125 16
3126 74
3127 684
3128 13
3129 129
3130 49
3131 78
3132 75
3133 132
3134 1169
3135 129
3136 129
3137 87
3138 23
3139 708
3140 74
3141 881
3142 118
3143 91
3144 73
3145 31
3146 15
3147 692
3148 74
3149 31
3150 85
3151 47
3152 74
3153 31
3154 47
3155 8
3156 74
3157 85
3158 25
3159 101
3160 148
3161 104
3162 74
3163 11
3164 39
3165 121
3166 129
3167 13
3168 63
3169 81
3170 812
3171 46
3172 91
3173 148
3174 116
3175 16
3176 691
3177 21
3178 23
3179 702
3180 86
3181 184
3182 39
3183 91
3184 129
3185 99
3186 99
3187 137
3188 68
3189 79
3190 37
3191 8
3192 687
3193 74
3194 1102
3195 13
3196 78
3197 151
3198 702
3199 41
3200 8
3201 72
3202 74
3203 37
3204 72
3205 16
3206 17
3207 112
3208 100
3209 16
3210 129
3211 113
3212 118
3213 148
3214 81
3215 41
3216 11
3217 78
3218 16
3219 99
3220 81
3221 34
3222 49
3223 39
3224 41
3225 32
3226 113
3227 80
3228 33
3229 15
3230 13
3231 99
3232 83
3233 74
3234 33
3235 31
3236 132
3237 13
3238 4
3239 113
3240 41
3241 74
3242 25
3243 148
3244 23
3245 49
3246 118
3247 74
3248 23
3249 129
3250 809
3251 118
3252 686
3253 23
3254 4
3255 129
3256 87
3257 113
3258 75
3259 113
3260 113
3261 112
3262 27
3263 41
3264 116
3265 49
3266 675
3267 99
3268 8
3269 80
3270 86
3271 132
3272 99
3273 39
3274 78
3275 113
3276 21
3277 9
3278 75
3279 27
3280 87
3281 34
3282 34
3283 33
3284 37
3285 695
3286 1170
3287 155
3288 27
3289 137
3290 112
3291 74
3292 23
3293 51
3294 33
3295 87
3296 4
3297 41
3298 25
3299 151
3300 88
3301 13
3302 49
3303 86
3304 56
3305 99
3306 81
3307 27
3308 669
3309 37
3310 68
3311 27
3312 49
3313 13
3314 155
3315 32
3316 116
3317 13
3318 74
3319 74
3320 16
3321 113
3322 694
3323 27
3324 56
3325 47
3326 669
3327 694
3328 8
3329 27
3330 23
3331 85
3332 37
3333 86
3334 24
3335 68
3336 47
3337 63
3338 13
3339 13
3340 78
3341 37
3342 23
3343 56
3344 8
3345 86
3346 27
3347 72
3348 118
3349 79
3350 56
3351 13
3352 59
3353 132
3354 80
3355 1171
3356 31
3357 132
3358 101
3359 16
3360 132
3361 23
3362 13
3363 141
3364 104
3365 100
3366 36
3367 74
3368 116
3369 80
3370 23
3371 51
3372 680
3373 17
3374 9
3375 1106
3376 47
3377 116
3378 74
3379 16
3380 85
3381 13
3382 74
3383 968
3384 8
3385 86
3386 13
3387 116
3388 81
3389 4
3390 132
3391 56
3392 123
3393 78
3394 104
3395 75
3396 41
3397 104
3398 44
3399 34
3400 99
3401 27
3402 74
3403 99
3404 141
3405 81
3406 31
3407 116
3408 141
3409 27
3410 16
3411 87
3412 901
3413 74
3414 96
3415 34
3416 116
3417 34
3418 13
3419 16
3420 49
3421 32
3422 49
3423 694
3424 4
3425 81
3426 125
3427 1172
3428 80
3429 8
3430 4
3431 80
3432 33
3433 78
3434 81
3435 80
3436 151
3437 13
3438 25
3439 81
3440 78
3441 34
3442 37
3443 31
3444 890
3445 86
3446 47
3447 155
3448 39
3449 99
3450 74
3451 3
3452 75
3453 694
3454 99
3455 74
3456 189
3457 31
3458 112
3459 25
3460 1105
3461 32
3462 684
3463 56
3464 74
3465 132
3466 116
3467 118
3468 13
3469 3
3470 969
3471 80
3472 76
3473 74
3474 129
3475 78
3476 87
3477 702
3478 74
3479 85
