7656 41
7657 34
7658 81
7659 56
7660 148
7661 99
7662 132
7663 27
7664 101
7665 27
7666 804
7667 44
7668 27
7669 49
7670 966
7671 87
7672 104
7673 86
7674 708
7675 112
7676 74
7677 87
7678 5
7679 74
7680 8
7681 184
7682 16
7683 55
7684 132
7685 25
7686 146
7687 37
7688 695
7689 1508
7690 46
7691 75
7692 37
7693 47
7694 86
7695 85
7696 96
7697 184
7698 77
7699 677
7700 56
7701 2025
7702 51
7703 96
7704 56
7705 184
7706 74
7707 33
7708 683
7709 689
7710 146
7711 75
7712 81
7713 80
7714 73
7715 694
7716 1724
7717 21
7718 8
7719 99
7720 80
7721 81
7722 91
7723 109
7724 109
7725 25
7726 37
7727 63
7728 8
7729 141
7730 34
7731 113
7732 5
7733 56
7734 969
7735 112
7736 17
7737 91
7738 13
7739 49
7740 27
7741 17
7742 23
7743 25
7744 8
7745 72
7746 4
7747 148
7748 118
7749 41
7750 113
7751 77
7752 8
7753 5
7754 79
7755 44
7756 55
7757 13
7758 74
7759 34
7760 74
7761 76
7762 881
7763 2026
7764 101
7765 80
7766 87
7767 702
7768 68
7769 41
7770 8
7771 1431
7772 38
7773 812
7774 56
7775 87
7776 31
7777 49
7778 36
7779 3
7780 27
7781 969
7782 74
7783 24
7784 132
7785 13
7786 13
7787 47
7788 31
7789 33
7790 8
7791 4
7792 13
7793 75
7794 83
7795 13
7796 80
7797 75
7798 78
7799 99
7800 109
7801 74
7802 2027
7803 691
7804 86
7805 99
7806 32
7807 130
7808 4
7809 88
7810 72
7811 130
7812 9
7813 49
7814 184
7815 55
7816 112
7817 41
7818 113
7819 1063
7820 37
7821 1280
7822 189
7823 132
7824 51
7825 125
7826 148
7827 56
7828 16
7829 13
7830 86
7831 116
7832 708
7833 702
7834 99
7835 969
7836 2028
7837 81
7838 5
7839 88
7840 26
7841 129
7842 74
7843 32
7844 13
7845 27
7846 55
7847 17
7848 109
7849 130
7850 680
7851 79
7852 1102
7853 74
7854 11
7855 113
7856 2029
7857 129
7858 13
7859 74
7860 11
7861 81
7862 16
7863 27
7864 75
7865 49
7866 25
7867 34
7868 16
7869 81
7870 1280
7871 34
7872 81
7873 687
7874 27
7875 81
7876 153
7877 13
7878 81
7879 671
7880 146
7881 1516
7882 969
7883 31
7884 132
7885 81
7886 13
7887 141
7888 24
7889 99
7890 8
7891 1793
7892 16
7893 113
7894 27
7895 27
7896 151
7897 132
7898 33
7899 151
7900 113
7901 691
7902 13
7903 72
7904 4
7905 31
7906 17
7907 72
7908 25
7909 85
7910 8
7911 2030
7912 27
7913 41
7914 78
7915 56
7916 1280
7917 684
7918 802
7919 23
7920 132
7921 74
7922 37
7923 23
7924 130
7925 68
7926 39
7927 101
7928 5
7929 4
7930 99
7931 132
7932 13
7933 74
7934 3
7935 2031
7936 75
7937 132
7938 13
7939 86
7940 118
7941 13
7942 146
7943 118
7944 15
7945 49
7946 96
7947 26
7948 37
7949 1516
7950 1105
7951 17
7952 16
7953 113
7954 695
7955 13
7956 99
7957 694
7958 68
7959 33
7960 189
7961 2032
7962 8
7963 100
7964 49
7965 5
7966 141
7967 151
7968 34
7969 101
7970 77
7971 8
7972 86
7973 37
7974 86
7975 74
7976 23
7977 13
7978 49
7979 56
7980 109
7981 809
7982 39
7983 36
7984 33
7985 969
7986 74
7987 104
7988 8
7989 2033
7990 16
7991 33
7992 116
7993 75
7994 146
7995 85
7996 88
7997 189
7998 684
7999 15
8000 76
8001 17
8002 151
8003 31
8004 78
8005 708
8006 129
8007 118
8008 2034
8009 10
8010 81
8011 109
8012 99
8013 155
8014 694
8015 77
8016 4
8017 16
8018 116
8019 13
8020 86
8021 132
8022 74
8023 27
8024 25
8025 25
8026 31
8027 4
8028 130
8029 16
8030 148
8031 123
8032 27
8033 81
8034 63
8035 86
8036 73
8037 59
8038 37
8039 74
8040 99
8041 16
8042 25
8043 671
8044 49
8045 23
8046 694
8047 101
8048 85
8049 74
8050 37
8051 100
8052 5
8053 9
8054 116
8055 5
8056 23
8057 56
8058 132
8059 86
8060 63
8061 25
8062 155
8063 51
8064 2035
8065 99
8066 74
8067 47
8068 56
8069 113
8070 15
8071 55
8072 16
8073 148
8074 118
8075 27
8076 2036
8077 80
8078 13
8079 16
8080 74
8081 687
8082 74
8083 141
8084 1280
8085 109
8086 86
8087 113
8088 137
8089 2037
8090 39
8091 44
8092 86
8093 1279
8094 2038
8095 72
8096 104
8097 13
8098 148
8099 881
8100 15
8101 81
8102 99
8103 99
8104 31
8105 87
8106 34
8107 13
8108 87
8109 155
8110 113
8111 8
8112 113
8113 75
8114 99
8115 96
8116 666
8117 675
8118 23
8119 5
8120 99
8121 112
8122 81
8123 91
8124 79
8125 81
8126 8
8127 890
8128 78
8129 83
8130 17
8131 184
8132 708
8133 694
8134 31
8135 154
8136 86
8137 15
8138 77
8139 80
8140 51
8141 75
8142 671
8143 141
8144 673
8145 68
8146 26
8147 80
8148 708
8149 13
8150 34
8151 25
8152 74
8153 1066
8154 112
8155 113
8156 31
8157 86
8158 74
8159 31
8160 81
8161 99
8162 702
8163 74
8164 680
8165 2039
8166 87
8167 15
8168 2040
8169 39
8170 49
8171 112
8172 132
8173 86
8174 99
8175 99
8176 695
8177 33
8178 34
8179 25
8180 155
8181 1512
8182 3
8183 112
8184 132
8185 1576
8186 81
8187 34
8188 16
8189 68
8190 969
8191 85
8192 81
8193 51
8194 121
8195 142
8196 27
8197 104
8198 118
8199 9
8200 80
8201 13
8202 86
8203 101
8204 36
8205 148
8206 15
8207 901
8208 78
8209 1096
8210 27
8211 1105
8212 16
8213 99
8214 86
8215 56
8216 113
8217 31
8218 4
8219 74
8220 677
8221 99
8222 74
8223 184
8224 132
8225 112
8226 99
8227 78
8228 26
8229 13
8230 129
8231 112
8232 112
8233 153
8234 689
8235 968
8236 132
8237 75
8238 34
8239 34
8240 75
8241 86
8242 189
8243 74
8244 116
8245 113
8246 87
8247 56
8248 144
8249 702
8250 966
8251 16
8252 666
8253 75
8254 4
8255 151
8256 81
8257 33
8258 91
8259 86
8260 5
8261 104
8262 31
8263 72
8264 189
8265 8
8266 37
8267 74
8268 112
8269 113
8270 15
8271 116
8272 91
8273 118
8274 116
8275 75
8276 969
8277 44
8278 8
8279 81
8280 49
8281 126
8282 21
8283 81
8284 129
8285 113
8286 44
8287 118
8288 694
8289 34
8290 2041
8291 74
8292 1690
8293 81
8294 112
8295 87
8296 39
8297 86
8298 137
8299 33
8300 116
8301 68
8302 34
8303 68
8304 809
8305 80
8306 47
8307 75
8308 47
8309 77
8310 23
8311 81
8312 68
8313 39
8314 132
8315 104
8316 74
8317 118
8318 73
8319 677
8320 118
8321 80
8322 2042
8323 8
8324 695
8325 79
8326 74
8327 132
8328 32
8329 104
8330 80
8331 74
8332 8
8333 17
8334 23
8335 77
8336 8
8337 87
8338 85
8339 44
8340 684
8341 33
8342 21
8343 2043
8344 26
8345 80
8346 109
8347 27
8348 33
8349 86
8350 47
8351 55
