1 8
2 1
3 2
4 14
5 4
6 10
7 11
8 14
9 8
10 2
11 9
12 10
13 11
14 12
15 13
16 11
17 14
18 15
19 10
20 11
21 12
22 4
23 22
24 14
25 11
26 13
27 15
28 12
29 10
30 10
31 20
32 21
33 22
34 20
35 8
36 11
37 10
38 8
39 10
40 22
41 21
42 12
43 9
44 8
45 10
46 1
47 10
48 24
49 24
50 24
51 24
52 24
53 24
54 24
55 24
56 26
57 24
58 24
59 24
60 24
61 24
62 24
63 24
64 24
65 24
66 24
67 24
68 24
69 24
70 24
71 24
72 24
73 24
74 26
75 24
76 24
77 24
78 24
79 24
80 24
81 24
82 24
83 24
84 24
85 24
86 24
87 24
88 24
89 24
90 24
91 24
92 24
93 24
94 24
95 24
96 26
97 24
98 24
99 24
100 24
101 24
102 24
103 24
104 24
105 24
106 24
107 24
108 24
109 24
110 24
111 24
112 24
113 24
114 24
115 24
116 24
117 24
118 29
119 76
120 31
121 31
122 29
123 31
124 34
125 31
126 29
127 31
128 33
129 31
130 29
131 29
132 31
133 31
134 34
135 31
136 31
137 31
138 33
139 31
140 29
141 31
142 34
143 33
144 31
145 29
146 31
147 37
148 31
149 29
150 31
151 31
152 34
153 31
154 34
155 31
156 29
157 31
158 31
159 31
160 29
161 34
162 29
163 34
164 29
165 31
166 31
167 31
168 31
169 31
170 33
171 33
172 34
173 34
174 37
175 34
176 34
177 31
178 29
179 34
180 31
181 31
182 33
183 29
184 31
185 34
186 31
187 34
188 29
189 31
190 29
191 42
192 24
193 43
194 24
195 26
196 26
197 43
198 45
199 45
200 24
201 26
202 46
203 26
204 48
205 26
206 48
207 26
208 46
209 45
210 45
211 45
212 42
213 46
214 24
215 46
216 46
217 48
218 46
219 45
220 42
221 26
222 45
223 26
224 49
225 45
226 45
227 50
228 24
229 45
230 26
231 48
232 46
233 45
234 45
235 26
236 45
237 50
238 45
239 45
240 45
241 48
242 45
243 46
244 49
245 26
246 26
247 46
248 48
249 45
250 48
251 45
252 43
253 45
254 24
255 45
256 26
257 26
258 42
259 46
260 45
261 48
262 45
263 95
264 46
265 26
266 46
267 48
268 46
269 45
270 26
271 26
272 53
273 54
274 53
275 54
276 396
277 53
278 53
279 89
280 58
281 58
282 53
283 54
284 58
285 58
286 58
287 54
288 58
289 58
290 58
291 60
292 60
293 61
294 61
295 61
296 60
297 61
298 60
299 60
300 60
301 60
302 61
303 61
304 62
305 60
306 60
307 61
308 60
309 62
310 60
311 61
312 60
313 61
314 60
315 61
316 397
317 60
318 61
319 61
320 61
321 61
322 60
323 60
324 60
325 61
326 62
327 62
328 61
329 60
330 60
331 60
332 65
333 65
334 65
335 65
336 65
337 65
338 65
339 65
340 65
341 66
342 66
343 68
344 66
345 69
346 69
347 66
348 66
349 66
350 66
351 66
352 66
353 66
354 66
355 66
356 66
357 69
358 66
359 66
360 66
361 69
362 66
363 68
364 70
365 71
366 70
367 70
368 73
369 70
370 74
371 70
372 70
373 75
374 73
375 74
376 70
377 73
378 75
379 70
380 76
381 4
382 73
383 73
384 77
385 73
386 13
387 73
388 71
389 70
390 74
391 73
392 73
393 75
394 13
395 74
396 73
397 73
398 70
399 73
400 70
401 70
402 73
403 73
404 77
405 73
406 70
407 70
408 73
409 70
410 70
411 70
412 70
413 73
414 79
415 70
416 73
417 73
418 76
419 70
420 79
421 73
422 117
423 4
424 73
425 73
426 73
427 75
428 75
429 70
430 73
431 73
432 70
433 75
434 73
435 70
436 73
437 73
438 75
439 75
440 70
441 71
442 73
443 74
444 81
445 81
446 81
447 82
448 82
449 81
450 398
451 81
452 84
453 84
454 81
455 81
456 81
457 81
458 81
459 82
460 81
461 81
462 82
463 84
464 81
465 81
466 81
467 81
468 81
469 85
470 85
471 85
472 85
473 85
474 85
475 85
476 86
477 85
478 85
479 85
480 85
481 85
482 85
483 86
484 85
485 85
486 85
487 85
488 85
489 85
490 85
491 85
492 85
493 85
494 85
495 87
496 88
497 89
498 88
499 89
500 88
501 87
502 89
503 88
504 88
505 89
506 87
507 87
508 88
509 89
510 89
511 88
512 88
513 88
514 88
515 88
516 87
517 87
518 88
519 400
520 88
521 88
522 89
523 93
524 93
525 93
526 93
527 93
528 93
529 93
530 93
531 93
532 93
533 93
534 95
535 66
536 95
537 95
538 95
539 95
540 95
541 95
542 95
543 95
544 96
545 95
546 95
547 95
548 34
549 95
550 95
551 95
552 401
553 95
554 95
555 22
556 95
557 95
558 95
559 95
560 95
561 95
562 95
563 95
564 95
565 402
566 95
567 95
568 95
569 95
570 95
571 95
572 95
573 95
574 95
575 95
576 95
577 95
578 95
579 95
580 95
581 95
582 95
583 95
584 95
585 95
586 95
587 95
588 95
589 95
590 95
591 95
592 95
593 95
594 95
595 13
596 95
597 95
598 95
599 95
600 95
601 95
602 95
603 95
604 95
605 95
606 95
607 13
608 96
609 95
610 95
611 100
612 100
613 100
614 100
615 100
616 100
617 100
618 100
619 100
620 100
621 100
622 100
623 100
624 100
625 100
626 100
627 100
628 100
629 100
630 100
631 100
632 100
633 100
634 100
635 100
636 100
637 100
638 100
639 100
640 100
641 100
642 100
643 100
644 100
645 100
646 100
647 100
648 8
649 100
650 100
651 100
652 100
653 100
654 100
655 100
656 100
657 100
658 100
659 100
660 108
661 404
662 103
663 75
664 106
665 103
666 106
667 405
668 108
669 62
670 108
671 106
672 81
673 103
674 62
675 103
676 106
677 108
678 108
679 106
680 46
681 106
682 108
683 108
684 58
685 106
686 103
687 75
688 108
689 81
690 108
691 103
692 108
693 46
694 62
695 106
696 108
697 106
698 108
699 108
700 106
701 108
702 106
703 108
704 106
705 62
706 75
707 108
708 103
709 46
710 108
711 112
712 112
713 112
714 406
715 112
716 112
717 112
718 112
719 112
720 112
721 112
722 112
723 407
724 112
725 112
726 112
727 112
728 112
729 112
730 112
731 112
732 112
733 112
734 112
735 112
736 112
737 112
738 112
739 112
740 112
741 112
742 112
743 112
744 112
745 112
746 112
747 112
748 112
749 112
750 112
751 112
752 115
753 115
754 115
755 115
756 115
757 115
758 115
759 115
760 115
761 115
762 115
763 115
764 115
765 115
766 115
767 115
768 115
769 115
770 115
771 115
772 115
773 115
774 115
775 115
776 115
777 115
778 115
779 115
780 115
781 115
782 115
783 115
784 115
785 115
786 115
787 115
788 115
789 115
790 115
791 115
792 115
793 115
794 115
795 115
796 115
797 115
798 115
799 117
800 73
801 4
802 21
803 66
804 4
805 117
806 117
807 21
808 117
809 21
810 4
811 117
812 73
813 13
814 4
815 4
816 21
817 4
818 117
819 4
820 21
821 117
822 21
823 73
824 21
825 409
826 117
827 4
828 117
829 4
830 4
831 117
832 4
833 4
834 21
835 4
836 21
837 117
838 4
839 4
840 4
841 117
842 117
843 117
844 117
845 4
846 117
847 4
848 117
849 117
850 21
851 119
852 49
853 119
854 49
855 49
856 119
857 119
858 49
859 49
860 119
861 49
862 119
863 49
864 49
865 119
866 49
867 8
868 49
869 49
870 49
871 49
872 123
873 121
874 123
875 123
876 123
877 123
878 124
879 123
880 123
881 123
882 123
883 123
884 123
885 123
886 123
887 123
888 123
889 123
890 123
891 123
892 124
893 123
894 123
895 123
896 121
897 123
898 123
899 123
900 123
901 123
902 123
903 411
904 123
905 123
906 127
907 127
908 127
909 127
910 127
911 127
912 127
913 96
914 96
915 96
916 96
917 96
918 96
919 96
920 96
921 96
922 96
923 8
924 29
925 96
926 96
927 96
928 96
929 96
930 96
931 96
932 96
933 96
934 96
935 96
936 96
937 96
938 96
939 96
940 96
941 413
942 96
943 96
944 12
945 96
946 96
947 96
948 96
949 29
950 96
951 96
952 96
953 37
954 96
955 96
956 96
957 96
958 96
959 96
960 96
