11259 186
11260 2990
11261 7
11262 35
11263 302
11264 167
11265 37
11266 5
11267 206
11268 186
11269 55
11270 14
11271 94
11272 2
11273 18
11274 147
11275 37
11276 113
11277 185
11278 17
11279 213
11280 147
11281 857
11282 94
11283 130
11284 302
11285 879
11286 113
11287 65
11288 113
11289 16
11290 302
11291 2
11292 1157
11293 2992
11294 55
11295 113
11296 12
11297 30
11298 185
11299 46
11300 213
11301 113
11302 20
11303 167
11304 51
11305 167
11306 65
11307 7
11308 213
11309 30
11310 153
11311 147
11312 209
11313 113
11314 185
11315 63
11316 167
11317 130
11318 147
11319 213
11320 5
11321 1
11322 147
11323 46
11324 55
11325 147
11326 302
11327 110
11328 3073
11329 46
11330 206
11331 2
11332 3050
11333 886
11334 186
11335 147
11336 8
11337 63
11338 65
11339 186
11340 10
11341 135
11342 30
11343 147
11344 7
11345 113
11346 51
11347 2995
11348 7
11349 46
11350 30
11351 63
11352 148
11353 30
11354 3081
11355 167
11356 15
11357 209
11358 302
11359 7
11360 3084
11361 302
11362 3041
11363 19
11364 213
11365 113
11366 147
11367 30
11368 2813
11369 2996
11370 30
11371 186
11372 209
11373 90
11374 147
11375 147
11376 147
11377 65
11378 153
11379 17
11380 63
11381 148
11382 63
11383 57
11384 90
11385 2
11386 37
11387 147
11388 185
11389 7
11390 63
11391 55
11392 213
11393 37
11394 113
11395 102
11396 5
11397 185
11398 30
11399 35
11400 251
11401 36
11402 63
11403 94
11404 209
11405 206
11406 1
11407 54
11408 147
11409 185
11410 167
11411 113
11412 213
11413 55
11414 2226
11415 94
11416 209
11417 35
11418 167
11419 51
11420 21
11421 54
11422 55
11423 65
11424 5
11425 2997
11426 147
11427 302
11428 147
11429 31
11430 51
11431 213
11432 7
11433 46
11434 147
11435 63
11436 2
11437 167
11438 209
11439 206
11440 130
11441 206
11442 26
11443 102
11444 30
11445 7
11446 30
11447 38
11448 302
11449 5
11450 25
11451 302
11452 147
11453 186
11454 171
11455 113
11456 5
11457 26
11458 206
11459 147
11460 2998
11461 102
11462 110
11463 14
11464 147
11465 302
11466 879
11467 30
11468 147
11469 135
11470 147
11471 186
11472 251
11473 147
11474 186
11475 302
11476 55
11477 131
11478 113
11479 43
11480 2496
11481 10
11482 110
11483 113
11484 185
11485 21
11486 102
11487 30
11488 213
11489 46
11490 46
11491 206
11492 147
11493 46
11494 213
11495 90
11496 65
11497 36
11498 1616
11499 153
11500 213
11501 3000
11502 57
11503 186
11504 209
11505 183
11506 30
11507 113
11508 30
11509 186
11510 30
11511 130
11512 7
11513 63
11514 206
11515 3001
11516 2226
11517 186
11518 30
11519 51
11520 167
11521 3002
11522 251
11523 113
11524 206
11525 30
11526 130
11527 3049
11528 36
11529 185
11530 37
11531 112
11532 7
11533 130
11534 63
11535 206
11536 20
11537 30
11538 251
11539 31
11540 37
11541 3108
11542 30
11543 185
11544 213
11545 185
11546 147
11547 110
11548 115
11549 63
11550 3073
11551 3003
11552 302
11553 148
11554 206
11555 30
11556 3004
11557 2226
11558 30
11559 20
11560 186
11561 57
11562 186
11563 51
11564 115
11565 302
11566 10
11567 25
11568 147
11569 35
11570 65
11571 1566
11572 206
11573 206
11574 30
11575 213
11576 4
11577 302
11578 51
11579 102
11580 57
11581 65
11582 1571
11583 3005
11584 3006
11585 1191
11586 51
11587 30
11588 213
11589 65
11590 148
11591 147
11592 147
11593 30
11594 65
11595 5
11596 57
11597 90
11598 1996
11599 148
11600 302
11601 57
11602 147
11603 25
11604 147
11605 185
11606 3073
11607 3007
11608 30
11609 886
11610 55
11611 209
11612 302
11613 186
11614 63
11615 138
11616 90
11617 3081
11618 110
11619 302
11620 147
11621 7
11622 25
11623 3108
11624 147
11625 63
11626 206
11627 130
11628 167
11629 186
11630 3008
11631 20
11632 63
11633 147
11634 3009
11635 19
11636 65
11637 19
11638 186
11639 1566
11640 51
11641 7
11642 7
11643 30
11644 94
11645 63
11646 65
11647 186
11648 113
11649 51
11650 147
11651 7
11652 94
11653 886
11654 3050
11655 7
11656 94
11657 31
11658 7
11659 30
11660 37
11661 1191
11662 36
11663 113
11664 57
11665 21
11666 186
11667 46
11668 2
11669 186
11670 63
11671 169
11672 213
11673 251
11674 147
11675 185
11676 206
11677 4
11678 113
11679 7
11680 57
11681 135
11682 63
11683 102
11684 63
11685 94
11686 51
11687 90
11688 167
11689 251
11690 112
11691 14
11692 110
11693 7
11694 251
11695 63
11696 63
11697 54
11698 890
11699 51
11700 17
11701 26
11702 36
11703 30
11704 110
11705 7
11706 20
11707 186
11708 37
11709 20
11710 185
11711 147
11712 63
11713 46
11714 57
11715 51
11716 30
11717 20
11718 213
11719 8
11720 57
11721 1566
11722 65
11723 302
11724 65
11725 30
11726 22
11727 3012
11728 51
11729 94
11730 22
11731 302
11732 3013
11733 63
11734 7
11735 167
11736 209
11737 5
11738 206
11739 147
11740 90
11741 30
11742 113
11743 206
11744 3066
11745 26
11746 20
11747 206
11748 186
11749 115
11750 30
11751 37
11752 185
11753 65
11754 94
11755 3041
11756 879
11757 20
11758 57
11759 147
11760 30
11761 185
11762 147
11763 3014
11764 147
11765 43
11766 113
11767 209
11768 1
11769 251
11770 46
11771 94
11772 51
11773 1191
11774 51
11775 147
11776 55
11777 302
11778 302
11779 20
11780 102
11781 3073
11782 302
11783 3015
11784 886
11785 302
11786 17
11787 186
11788 21
11789 171
11790 135
11791 35
11792 30
11793 140
11794 17
11795 255
11796 147
11797 10
11798 147
11799 147
11800 3016
11801 140
11802 147
11803 302
11804 113
11805 7
11806 5
11807 46
11808 35
11809 51
11810 213
11811 37
11812 86
11813 25
11814 2469
11815 147
11816 35
11817 206
11818 10
11819 186
11820 12
11821 886
11822 30
11823 20
11824 131
11825 21
11826 30
11827 1191
11828 63
11829 147
11830 186
11831 90
11832 251
11833 20
11834 30
11835 51
11836 35
11837 51
11838 1157
11839 186
11840 186
11841 147
11842 147
11843 46
11844 251
11845 57
11846 186
11847 154
11848 186
11849 3081
11850 17
11851 147
11852 1
11853 3018
11854 147
11855 113
11856 17
11857 147
11858 147
11859 63
11860 186
11861 855
11862 147
11863 186
11864 51
11865 153
11866 12
11867 186
11868 7
11869 113
11870 110
11871 20
11872 20
11873 206
11874 37
11875 1406
11876 51
11877 12
11878 102
11879 185
11880 209
11881 183
11882 63
11883 147
11884 51
11885 153
11886 46
11887 113
11888 46
11889 3019
11890 130
11891 110
11892 7
11893 186
11894 206
11895 12
11896 113
11897 46
11898 209
11899 30
11900 113
11901 206
11902 46
11903 147
11904 185
11905 46
11906 7
11907 90
11908 8
11909 55
11910 147
11911 112
11912 115
11913 46
11914 302
11915 185
11916 148
11917 879
11918 302
11919 1191
11920 302
11921 186
11922 1
11923 51
11924 185
11925 147
11926 2
11927 186
11928 186
11929 51
11930 148
11931 15
11932 206
11933 51
11934 147
11935 65
11936 879
11937 3020
11938 1
11939 206
11940 36
11941 185
11942 57
11943 25
11944 3021
11945 65
11946 147
11947 147
11948 113
11949 147
11950 130
11951 255
11952 57
11953 147
11954 302
11955 63
11956 77
11957 3022
11958 7
11959 302
11960 20
11961 206
11962 171
11963 167
11964 206
11965 20
11966 186
11967 30
11968 110
11969 147
11970 206
11971 3048
11972 153
11973 209
11974 147
11975 147
11976 30
11977 213
11978 209
11979 251
11980 147
11981 3023
11982 18
11983 57
11984 51
11985 11
11986 30
11987 113
11988 147
11989 185
11990 46
11991 65
11992 148
11993 186
11994 148
11995 51
11996 113
11997 186
11998 3066
11999 30
12000 110
12001 302
12002 94
12003 4
12004 147
12005 130
12006 7
12007 14
12008 147
12009 30
12010 302
12011 147
12012 206
12013 35
12014 2761
12015 213
12016 5
12017 65
12018 186
12019 3024
12020 251
12021 213
12022 213
12023 46
12024 55
12025 3025
12026 65
12027 30
12028 51
12029 186
12030 130
12031 30
12032 147
12033 30
12034 209
12035 94
12036 37
12037 209
12038 7
12039 186
12040 3048
12041 302
12042 7
12043 30
12044 206
12045 213
12046 3026
12047 65
12048 65
12049 113
12050 147
12051 147
12052 65
12053 302
12054 147
12055 30
12056 51
12057 36
12058 3073
12059 1
12060 186
12061 186
12062 147
12063 2226
12064 251
12065 3027
12066 46
12067 25
12068 206
12069 46
12070 147
12071 115
12072 30
12073 135
12074 55
12075 51
12076 102
12077 30
12078 185
12079 30
12080 153
12081 46
12082 57
12083 30
12084 63
12085 302
12086 30
12087 51
12088 147
12089 1994
12090 186
12091 14
12092 185
12093 213
12094 302
12095 65
12096 1
12097 25
12098 65
12099 112
12100 186
12101 115
12102 113
12103 113
12104 185
12105 57
12106 147
12107 113
12108 30
12109 147
12110 147
12111 46
12112 186
12113 113
12114 46
12115 185
12116 213
12117 86
12118 148
12119 147
12120 65
12121 46
12122 135
12123 113
12124 147
12125 113
12126 206
12127 46
12128 186
12129 302
12130 30
12131 94
12132 147
12133 185
12134 302
12135 183
12136 102
12137 113
12138 46
12139 57
12140 251
12141 54
12142 20
12143 57
12144 35
12145 20
12146 113
12147 147
12148 51
12149 186
12150 63
12151 302
12152 147
12153 102
12154 206
12155 14
12156 46
12157 209
12158 1
12159 255
12160 20
12161 94
12162 20
12163 3028
12164 255
12165 46
12166 148
12167 213
12168 14
12169 63
12170 3073
12171 46
12172 65
12173 46
12174 209
12175 302
12176 209
12177 302
12178 1157
12179 302
12180 206
12181 30
12182 25
12183 20
12184 185
12185 130
12186 51
12187 209
12188 1994
12189 302
12190 3045
12191 186
12192 213
12193 186
12194 30
12195 25
12196 186
12197 20
12198 147
12199 63
12200 30
12201 38
12202 54
12203 255
12204 90
12205 46
12206 185
12207 30
12208 113
12209 181
12210 10
12211 185
12212 31
12213 302
12214 302
12215 186
12216 148
12217 30
12218 51
12219 57
12220 7
12221 113
12222 147
12223 12
12224 2218
12225 5
12226 46
12227 4
12228 102
12229 147
12230 147
12231 302
12232 209
12233 167
12234 26
12235 147
12236 206
12237 113
12238 26
12239 1102
12240 30
12241 113
12242 1
12243 147
12244 209
12245 153
12246 30
12247 20
12248 61
12249 19
12250 2
12251 57
12252 65
12253 113
12254 20
12255 147
12256 30
12257 147
12258 130
12259 3066
12260 148
12261 185
12262 206
12263 63
12264 7
12265 185
12266 3084
12267 65
12268 55
12269 35
12270 206
12271 147
12272 31
12273 113
12274 30
12275 57
12276 110
12277 30
12278 251
12279 185
12280 186
12281 112
12282 94
12283 1
12284 102
12285 94
12286 30
12287 135
12288 206
12289 55
12290 57
12291 20
12292 255
12293 20
12294 147
12295 46
12296 251
12297 3045
12298 302
12299 14
12300 90
12301 36
12302 147
12303 147
12304 102
12305 191
12306 147
12307 113
12308 90
12309 20
12310 186
12311 57
12312 186
12313 30
12314 94
12315 46
12316 131
12317 65
12318 213
12319 213
12320 186
12321 26
12322 147
12323 30
12324 63
12325 37
12326 2469
12327 130
12328 57
12329 51
12330 213
12331 185
12332 46
12333 51
12334 51
12335 185
12336 1178
12337 206
12338 209
12339 5
12340 102
12341 302
12342 206
12343 186
12344 113
12345 206
12346 148
12347 65
12348 36
12349 186
12350 293
12351 25
12352 302
12353 302
12354 147
12355 1157
12356 30
12357 186
12358 213
12359 1
12360 57
12361 3029
12362 213
12363 51
12364 63
12365 46
12366 147
12367 140
12368 51
12369 57
12370 185
12371 57
12372 302
12373 167
12374 130
12375 37
12376 302
12377 191
12378 130
12379 186
12380 147
12381 302
12382 12
12383 7
12384 113
12385 209
12386 213
12387 147
12388 113
12389 10
12390 3030
12391 213
12392 63
12393 102
12394 130
12395 57
12396 186
12397 206
12398 213
12399 46
12400 147
12401 206
12402 51
12403 37
12404 65
12405 51
12406 57
12407 206
12408 147
12409 185
12410 63
12411 65
12412 57
12413 31
12414 206
12415 185
12416 37
12417 147
12418 102
12419 135
12420 65
12421 17
12422 186
12423 3049
12424 18
12425 46
12426 19
12427 90
12428 185
12429 209
12430 102
12431 90
12432 147
12433 147
12434 213
12435 30
12436 20
12437 113
12438 206
12439 147
12440 65
12441 213
12442 213
12443 302
12444 3031
12445 302
12446 213
12447 3032
12448 112
12449 63
12450 1157
12451 30
12452 3033
12453 148
12454 21
12455 147
12456 113
12457 209
12458 302
12459 206
12460 147
12461 251
12462 130
12463 171
12464 51
12465 63
12466 63
12467 113
12468 206
12469 206
12470 302
12471 20
12472 30
12473 63
12474 37
12475 7
12476 302
12477 3034
12478 147
12479 46
12480 186
12481 2813
12482 65
12483 886
12484 302
12485 51
12486 886
12487 206
12488 46
12489 57
12490 147
12491 63
12492 26
12493 1161
12494 38
12495 18
12496 35
12497 206
12498 31
12499 51
12500 30
12501 7
12502 30
12503 113
12504 209
12505 251
12506 14
12507 302
12508 181
12509 113
