1922 66
1923 66
1924 66
1925 562
1926 66
1927 48
1928 73
1929 66
1930 66
1931 66
1932 66
1933 66
1934 66
1935 563
1936 48
1937 48
1938 66
1939 48
1940 562
1941 48
1942 563
1943 66
1944 66
1945 66
1946 48
1947 66
1948 66
1949 66
1950 48
1951 66
1952 66
1953 66
1954 565
1955 565
1956 565
1957 565
1958 565
1959 565
1960 565
1961 565
1962 565
1963 565
1964 565
1965 8
1966 742
1967 565
1968 565
1969 565
1970 565
1971 565
1972 565
1973 565
1974 565
1975 565
1976 565
1977 565
1978 565
1979 565
1980 565
1981 565
1982 567
1983 567
1984 455
1985 567
1986 455
1987 567
1988 89
1989 429
1990 89
1991 743
1992 89
1993 641
1994 89
1995 106
1996 565
1997 571
1998 571
1999 106
2000 106
2001 415
2002 571
2003 106
2004 571
2005 571
2006 106
2007 106
2008 106
2009 106
2010 571
2011 106
2012 106
2013 117
2014 571
2015 571
2016 106
2017 571
2018 117
2019 106
2020 106
2021 571
2022 571
2023 571
2024 106
2025 106
2026 106
2027 106
2028 106
2029 744
2030 441
2031 603
2032 441
2033 745
2034 95
2035 95
2036 95
2037 95
2038 95
2039 95
2040 95
2041 95
2042 95
2043 95
2044 95
2045 95
2046 95
2047 95
2048 95
2049 95
2050 95
2051 95
2052 95
2053 95
2054 95
2055 95
2056 95
2057 95
2058 95
2059 95
2060 431
2061 431
2062 431
2063 431
2064 431
2065 431
2066 431
2067 431
2068 431
2069 431
2070 431
2071 431
2072 500
2073 500
2074 500
2075 500
2076 500
2077 500
2078 500
2079 500
2080 500
2081 500
2082 500
2083 500
2084 500
2085 500
2086 576
2087 576
2088 576
2089 576
2090 576
2091 576
2092 576
2093 89
2094 576
2095 576
2096 576
2097 576
2098 576
2099 576
2100 576
2101 576
2102 576
2103 576
2104 576
2105 576
2106 577
2107 577
2108 577
2109 578
2110 578
2111 106
2112 578
2113 578
2114 578
2115 578
2116 578
2117 578
2118 580
2119 581
2120 581
2121 581
2122 581
2123 580
2124 581
2125 580
2126 581
2127 581
2128 581
2129 581
2130 581
2131 581
2132 581
2133 784
2134 784
2135 784
2136 784
2137 784
2138 784
2139 784
2140 784
2141 784
2142 784
2143 784
2144 784
2145 784
2146 583
2147 583
2148 583
2149 583
2150 583
2151 583
2152 583
2153 583
2154 583
2155 583
2156 583
2157 75
2158 75
2159 75
2160 75
2161 75
2162 75
2163 75
2164 75
2165 75
2166 75
2167 598
2168 746
2169 476
2170 476
2171 48
2172 103
2173 103
2174 103
2175 585
2176 103
2177 103
2178 103
2179 585
2180 103
2181 103
2182 103
2183 22
2184 103
2185 75
2186 103
2187 103
2188 103
2189 103
2190 103
2191 747
2192 103
2193 103
2194 54
2195 103
2196 103
2197 585
2198 103
2199 103
2200 103
2201 588
2202 588
2203 500
2204 29
2205 87
2206 749
2207 60
2208 591
2209 750
2210 751
2211 66
2212 598
2213 752
2214 591
2215 401
2216 401
2217 401
2218 401
2219 401
2220 401
2221 401
2222 401
2223 401
2224 401
2225 401
2226 565
2227 565
2228 565
2229 565
2230 565
2231 565
2232 565
2233 565
2234 565
2235 565
2236 565
2237 565
2238 565
2239 598
2240 598
2241 598
2242 462
2243 598
2244 598
2245 598
2246 598
2247 598
2248 598
2249 598
2250 598
2251 598
2252 494
2253 598
2254 598
2255 494
2256 598
2257 598
2258 598
2259 580
2260 598
2261 115
2262 115
2263 115
2264 115
2265 115
2266 115
2267 115
2268 115
2269 432
2270 432
2271 432
2272 432
2273 432
2274 432
2275 432
2276 432
2277 432
2278 432
2279 432
2280 432
2281 432
2282 432
2283 95
2284 432
2285 432
2286 432
2287 13
2288 432
2289 432
2290 432
2291 432
2292 432
2293 600
2294 8
2295 601
2296 600
2297 600
2298 601
2299 601
2300 600
2301 600
2302 601
2303 601
2304 601
2305 600
2306 8
2307 601
2308 601
2309 456
2310 600
2311 600
2312 601
2313 601
2314 456
2315 753
2316 603
2317 54
2318 603
2319 603
2320 603
2321 603
2322 603
2323 10
2324 10
2325 605
2326 606
2327 10
2328 10
2329 10
2330 10
2331 605
2332 10
2333 605
2334 605
2335 605
2336 10
2337 10
2338 605
2339 605
2340 605
2341 754
2342 605
2343 10
2344 605
2345 605
2346 10
2347 10
2348 605
2349 10
2350 605
2351 10
2352 605
2353 605
2354 605
2355 605
2356 10
2357 605
2358 10
2359 576
2360 10
2361 606
2362 605
2363 10
2364 10
2365 605
2366 605
2367 10
2368 10
2369 605
2370 605
2371 10
2372 605
2373 605
2374 605
2375 10
2376 10
2377 10
2378 115
2379 108
2380 108
2381 108
2382 108
2383 108
2384 108
2385 108
2386 108
2387 108
2388 476
2389 108
2390 108
2391 108
2392 108
2393 108
2394 577
2395 479
2396 577
2397 479
2398 577
2399 577
2400 577
2401 577
2402 609
2403 609
2404 609
2405 609
2406 609
2407 609
2408 609
2409 609
2410 609
2411 609
2412 609
2413 609
2414 609
2415 609
2416 488
2417 58
2418 58
2419 58
2420 58
2421 755
2422 58
2423 82
2424 565
2425 565
2426 565
2427 565
2428 565
2429 415
2430 432
2431 415
2432 415
2433 415
2434 415
2435 415
2436 415
2437 432
2438 415
2439 443
2440 415
2441 415
2442 415
2443 415
2444 415
2445 415
2446 415
2447 415
2448 415
2449 415
2450 415
2451 415
2452 432
2453 415
2454 432
2455 415
2456 415
2457 415
2458 474
2459 96
2460 474
2461 474
2462 474
2463 474
2464 474
2465 474
2466 474
2467 474
2468 401
2469 611
2470 611
2471 611
2472 611
2473 611
2474 11
2475 11
2476 11
2477 11
2478 11
2479 563
2480 11
2481 11
2482 11
2483 11
2484 11
2485 500
2486 500
2487 500
2488 500
2489 500
2490 500
2491 500
2492 614
2493 614
2494 614
2495 614
2496 614
2497 614
2498 614
2499 614
2500 614
2501 614
2502 614
2503 614
2504 614
2505 615
2506 615
2507 615
2508 615
2509 615
2510 615
2511 615
2512 615
2513 615
2514 615
2515 618
2516 756
2517 618
2518 618
2519 618
2520 619
2521 619
2522 619
2523 619
2524 619
2525 619
2526 619
2527 619
2528 619
2529 619
2530 619
2531 619
2532 619
2533 619
2534 619
2535 619
2536 619
2537 619
2538 619
2539 578
2540 127
2541 565
2542 757
2543 435
2544 127
2545 622
2546 103
2547 758
2548 565
2549 622
2550 759
2551 565
2552 760
2553 565
2554 117
2555 117
2556 117
2557 565
2558 117
2559 565
2560 626
2561 626
2562 626
2563 626
2564 627
2565 627
2566 627
2567 627
2568 627
2569 627
2570 627
2571 438
2572 627
2573 627
2574 627
2575 627
2576 627
2577 627
2578 415
2579 46
2580 415
2581 46
2582 46
2583 46
2584 629
2585 629
2586 629
2587 469
2588 61
2589 469
2590 469
2591 123
2592 61
2593 61
2594 469
2595 469
2596 469
2597 61
2598 61
2599 469
2600 469
2601 61
2602 61
2603 123
2604 469
2605 469
2606 469
2607 627
2608 627
2609 627
2610 627
2611 627
2612 627
2613 627
2614 627
2615 627
2616 627
2617 627
2618 631
2619 65
2620 65
2621 65
2622 65
2623 65
2624 631
2625 65
2626 633
2627 633
2628 31
2629 31
2630 31
2631 96
2632 462
2633 21
2634 93
2635 112
2636 462
2637 618
2638 618
2639 21
2640 761
2641 462
2642 112
2643 462
2644 21
2645 462
2646 462
2647 95
2648 437
2649 437
2650 95
2651 437
2652 437
2653 437
2654 31
2655 636
2656 636
2657 636
2658 636
2659 636
2660 87
2661 87
2662 87
2663 87
2664 762
2665 637
2666 637
2667 637
2668 637
2669 637
2670 637
2671 500
2672 500
2673 500
2674 96
2675 427
2676 96
2677 401
2678 638
2679 638
2680 638
2681 638
2682 638
2683 600
2684 600
2685 600
2686 600
2687 86
2688 86
2689 86
2690 86
2691 86
2692 86
2693 86
2694 86
2695 45
2696 45
2697 45
2698 45
2699 37
2700 37
2701 37
2702 37
2703 37
2704 37
2705 37
2706 37
2707 571
2708 571
2709 571
2710 571
2711 571
2712 619
2713 619
2714 844
2715 29
2716 817
2717 844
2718 53
2719 53
2720 53
2721 53
2722 53
2723 53
2724 53
2725 763
2726 581
2727 581
2728 115
2729 115
2730 581
2731 581
2732 581
2733 641
2734 641
2735 641
2736 641
2737 641
2738 641
2739 641
2740 450
2741 450
2742 450
2743 450
2744 450
2745 627
2746 627
2747 627
2748 627
2749 11
2750 11
2751 11
2752 642
2753 642
2754 642
2755 642
2756 42
2757 29
2758 456
2759 643
2760 643
2761 817
2762 82
2763 472
2764 472
2765 644
2766 644
2767 11
2768 644
2769 578
2770 578
2771 578
2772 645
2773 645
2774 764
2775 95
2776 95
2777 103
2778 648
2779 648
2780 648
2781 648
2782 648
2783 648
2784 648
2785 648
2786 648
2787 648
2788 648
2789 34
2790 648
2791 648
2792 648
2793 648
2794 648
2795 648
2796 648
2797 648
2798 648
2799 648
2800 648
2801 648
2802 648
2803 648
2804 648
2805 648
2806 648
2807 85
2808 648
2809 648
2810 648
2811 648
2812 648
2813 648
2814 648
2815 648
2816 648
2817 648
2818 648
2819 648
2820 648
2821 648
2822 648
2823 648
2824 648
2825 648
2826 649
2827 649
2828 649
2829 649
2830 649
2831 649
2832 649
2833 649
2834 649
2835 649
2836 649
2837 649
2838 649
2839 649
2840 649
2841 649
2842 649
2843 649
2844 649
2845 649
2846 649
2847 649
2848 649
2849 649
2850 649
2851 649
2852 649
2853 649
2854 649
2855 649
2856 649
2857 649
2858 649
2859 649
2860 649
2861 649
2862 649
2863 649
2864 649
2865 649
2866 649
2867 649
2868 649
2869 649
2870 649
2871 649
2872 649
2873 649
2874 649
2875 649
2876 649
2877 649
2878 649
2879 649
2880 649
2881 649
2882 649
