2856 1703
10389 1609
1942 1716
8049 1620
5150 1620
9052 1705
944 1620
6336 1716
10577 1716
5383 1703
7288 1620
1149 1620
5146 1622
5029 1717
5470 1620
3373 1716
9587 1716
2749 1716
10708 1716
3635 1705
6327 1620
6254 1717
1226 1622
7760 1620
3559 1622
2622 1716
2414 1622
4968 1716
5046 1716
8997 1705
10181 1609
8653 1620
9970 1622
7184 1716
282 1620
1738 1620
5349 1717
1420 1716
8654 1620
7246 1716
2034 1620
453 1622
882 1720
5462 1620
3465 1622
10114 1609
3487 1705
4575 1716
6537 1622
4088 1843
11015 1622
10718 1716
7784 1622
4631 1620
9228 1622
3412 1622
10013 1716
2379 1716
5869 1622
8838 1622
7801 1620
4892 1844
9385 1716
18 1716
410 1716
980 1620
6980 1705
4697 1622
4900 1620
7240 1622
9687 1717
712 1620
9169 1620
9218 1622
7017 1620
9154 1622
5654 1620
3911 1620
7349 1620
1782 1622
5631 1620
4074 1716
2490 1620
2320 1716
3583 1716
8224 1622
9269 1620
8993 1620
10921 1609
9506 1723
10314 1620
1934 1622
992 1620
1878 1716
1540 1620
10012 1622
6832 1609
7847 1716
9026 1705
6286 1622
1287 1705
6855 1716
6557 1622
2458 1620
3913 1703
3982 1622
10787 1609
9830 1622
10158 1620
7150 1622
382 1620
7574 1620
5775 1622
9197 1609
446 1716
3350 1705
6936 1620
4878 1716
8927 1622
3593 1620
1932 1620
6520 1622
8896 1622
5861 1622
2237 1620
321 1620
3730 1716
1041 1717
5322 1716
1163 1622
744 1622
10699 1705
1963 1620
7471 1622
3156 1620
9618 1620
5263 1716
4682 1716
4791 1716
2621 1620
5101 1703
6927 1705
8576 1717
5558 1716
7169 1620
7782 1620
3133 1622
8533 672
1251 1703
6759 1620
1639 1620
5679 1705
7266 1622
2608 1620
4927 1620
2465 1705
1736 1622
10069 1705
6427 1609
5345 1620
10016 1622
48 1716
9532 1620
10994 1609
3072 1620
8252 1703
9908 1705
3033 1705
7476 1620
10507 1716
8383 1622
4826 1716
6804 1620
10622 1622
4397 1620
2551 1622
9094 1622
4597 1622
4540 1622
3274 1705
7713 1705
5735 1622
9706 1705
1500 1620
3413 1620
9537 1716
2974 1620
6343 1705
2403 1622
124 1620
10698 1609
5416 1620
443 1620
566 1620
2470 1620
1517 1716
3690 1620
10780 1622
7937 1622
9100 1620
7241 1716
7155 1620
2129 1620
1664 1705
10963 1620
4520 1716
5538 1705
8590 1620
6541 1622
7765 1705
7741 1716
3485 1620
4732 1622
2912 1620
3206 1716
7202 1620
1643 1622
10135 1716
8887 1705
5317 1622
9931 1845
2628 1622
7547 1609
4242 1716
7487 1622
11001 1622
4990 1705
1633 1620
4359 1622
9682 1620
8678 1620
7183 1609
8812 1620
689 1716
6833 1620
4026 1620
2704 1620
3930 1620
548 1620
6074 1716
1894 1846
9178 1622
5703 1620
10597 1705
5998 1620
4422 1620
4338 1622
6825 1609
3140 1620
2017 1622
7781 1847
860 1620
6101 1622
5843 1622
9526 1705
1439 1620
3969 1716
10552 1705
3600 1705
6345 1716
1437 1620
3772 1620
1591 1620
1174 1622
9539 1716
9781 903
3 1703
5078 1620
2730 1716
625 1705
2717 1716
7736 1716
10241 1622
5818 1622
1453 1620
1857 1622
2322 1622
7662 1622
502 1622
9502 1622
9065 1609
8542 1609
10230 1620
8694 1620
3863 1622
9829 1705
6529 1620
1093 1620
3367 1620
6026 1620
1615 1620
1434 1716
868 1717
195 1620
8715 1620
600 1620
2147 1716
2807 1622
8851 1716
7931 1622
8333 1716
1203 1622
9843 1609
9534 1705
8034 1723
7374 1620
6113 1705
8184 1622
2144 1848
8913 1705
8646 1716
646 1620
2476 1620
8959 1705
665 1622
8629 1622
10392 1620
4901 1622
900 1716
642 1705
7238 1717
74 1622
5600 1620
10062 1609
6919 1620
703 1705
10323 1620
254 1705
4073 1703
10778 1716
3645 1620
1602 1705
4145 1705
3455 1620
6357 1717
9034 1620
10326 1622
9296 1716
517 1622
2292 1622
5132 1622
5612 1620
8599 1705
10417 1705
3319 1620
5994 1609
5081 1716
2252 1620
10544 1609
10160 1622
1265 1620
9968 1620
3304 1717
4372 1705
8595 1620
940 1620
4808 1716
8147 1705
3766 1622
2724 1620
2018 1620
9507 1622
2841 1622
6306 1705
8988 1717
8001 1716
3765 1620
5423 1620
3852 1620
2594 1620
4212 1620
2802 1716
1001 1620
8430 1609
6244 1716
5674 1622
5999 1620
9942 1622
9413 1620
5133 1622
369 1620
9820 1622
10748 1620
4123 1620
8566 1705
2251 1705
1305 1620
5446 1703
2777 1622
10456 1620
5834 1622
9983 1620
10073 1720
9428 1849
5543 1620
737 1717
2280 1622
11007 1716
637 1620
6285 1620
5605 1705
6359 1716
4258 1705
1962 1716
7208 1705
1183 1620
3202 1620
9790 1622
10918 1609
8058 1622
9818 1717
4149 1620
7300 1703
9528 1609
10367 1716
2103 1620
7408 1850
5017 1716
5071 1622
3556 1703
4383 1622
3753 1620
8955 1716
10876 1622
8219 1620
5808 1851
3707 1705
2877 1716
2967 1620
3967 1620
4982 1716
8243 1620
5789 1705
9554 1609
1753 1622
934 1620
2440 1620
7933 1620
6785 1703
1880 1620
8357 1622
1950 1705
5943 1723
3079 1622
9516 1620
10022 1705
6974 1622
397 1716
4322 1622
5891 1622
9811 1622
8130 1716
5295 1620
5542 1705
8789 1609
5847 1620
10349 1622
6902 1622
5074 1620
962 1622
9844 1620
3909 1620
4939 1620
3603 1620
6522 1622
3271 1622
2102 1622
8813 1609
2893 1705
7103 1716
10441 903
7580 1620
10799 1622
4452 1716
5770 1703
9405 1622
8819 1620
4874 1620
4171 1716
5668 1705
5532 1716
3236 1622
1134 1620
4711 1716
985 1620
3799 1620
438 1620
8039 1620
2332 1620
2803 1705
6003 1705
7025 1716
9832 1609
1252 1705
6951 1705
9438 1622
7642 1620
6821 1620
6996 1705
259 1705
8314 1622
7734 1609
827 1620
750 1622
705 1703
10807 1622
6195 1609
2850 1622
7985 1609
8561 1716
5369 1716
10025 1705
3769 1620
1696 1620
7198 1705
5912 1716
2537 1620
8636 1620
6881 1705
4139 1622
5441 1716
5130 1723
4835 1716
1299 1620
9083 1620
5953 1620
6475 1609
7882 1609
7287 1620
230 1622
6630 1620
9893 1622
10523 1620
9102 1716
3762 1622
4111 1622
5573 1716
10669 1609
3241 1620
6180 1620
8667 1705
8948 1620
5152 1622
1145 1620
4780 1620
7633 1703
3023 1703
9325 1620
7014 1716
10987 1622
8594 1620
11047 1705
9512 1620
7141 1716
7490 1620
4183 1620
6466 1622
9243 1705
4385 1705
2370 1620
8276 1609
5070 1622
2814 1622
8450 1609
5892 1716
9879 1622
8331 1620
3861 1620
10953 1620
9640 672
7116 1705
5725 1705
704 1620
9187 1622
6979 1620
6559 1716
7720 1705
1790 1622
1532 1620
213 1620
9788 1620
1158 1622
3651 1703
6225 1705
10739 1622
10445 1716
163 1620
2452 1622
766 1620
8911 1609
6151 1716
157 1705
2858 1622
5955 1609
9013 1620
4343 1716
1270 1716
3464 1620
319 1620
7124 1622
471 1723
11085 1620
1308 1705
10840 1620
11033 1622
10795 1620
3493 1622
5401 1620
4032 1622
9650 1705
1780 1620
1317 892
7506 1620
10312 1620
3620 1620
2436 1716
7515 1622
3193 1620
8190 1609
7333 1716
727 1620
1384 1716
1515 1620
8739 1609
381 1703
8322 1717
9873 1609
9639 1622
7140 1716
7951 1716
7312 1622
916 1622
9049 1609
3343 1705
5741 1716
3087 1703
6747 1620
8139 1705
5491 1622
3095 1716
8688 1609
4517 1620
8387 1622
2920 1620
442 1622
3162 1620
7102 1620
1711 1620
5931 1705
2713 1622
4582 1622
7394 1717
10548 1620
7835 1609
1063 1703
2540 1620
11106 1705
2945 1723
185 1622
3402 1620
6198 1716
1496 1622
7906 1716
2598 1620
10955 1609
9595 1622
1444 1620
10117 1620
8803 1716
3991 1716
7418 1705
8236 1622
8021 1622
10052 1620
8563 1705
5375 1620
9559 1620
9140 1622
2662 1716
7114 1716
5084 1620
4131 1620
1606 1620
8330 1731
2411 1620
626 888
324 1620
4485 888
8291 1620
6246 1852
6191 1620
7406 1731
4605 1620
5351 1853
539 1620
7080 1854
