10440 13
10441 32
10442 31
10443 151
10444 86
10445 17
10446 692
10447 37
10448 1063
10449 148
10450 34
10451 4
10452 75
10453 81
10454 78
10455 86
10456 74
10457 87
10458 24
10459 700
10460 23
10461 155
10462 91
10463 5
10464 189
10465 27
10466 113
10467 81
10468 10
10469 113
10470 86
10471 113
10472 153
10473 184
10474 96
10475 75
10476 2374
10477 10
10478 8
10479 47
10480 16
10481 184
10482 32
10483 694
10484 1516
10485 91
10486 8
10487 27
10488 99
10489 692
10490 137
10491 81
10492 1512
10493 695
10494 113
10495 41
10496 132
10497 129
10498 80
10499 2375
10500 683
10501 99
10502 2376
10503 27
10504 33
10505 31
10506 80
10507 17
10508 72
10509 33
10510 96
10511 132
10512 109
10513 112
10514 694
10515 15
10516 36
10517 151
10518 74
10519 129
10520 78
10521 100
10522 113
10523 74
10524 21
10525 189
10526 83
10527 24
10528 99
10529 116
10530 27
10531 8
10532 113
10533 109
10534 104
10535 33
10536 32
10537 25
10538 31
10539 75
10540 31
10541 666
10542 51
10543 81
10544 969
10545 1383
10546 708
10547 24
10548 74
10549 112
10550 27
10551 75
10552 78
10553 85
10554 116
10555 41
10556 87
10557 8
10558 708
10559 86
10560 27
10561 116
10562 8
10563 81
10564 109
10565 113
10566 49
10567 113
10568 75
10569 87
10570 27
10571 24
10572 13
10573 112
10574 81
10575 63
10576 15
10577 17
10578 88
10579 77
10580 75
10581 112
10582 37
10583 59
10584 694
10585 151
10586 104
10587 72
10588 56
10589 31
10590 689
10591 74
10592 13
10593 804
10594 153
10595 966
10596 80
10597 80
10598 112
10599 24
10600 75
10601 86
10602 16
10603 189
10604 39
10605 85
10606 121
10607 74
10608 33
10609 86
10610 15
10611 13
10612 154
10613 116
10614 13
10615 56
10616 47
10617 13
10618 80
10619 72
10620 146
10621 13
10622 132
10623 80
10624 130
10625 692
10626 37
10627 692
10628 77
10629 74
10630 26
10631 74
10632 51
10633 126
10634 39
10635 75
10636 72
10637 113
10638 4
10639 31
10640 41
10641 81
10642 87
10643 33
10644 86
10645 129
10646 31
10647 47
10648 116
10649 87
10650 966
10651 113
10652 86
10653 116
10654 154
10655 118
10656 85
10657 80
10658 1576
10659 118
10660 708
10661 81
10662 91
10663 87
10664 16
10665 9
10666 4
10667 146
10668 25
10669 969
10670 99
10671 13
10672 130
10673 155
10674 118
10675 112
10676 85
10677 51
10678 146
10679 153
10680 51
10681 68
10682 23
10683 80
10684 683
10685 11
10686 5
10687 47
10688 38
10689 96
10690 112
10691 146
10692 129
10693 132
10694 31
10695 146
10696 49
10697 148
10698 969
10699 80
10700 901
10701 104
10702 96
10703 694
10704 8
10705 44
10706 86
10707 13
10708 17
10709 9
10710 4
10711 113
10712 142
10713 13
10714 675
10715 2377
10716 146
10717 85
10718 17
10719 116
10720 16
10721 4
10722 99
10723 104
10724 13
10725 96
10726 74
10727 75
10728 13
10729 23
10730 116
10731 34
10732 4
10733 99
10734 88
10735 87
10736 146
10737 99
10738 85
10739 132
10740 21
10741 671
10742 44
10743 79
10744 669
10745 695
10746 692
10747 51
10748 74
10749 137
10750 75
10751 680
10752 78
10753 189
10754 9
10755 4
10756 26
10757 86
10758 689
10759 112
10760 5
10761 91
10762 33
10763 8
10764 101
10765 144
10766 113
10767 37
10768 113
10769 76
10770 47
10771 75
10772 31
10773 129
10774 63
10775 81
10776 9
10777 86
10778 17
10779 809
10780 132
10781 700
10782 153
10783 74
10784 44
10785 104
10786 23
10787 969
10788 99
10789 91
10790 37
10791 16
10792 13
10793 99
10794 137
10795 74
10796 13
10797 802
10798 77
10799 132
10800 10
10801 3
10802 708
10803 694
10804 881
10805 675
10806 68
10807 132
10808 31
10809 683
10810 91
10811 56
10812 1516
10813 3
10814 86
10815 9
10816 23
10817 74
10818 77
10819 5
10820 46
10821 37
10822 56
10823 24
10824 99
10825 27
10826 33
10827 99
10828 153
10829 75
10830 13
10831 37
10832 33
10833 39
10834 129
10835 121
10836 23
10837 80
10838 2378
10839 81
10840 74
10841 41
10842 31
10843 99
10844 44
10845 21
10846 1063
10847 101
10848 15
10849 8
10850 675
10851 15
10852 99
10853 104
10854 1096
10855 86
10856 4
10857 86
10858 44
10859 77
10860 16
10861 81
10862 37
10863 141
10864 41
10865 34
10866 86
10867 75
10868 137
10869 680
10870 695
10871 72
10872 109
10873 129
10874 49
10875 33
10876 132
10877 33
10878 104
10879 72
10880 27
10881 37
10882 72
10883 966
10884 8
10885 8
10886 55
10887 77
10888 112
10889 44
10890 31
10891 85
10892 74
10893 41
10894 112
10895 86
10896 86
10897 118
10898 132
10899 21
10900 74
10901 79
10902 2379
10903 691
10904 32
10905 72
10906 13
10907 8
10908 31
10909 74
10910 3
10911 34
10912 41
10913 81
10914 146
10915 112
10916 86
10917 79
10918 969
10919 113
10920 31
10921 969
10922 13
10923 684
10924 81
10925 32
10926 47
10927 51
10928 184
10929 13
10930 86
10931 47
10932 112
10933 116
10934 680
10935 708
10936 99
10937 9
10938 24
10939 118
10940 21
10941 118
10942 47
10943 33
10944 890
10945 85
10946 148
10947 24
10948 86
10949 27
10950 91
10951 3
10952 694
10953 74
10954 86
10955 969
10956 13
10957 99
10958 2380
10959 15
10960 677
10961 74
10962 708
10963 74
10964 74
10965 129
10966 16
10967 4
10968 189
10969 74
10970 146
10971 78
10972 36
10973 81
10974 118
10975 21
10976 77
10977 81
10978 74
10979 83
10980 21
10981 9
10982 2381
10983 78
10984 38
10985 116
10986 99
10987 132
10988 708
10989 39
10990 44
10991 86
10992 118
10993 146
10994 969
10995 140
10996 34
10997 37
10998 686
10999 81
11000 666
11001 132
11002 8
11003 189
11004 77
11005 68
11006 27
11007 17
11008 27
11009 153
11010 23
11011 26
11012 16
11013 85
11014 56
11015 132
11016 38
11017 24
11018 75
11019 99
11020 79
11021 116
11022 86
11023 86
11024 113
11025 87
11026 44
11027 16
11028 137
11029 31
11030 81
11031 24
11032 24
11033 132
11034 47
11035 81
11036 81
11037 41
11038 901
11039 34
11040 702
11041 86
11042 148
11043 74
11044 73
11045 8
11046 75
11047 80
11048 1793
11049 32
11050 11
11051 11
11052 10
11053 113
11054 36
11055 155
11056 153
11057 80
11058 11
11059 39
11060 8
11061 3
11062 77
11063 31
11064 151
11065 694
11066 154
11067 21
11068 33
11069 671
11070 132
11071 2382
11072 13
11073 966
11074 34
11075 116
11076 49
11077 689
11078 116
11079 104
11080 4
11081 91
11082 8
11083 8
11084 677
11085 74
11086 47
11087 68
11088 47
11089 113
11090 109
11091 2383
11092 692
11093 68
11094 86
11095 37
11096 881
11097 32
11098 36
11099 8
11100 5
11101 47
11102 37
11103 99
11104 75
11105 1512
11106 80
11107 15
11108 27
11109 154
