4395 1505
886 1607
4095 1606
936 1607
7273 1607
8093 33
5308 809
10228 1608
6888 1608
7151 1505
3936 1613
6216 1410
2918 1608
9364 1505
5513 1608
4339 1618
4744 1505
2449 1505
1146 1608
401 1606
3828 1067
1470 1505
1456 1608
1830 1613
6761 1410
10618 1505
1971 1410
2646 1614
7678 1614
5353 1615
5760 1410
4348 794
9419 1614
5419 1410
3973 1614
2790 1607
1186 1505
3227 1613
7301 1607
4113 1505
4379 1410
140 1608
6093 1608
2612 1505
1488 1606
6307 1606
5047 1505
4126 1608
3109 1608
970 1505
8171 1608
4213 794
3148 1606
2242 1613
5946 1505
3529 1606
651 1614
7816 1608
7278 1606
8022 1606
2849 1607
7604 1505
1043 1614
1336 1606
4497 1606
1845 1607
8580 1606
11044 1615
3269 1505
4653 1608
8225 1608
6791 1410
2949 1607
7676 1410
10506 1505
9921 1477
2787 1410
5736 1613
1839 794
9657 1608
2549 1606
4857 1607
7610 1505
1355 1606
5597 1608
3540 1606
3718 1505
3233 1410
1339 1618
7853 1410
5863 1410
11057 1505
10239 1615
419 1615
7367 1410
752 1606
4536 1505
9312 1614
9468 1477
6317 1410
1170 1610
4541 1505
9858 1608
9116 1608
6456 1828
5533 1505
7975 1606
2216 1607
8376 1613
9025 1505
2955 1505
3382 1607
5510 1606
6322 1606
3261 1610
9522 1608
7842 794
2933 1608
673 1618
2136 1606
2182 1608
3431 1505
2081 1606
8434 1477
1455 1613
6481 1615
4064 1607
8623 1802
7429 1410
6342 1067
4175 1410
5467 1505
862 794
5154 1410
8260 1614
1983 1607
9933 1621
4921 1608
5521 1614
1505 1608
9704 1399
10894 1608
8854 1608
3940 33
1345 1615
8036 1615
3290 1608
6502 1607
9693 1618
8267 1606
4091 1607
8305 1505
4737 1410
8404 1608
870 1607
3927 1410
10038 1608
1448 1608
2430 1618
8830 1608
770 1614
8121 1608
8820 1608
2113 1410
1960 1608
6110 1608
8200 1613
8821 1505
4922 1608
5219 1608
6152 1614
492 1607
53 1608
6212 1505
439 1606
7420 1608
2775 1410
2419 1606
7567 1614
10837 1505
1760 1410
1673 1613
7643 1607
1943 1608
7645 1614
2811 1618
2325 1608
7679 1606
1877 1614
2336 1613
4839 1614
304 1615
3938 794
1863 1614
1806 1410
6288 1606
3748 1615
6784 1614
2853 1608
1758 1614
322 1505
1430 1614
5075 1607
4683 1615
7064 1505
416 779
3471 1505
2056 1608
4469 1614
6662 1614
8326 1410
3736 1606
7485 1613
2691 1606
3311 1608
7331 1410
8888 1615
7544 1505
3675 1607
1161 1410
1968 1803
2824 1410
2995 1606
1712 1607
7986 1607
1458 1608
4957 1505
7148 1505
8770 1804
3354 1505
7630 794
6114 1608
3435 1505
7921 1607
8318 1615
7279 1606
3428 1505
1817 794
1033 1608
10436 1805
6680 1607
815 1606
325 1505
913 1606
9840 1608
8597 1606
1050 1608
5885 1613
6796 1606
8990 1618
5783 1608
3318 1607
9289 1505
3627 1615
7753 1614
4765 1618
7460 1410
8222 794
2387 1806
2884 1608
2653 1606
5335 1607
3207 1610
761 1410
2486 1607
5616 1607
2301 1614
668 1606
2696 1505
8080 1410
3586 1606
6844 1608
3717 1608
6862 1614
6527 1410
6968 1614
7714 1615
2822 1606
780 1608
2160 1410
2592 1606
10915 1608
2233 1505
5123 1615
7611 1607
1902 1608
9562 1608
4269 794
3002 1608
4323 1505
7758 1607
92 1613
4510 1606
5068 1608
2997 1410
2211 1607
6850 1410
7634 794
9181 1614
3247 1606
6 1614
4408 1607
9518 1608
1247 1615
8601 1410
5785 1606
9585 1505
757 1608
1049 1606
2426 1614
10581 1608
9177 1614
9221 1618
7732 1614
6483 1607
1706 1608
5165 1613
7330 1608
6311 1608
9936 1608
10657 1505
8440 1607
2812 1608
1239 1615
10352 1807
5949 1505
4590 1505
6705 1608
6895 1808
4360 1608
7213 1614
8457 1607
7859 1606
8082 1606
1690 1606
5910 1606
1870 1828
5169 1608
7706 1606
2567 1613
7206 1505
7077 1607
6250 1410
1025 1613
3458 1608
3732 1608
6601 1505
6338 1606
8163 1606
519 1614
9246 1608
7345 1606
10463 1614
7989 1608
1283 1607
820 1606
5378 1614
5627 1505
84 1615
7117 1614
4480 1614
854 1608
9212 1613
6291 1410
5265 1613
10932 1608
2715 1614
1908 1608
6019 1505
10598 1608
6248 1505
4848 1608
3668 1608
9786 1505
10549 1608
3369 1505
3378 1606
1575 1606
9001 1613
1873 1505
8538 1606
9009 1477
6040 1607
3019 1505
10513 1610
3104 1615
1400 1606
7428 1410
8066 1606
3144 1615
10690 1608
9294 1505
5961 1606
2347 1618
6142 1606
1362 1606
4980 1608
2679 1607
2582 1615
8119 1614
769 1607
5761 1606
8138 1395
2942 1410
1092 1608
6075 1618
7598 1606
7421 1607
941 1410
10498 1505
3664 1606
8321 1613
4940 1606
8954 1608
97 1614
4008 794
7257 1608
3034 1607
1457 1606
3105 1410
6235 1505
8183 1608
9667 1608
8869 1613
8345 1505
7450 1606
2107 1606
4087 1505
5373 1610
10188 1505
5922 1607
6548 1607
146 1608
5390 1608
8232 1608
897 1613
10675 1608
8521 1615
1162 1809
7652 1607
6156 1606
8800 1608
8545 1607
10686 1614
6051 1608
2119 1399
1546 1608
1492 1614
7525 1505
1899 1410
7735 1608
9803 1477
10284 1505
825 1615
4411 1608
6402 1606
9958 1477
2810 1610
6505 1606
227 1505
3450 1607
919 1614
1889 1610
1382 1505
530 1608
3808 1505
498 1606
172 1505
1407 1505
10071 1505
10164 1505
10759 1608
3291 1410
1281 1607
7647 1613
6714 1613
7965 1614
4725 1607
376 1615
3778 1613
8758 1614
6339 1615
4604 1606
5529 1608
4316 1505
6814 1614
6234 1410
6424 1410
7452 1410
3427 1810
8985 1608
10760 1614
4888 1613
2624 1606
1322 1505
5243 1614
8158 1606
8154 1608
5001 1608
10683 1505
4785 1606
242 1607
326 1614
3845 1505
5170 1607
4374 1410
7675 1618
5559 1608
3126 1607
9616 1608
8543 1607
6419 1613
3550 1608
21 809
5262 1505
762 1505
6460 1505
5781 1607
3612 1054
4713 1607
2690 1608
1716 1606
7651 1505
2432 1608
8077 1505
6829 1410
9817 1608
8620 1608
2835 1410
1213 1614
1762 1399
4596 1608
2938 794
10009 1505
8316 1410
9597 1608
5428 1410
2338 1606
6818 1606
2448 1613
1179 1410
6104 794
8052 1614
4686 1608
5463 1606
2303 1608
6823 1608
6270 1615
367 1608
2538 1607
11000 1477
2285 1505
2243 1505
8392 1613
1768 1505
8728 1608
6715 1615
3473 1607
1078 1606
3478 1606
5437 1607
10199 1477
6265 1607
5008 1410
2427 1606
5988 1618
6281 1607
1651 1615
5497 1608
2046 1618
6935 1613
7008 1614
7794 1811
3152 1606
1576 1505
6681 33
7156 1607
4812 1607
9917 1613
6663 1613
8152 1410
1150 1608
3680 1606
4531 1505
6651 1614
9628 1614
7666 1615
1280 1608
9769 1608
2848 1410
2513 1610
616 1606
85 1606
2385 1606
2371 1607
8075 1608
3886 1608
2530 1613
3679 1608
7796 1613
9764 1618
3796 1606
203 1607
3681 1607
8055 1614
1397 1505
2128 1615
7052 1606
2365 1410
285 1615
6476 1606
8535 1606
279 1607
1997 1505
3048 1614
7482 1410
1463 1613
7044 1812
218 1410
4795 1608
575 1606
10819 1614
9042 21
5807 1613
6064 1608
4154 1410
10541 1477
3898 1410
3800 1608
8294 1608
1385 1505
7132 1606
4333 1606
5972 1607
4775 1606
4728 1614
6910 1614
2016 1618
252 1606
5026 1608
1330 1608
1020 1621
2481 1505
4684 1614
6031 1607
425 794
5708 1606
3998 1606
8696 1614
6042 1610
2412 1606
462 1505
1193 1614
9431 1613
2975 1608
1958 1505
1654 1615
10560 1608
5509 1505
698 1505
8231 1608
9029 1608
4626 1608
6320 1606
10596 1505
4464 1505
7157 1606
6358 1608
5567 1606
3050 1614
2337 1608
8448 1606
272 1410
206 1608
9245 1608
4158 1505
347 794
9262 1477
3854 1608
7838 1614
1349 1813
10089 1061
10534 1636
205 1814
7888 1815
23 1816
2896 1817
8167 1818
6841 1819
8544 1820
10723 1636
634 1219
6985 1821
1632 1822
4777 1636
10851 1823
