2088 85
2089 113
2090 91
2091 15
2092 8
2093 24
2094 125
2095 49
2096 116
2097 129
2098 113
2099 33
2100 49
2101 3
2102 132
2103 74
2104 78
2105 78
2106 64
2107 74
2108 41
2109 55
2110 25
2111 985
2112 781
2113 74
2114 81
2115 919
2116 154
2117 24
2118 1083
2119 13
2120 16
2121 58
2122 781
2123 72
2124 1094
2125 68
2126 52
2127 21
2128 73
2129 74
2130 77
2131 4
2132 151
2133 16
2134 75
2135 58
2136 74
2137 24
2138 99
2139 26
2140 143
2141 769
2142 68
2143 16
2144 119
2145 75
2146 184
2147 17
2148 25
2149 10
2150 4
2151 16
2152 101
2153 78
2154 100
2155 75
2156 15
2157 86
2158 25
2159 113
2160 74
2161 162
2162 13
2163 123
2164 113
2165 769
2166 118
2167 140
2168 13
2169 34
2170 100
2171 31
2172 75
2173 780
2174 780
2175 47
2176 155
2177 126
2178 11
2179 99
2180 86
2181 13
2182 112
2183 141
2184 75
2185 63
2186 8
2187 104
2188 21
2189 34
2190 3
2191 88
2192 772
2193 1169
2194 32
2195 24
2196 1105
2197 16
2198 75
2199 99
2200 104
2201 32
2202 34
2203 33
2204 33
2205 86
2206 1169
2207 151
2208 1035
2209 1158
2210 99
2211 74
2212 87
2213 75
2214 12
2215 141
2216 74
2217 184
2218 77
2219 91
2220 1174
2221 51
2222 13
2223 25
2224 99
2225 189
2226 113
2227 121
2228 99
2229 129
2230 56
2231 75
2232 85
2233 80
2234 140
2235 31
2236 47
2237 74
2238 100
2239 148
2240 148
2241 189
2242 80
2243 80
2244 86
2245 1086
2246 99
2247 63
2248 8
2249 9
2250 86
2251 119
2252 74
2253 113
2254 25
2255 37
2256 769
2257 13
2258 49
2259 100
2260 96
2261 75
2262 56
2263 23
2264 141
2265 36
2266 32
2267 99
2268 3
2269 1025
2270 99
2271 3
2272 96
2273 985
2274 99
2275 49
2276 162
2277 919
2278 13
2279 49
2280 31
2281 16
2282 141
2283 27
2284 56
2285 80
2286 64
2287 154
2288 64
2289 25
2290 31
2291 75
2292 132
2293 16
2294 75
2295 76
2296 49
2297 56
2298 16
2299 116
2300 13
2301 5
2302 8
2303 112
2304 88
2305 8
2306 129
2307 127
2308 75
2309 91
2310 86
2311 31
2312 121
2313 121
2314 11
2315 11
2316 78
2317 13
2318 34
2319 77
2320 17
2321 154
2322 132
2323 81
2324 86
2325 112
2326 113
2327 25
2328 63
2329 16
2330 26
2331 31
2332 74
2333 85
2334 47
2335 3
2336 80
2337 112
2338 74
2339 55
2340 27
2341 1174
2342 140
2343 68
2344 1174
2345 1107
2346 118
2347 112
2348 11
2349 39
2350 140
2351 78
2352 81
2353 12
2354 99
2355 4
2356 52
2357 91
2358 75
2359 41
2360 104
2361 16
2362 129
2363 33
2364 113
2365 74
2366 86
2367 13
2368 3
2369 104
2370 74
2371 74
2372 16
2373 13
2374 99
2375 77
2376 88
2377 1086
2378 11
2379 17
2380 47
2381 129
2382 162
2383 34
2384 769
2385 74
2386 31
2387 1108
2388 8
2389 104
2390 91
2391 99
2392 31
2393 21
2394 88
2395 38
2396 25
2397 129
2398 99
2399 72
2400 129
2401 10
2402 113
2403 132
2404 129
2405 34
2406 88
2407 132
2408 100
2409 51
2410 88
2411 74
2412 74
2413 8
2414 132
2415 8
2416 1063
2417 140
2418 3
2419 74
2420 141
2421 16
2422 1109
2423 8
2424 13
2425 138
2426 5
2427 74
2428 91
2429 1086
2430 112
2431 1110
2432 112
2433 23
2434 99
2435 33
2436 17
2437 787
2438 113
2439 8
2440 74
2441 768
2442 78
2443 86
2444 16
2445 63
2446 37
2447 1171
2448 80
2449 80
2450 33
2451 75
2452 132
2453 118
2454 155
2455 21
2456 1177
2457 13
2458 74
2459 13
2460 769
2461 113
2462 126
2463 140
2464 77
2465 119
2466 88
2467 39
2468 1158
2469 141
2470 74
2471 13
2472 33
2473 27
2474 8
2475 56
2476 74
2477 75
2478 140
2479 4
2480 189
2481 80
2482 8
2483 72
2484 132
2485 116
2486 74
2487 781
2488 765
2489 49
2490 74
2491 154
2492 144
2493 1086
2494 1177
2495 184
2496 99
2497 24
2498 34
2499 16
2500 4
2501 13
2502 25
2503 25
2504 13
2505 155
2506 762
2507 15
2508 55
2509 1185
2510 75
2511 146
2512 91
2513 13
2514 1086
2515 121
2516 3
2517 55
2518 13
2519 3
2520 68
2521 116
2522 21
2523 12
2524 25
2525 3
2526 55
2527 189
2528 919
2529 34
2530 80
2531 56
2532 13
2533 155
2534 25
2535 116
2536 13
2537 74
2538 74
2539 13
2540 74
2541 769
2542 113
2543 75
2544 162
2545 24
2546 75
2547 99
2548 34
2549 74
2550 32
2551 132
2552 11
2553 64
2554 778
2555 86
2556 75
2557 118
2558 49
2559 25
2560 86
2561 32
2562 77
2563 79
2564 25
2565 55
2566 38
2567 80
2568 24
2569 21
2570 129
2571 25
2572 1185
2573 780
2574 86
2575 9
2576 23
2577 146
2578 1111
2579 79
2580 99
2581 129
2582 73
2583 75
2584 8
2585 189
2586 46
2587 100
2588 109
2589 51
2590 13
2591 129
2592 74
2593 27
2594 74
2595 31
2596 49
2597 1171
2598 74
2599 33
2600 13
2601 91
2602 33
2603 129
2604 8
2605 977
2606 13
2607 32
2608 74
2609 78
2610 13
2611 16
2612 80
2613 922
2614 13
2615 142
2616 99
2617 26
2618 16
2619 8
2620 56
2621 74
2622 17
2623 113
2624 74
2625 76
2626 78
2627 24
2628 132
2629 47
2630 99
2631 86
2632 85
2633 49
2634 922
2635 985
2636 140
2637 33
2638 78
2639 56
2640 49
2641 1185
2642 58
2643 27
2644 16
2645 24
2646 5
2647 13
2648 13
2649 16
2650 38
2651 37
2652 13
2653 74
2654 88
2655 49
2656 36
2657 33
2658 56
2659 68
2660 113
2661 8
2662 17
2663 13
2664 33
2665 49
2666 81
2667 77
2668 155
2669 100
2670 81
2671 23
2672 24
2673 1086
2674 56
2675 146
2676 75
2677 78
2678 100
2679 74
2680 15
2681 109
2682 13
2683 8
2684 63
2685 27
2686 46
2687 41
2688 16
2689 68
2690 112
2691 74
2692 1158
2693 77
2694 1113
2695 78
2696 80
2697 189
2698 118
2699 113
2700 41
2701 774
2702 41
2703 27
2704 74
2705 101
2706 4
2707 1035
2708 762
2709 4
2710 23
2711 24
2712 155
2713 132
2714 151
2715 5
2716 1174
2717 17
2718 68
2719 75
2720 3
2721 16
2722 33
2723 2
2724 74
2725 8
2726 11
2727 46
2728 118
2729 99
2730 17
2731 49
2732 49
2733 118
2734 81
2735 15
2736 25
2737 86
2738 63
2739 99
2740 49
2741 85
2742 33
2743 10
2744 99
2745 23
2746 99
2747 778
2748 56
2749 17
2750 15
2751 140
2752 39
2753 33
2754 1027
2755 123
2756 3
2757 758
2758 75
2759 51
2760 146
2761 13
2762 31
2763 1174
2764 75
2765 99
2766 129
2767 99
2768 125
2769 74
2770 772
2771 21
2772 240
2773 113
2774 78
2775 74
2776 86
2777 132
2778 75
2779 137
2780 47
2781 85
2782 24
2783 129
