5924 848
8421 1860
4998 2025
2989 1890
1011 1008
2554 2026
4648 1831
6960 848
1117 36
758 1008
1860 2028
2915 1831
528 848
9045 848
3469 1860
1055 2029
7174 848
3840 2006
8575 1008
8531 1860
10810 742
4236 1890
3030 2030
5402 742
10150 848
9617 2029
6640 2031
8998 742
4910 1381
3893 2032
8664 742
8831 2026
9511 1890
1688 1890
1527 1890
8083 848
8961 848
1987 1890
8930 2013
977 2185
788 742
4500 2030
244 1890
11021 848
1095 742
4821 49
6890 2030
9038 1008
8300 848
6746 2026
2234 848
144 1831
2239 2030
3910 644
6510 742
5461 1005
7819 2013
3147 2026
10420 2013
4416 742
8947 1831
5172 848
4914 1860
5780 2216
3860 1008
4797 1008
210 2030
1269 2039
10033 2013
7779 1860
10224 2013
9635 1008
1096 742
8559 1886
6273 2013
2208 2014
10017 2186
3224 2031
2033 848
2299 742
10384 658
7329 2013
9484 2032
695 2187
4628 1860
6653 2014
9699 848
8124 1356
4746 2013
1544 2028
9545 1831
1073 2006
3760 36
6724 742
5563 2032
10781 848
9603 1008
1288 848
10801 1860
2566 1890
2944 1890
5833 2014
11078 848
1479 1008
1414 1890
5750 1860
10374 742
2021 2006
702 1823
9750 848
6181 2013
1017 742
10910 1860
7831 742
9975 848
4484 2006
8493 1008
2492 2030
10749 2006
8105 1831
9848 1890
7839 2031
1607 1008
5938 1890
8671 1008
3063 848
629 1381
9426 1858
2101 1008
9707 848
2929 1008
4543 1008
4819 742
8064 2188
4129 0
10431 998
9698 742
2167 2013
8827 1008
106 2031
2831 2030
1852 848
2509 2031
10043 1886
10422 1860
6032 1860
8445 2049
9742 2028
1335 2006
7486 1886
6868 2050
9087 742
9808 1860
5445 742
8491 1886
493 39
9411 1008
10419 2007
10446 2026
10981 647
3959 2013
9654 742
7809 2031
4075 2013
8763 1886
132 1890
1929 2039
2720 1008
5779 1828
11009 2189
7054 1008
551 49
10627 2026
9155 647
3733 2014
1652 1008
3826 1008
464 1831
1996 644
7430 742
4481 1890
6097 2013
3591 1008
2051 1008
3677 848
8981 2190
4458 1890
9821 1886
6121 1008
808 848
9758 848
11061 1860
4056 848
6608 1831
4818 1008
2756 1008
2342 848
2751 848
10435 2058
9092 1008
6100 1008
10448 1501
4024 1008
5935 1008
4181 1008
4981 991
4594 2028
6133 2039
10194 742
2992 848
1524 2006
9688 1831
8903 742
4143 848
8054 848
6815 2013
8480 1008
3316 2191
6950 742
7646 2006
742 848
2922 658
9948 1860
3917 2013
7539 2192
5478 742
2417 742
9234 1846
9199 1008
10719 742
2268 1008
4207 2029
3619 848
8510 2058
1445 2013
6591 742
1005 848
9277 1886
6255 2006
9210 1008
3026 1008
2308 2007
1403 848
4364 1008
10529 742
4815 1008
3387 848
8424 1886
7894 1008
507 1890
7237 1890
1550 1008
9613 1831
3865 2013
4378 1008
9919 848
5410 1860
3885 1860
5806 1008
2463 848
8657 742
10688 1890
1572 2007
3262 1008
9008 1008
9614 1886
6056 1890
8401 1890
2535 742
6256 848
7362 1860
4199 1008
5888 1008
7262 848
5782 1008
10813 1860
4993 1501
1588 835
9156 644
3062 1008
2053 2013
6184 1228
7562 647
10578 2028
10625 2026
10653 742
8578 2216
6668 2193
5683 742
4612 2007
5930 2194
986 2068
2905 1356
1076 2195
10263 2196
1704 1008
7845 1008
8596 2007
6945 1858
6473 2032
4656 1008
2485 742
1893 1890
6933 742
6230 848
5065 1008
1241 2013
9010 2029
6978 1008
9739 1536
338 1008
792 742
4342 1860
8846 2026
10198 2030
6482 2013
126 1886
8579 848
3757 49
4377 848
8363 2031
10321 1831
2422 658
10746 2026
9389 2031
6930 1860
8088 2006
4710 848
3300 2031
7426 2197
1484 1890
4415 2026
6331 1008
6706 1860
7019 2030
7038 2014
6274 1860
3307 1008
7091 1890
3409 1008
110 1886
9343 1008
7265 742
7115 2049
10951 1860
580 742
5824 1860
6462 742
531 742
5051 2025
6372 1886
9937 2032
7516 1890
3670 848
10846 2013
6425 742
10933 742
7891 2050
3254 848
4889 2006
3264 848
6368 1008
5642 2013
1686 1008
10489 2026
2635 2049
5016 2028
9007 1008
314 1008
2525 1008
7576 1890
9427 1860
6898 1008
469 848
8182 1860
396 2030
2636 848
2335 1008
3721 1008
8347 1228
1318 848
10018 1536
6018 1886
41 1890
7075 2006
9432 1860
8556 1860
569 2006
1771 2013
8196 1008
10175 848
11016 1890
8244 848
6523 848
8274 848
10820 2039
5865 1890
9525 1860
4714 1860
2990 1860
3466 742
5581 1886
1004 2050
11048 2050
691 2198
8762 1860
2572 49
8752 1860
2521 742
9317 1886
8705 1860
3492 1008
2096 742
11075 742
9057 1008
6159 1008
2939 1008
5684 848
5565 2199
8811 1008
3737 1008
1056 1886
9307 742
2879 848
10415 742
950 848
10249 948
3451 1860
9241 848
3624 742
5589 1008
9443 2030
3001 1008
7106 1831
4971 1860
7005 848
9691 848
4814 1008
3819 742
3609 848
101 1831
9622 1008
5520 2068
5787 1008
10395 1890
3952 1890
8908 742
3548 49
8890 1831
5511 1008
8185 1886
4300 1846
5723 1008
10734 2028
4104 848
5666 848
2650 1890
1547 2031
2045 1831
3323 1008
6199 742
3869 2049
5580 742
8271 848
1003 742
2067 1008
4271 2031
2368 1008
4219 848
4566 848
597 742
10556 1831
8248 2032
8781 2031
6253 1008
1197 2013
10387 742
606 742
10459 848
10299 1860
714 848
7199 1860
2871 2026
6599 1890
8611 2026
7996 2028
2212 2006
10658 1886
7069 848
5562 1886
2796 2014
8668 2006
5279 848
4110 1886
10730 742
9264 2013
6063 1008
8731 848
991 1008
6750 2006
7912 1008
414 848
4730 2030
4514 1008
10268 1860
7771 2013
10765 2030
1220 1008
5603 1008
1328 1008
7772 1890
6742 2014
1554 848
7152 1860
7934 1860
9403 1886
3571 848
7271 742
1436 2007
6932 2013
725 1008
5324 1860
10554 848
8428 1886
7518 1008
149 742
2271 1008
3097 1008
2516 1008
7602 2006
167 848
7403 1831
3476 1831
9439 742
3401 1008
743 1862
1820 2031
6067 848
8972 742
1200 2026
4681 848
3407 742
6137 848
1557 848
8917 2031
914 2006
2418 1008
3057 1831
4013 742
1953 2006
7531 2013
618 1890
10561 848
10335 1860
2395 49
3042 1008
9909 1860
3752 1008
10613 2013
8432 742
3112 39
1610 742
8881 1008
3890 2200
8353 2201
7550 2032
8949 2013
2541 1886
2747 2026
10648 848
6707 742
11092 2026
5319 742
6388 848
5644 848
1603 742
6495 1890
5799 1008
2673 1860
202 2013
716 742
7039 2031
3081 4
235 2202
5431 1357
7689 1501
8340 2013
3517 1008
5698 1890
928 1890
9242 1831
251 1008
7992 848
7671 1831
5798 742
1495 1008
1293 1831
1723 2013
4664 2006
6468 1831
4494 2007
5254 2013
2532 658
1038 644
6109 848
8018 848
5962 1008
10364 2039
4301 742
8909 742
5515 998
3329 1008
1440 2013
2014 1008
10307 2031
664 1008
8891 1359
303 742
5128 848
8166 1831
2611 1357
7563 742
1964 1890
6381 1886
2948 742
8246 1831
9916 848
10193 848
3735 1008
2707 2014
4882 848
3416 848
2842 2039
2641 49
7076 1831
5469 1008
7668 1008
5032 1008
4771 1890
305 49
4255 1008
3526 523
5356 1860
6729 742
1662 9
399 2203
4320 49
8868 2204
1844 848
610 2026
9175 1008
10000 848
1070 2006
4620 1008
6348 1008
4421 514
1567 1831
5320 1831
8937 1008
6602 848
2190 1008
9606 1008
7998 2013
9192 1860
9213 1008
4014 1008
9060 1858
9335 848
5730 1886
7699 742
1815 1008
1152 522
4492 2205
123 2084
8589 529
9376 522
2023 647
6869 1008
6461 30
3489 33
777 1008
3974 1827
4140 1846
5840 2206
8883 529
641 529
7663 1008
45 529
4193 1008
615 2207
2555 518
7242 556
8418 1008
1462 1008
1351 2084
7665 2208
