1 0
2 1
3 26
4 3
5 232
6 5
7 6
8 7
9 8
10 6
11 10
12 11
13 129
14 50
15 14
16 7
17 146
18 7
19 7
20 127
21 25
22 18
23 459
24 20
25 21
26 56
27 23
28 4
29 25
30 26
31 21
32 27
33 28
34 29
35 30
36 25
37 31
38 29
39 33
40 36
41 241
42 10
43 6
44 36
45 100
46 130
47 39
48 26
49 11
50 41
51 100
52 241
53 262
54 45
55 100
56 25
57 94
58 1
59 11
60 48
61 5
62 25
63 77
64 26
65 599
66 52
67 53
68 54
69 23
70 55
71 27
72 262
73 57
74 27
75 59
76 11
77 11
78 57
79 60
80 18
81 162
82 57
83 62
84 25
85 76
86 54
87 86
88 36
89 86
90 65
91 77
92 29
93 272
94 139
95 48
96 14
97 5
98 48
99 53
100 70
101 8
102 5
103 86
104 62
105 0
106 76
107 48
108 11
109 36
110 48
111 77
112 23
113 5
114 48
115 59
116 18
117 65
118 39
119 27
120 10
121 5
122 23
123 10
124 82
125 11
126 11
127 77
128 11
129 25
130 28
131 84
132 1
133 27
134 36
135 91
136 86
137 86
138 23
139 10
140 188
141 29
142 23
143 25
144 11
145 23
146 26
147 28
148 36
149 91
150 23
151 5
152 7
153 40
154 48
155 23
156 21
157 93
158 94
159 60
160 131
161 5
162 48
163 11
164 60
165 241
166 54
167 100
168 11
169 6
170 101
171 102
172 102
173 30
174 103
175 30
176 28
177 7
178 101
179 41
180 7
181 204
182 41
183 104
184 91
185 23
186 94
187 65
188 106
189 23
190 0
191 5
192 48
193 41
194 41
195 48
196 77
197 103
198 48
199 41
200 110
201 91
202 59
203 5
204 0
205 14
206 77
207 112
208 56
209 41
210 140
211 5
212 77
213 48
214 57
215 10
216 41
217 41
218 10
219 18
220 14
221 82
222 77
223 10
224 29
225 21
226 69
227 3
228 77
229 41
230 41
231 25
232 5
233 130
234 50
235 127
236 48
237 128
238 6
239 23
240 129
241 103
242 130
243 54
244 131
245 48
246 48
247 77
248 132
249 69
250 54
251 29
252 5
253 134
254 600
255 134
256 11
257 5
258 23
259 31
260 21
261 55
262 138
263 76
264 8
265 139
266 27
267 140
268 5
269 14
270 29
271 142
272 29
273 3
274 21
275 41
276 10
277 0
278 82
279 25
280 142
281 25
282 23
283 146
284 139
285 10
286 100
287 48
288 128
289 59
290 148
291 59
292 149
293 55
294 129
295 8
296 12
297 25
298 21
299 33
300 27
301 129
302 100
303 146
304 5
305 41
306 8
307 188
308 103
309 5
310 25
311 154
312 155
313 29
314 601
315 25
316 130
317 86
318 41
319 48
320 23
321 146
322 29
323 100
324 127
325 132
326 50
327 48
328 146
329 48
330 102
331 48
332 86
333 140
334 146
335 155
336 54
337 162
338 11
339 100
340 146
341 110
342 163
343 146
344 64
345 129
346 21
347 188
348 86
349 18
350 89
351 25
352 48
353 7
354 86
355 154
356 100
357 10
358 60
359 56
360 53
361 212
362 23
363 25
364 89
365 100
366 64
367 163
368 36
369 27
370 146
371 222
372 127
373 100
374 170
375 14
376 75
377 5
378 172
379 86
380 23
381 5
382 23
383 27
384 173
385 131
386 1
387 25
388 25
389 36
390 25
391 146
392 23
393 175
394 93
395 20
396 10
397 6
398 26
399 131
400 48
401 82
402 77
403 3
404 188
405 70
406 140
407 77
408 76
409 146
410 77
411 8
412 10
413 70
414 36
415 91
416 146
417 53
418 181
419 86
420 182
421 41
422 60
423 59
424 602
425 184
426 55
427 172
428 14
429 12
430 41
431 129
432 146
433 60
434 7
435 185
436 5
437 186
438 155
439 82
440 39
441 188
442 10
443 10
444 232
445 23
446 86
447 23
448 45
449 76
450 55
451 77
452 10
453 25
454 86
455 103
456 21
457 27
458 182
459 7
460 39
461 146
462 23
463 129
464 103
465 26
466 18
467 238
468 188
469 54
470 3
471 77
472 55
473 86
474 55
475 14
476 55
477 3
478 112
479 62
480 8
481 86
482 18
483 258
484 86
485 21
486 146
487 0
488 11
489 18
490 7
491 10
492 29
493 7
494 23
495 59
496 603
497 26
498 70
499 77
500 212
501 54
502 53
503 181
504 23
505 14
506 181
507 86
508 14
509 14
510 41
511 41
512 14
513 7
514 182
515 604
516 54
517 210
518 7
519 53
520 204
521 14
522 100
523 23
524 27
525 91
526 12
527 7
528 36
529 7
530 7
531 62
532 26
533 3
534 7
535 208
536 155
537 7
538 57
539 40
540 62
541 7
542 23
543 210
544 86
545 86
546 23
547 56
548 86
549 210
550 14
551 7
552 26
553 91
554 467
555 208
556 172
557 26
558 77
559 56
560 5
561 212
562 26
563 25
564 3
565 86
566 210
567 52
568 100
569 54
570 54
571 26
572 54
573 605
574 76
575 10
576 214
577 10
578 214
579 0
580 140
581 214
582 214
583 214
584 215
585 214
586 214
587 214
588 18
589 172
590 25
591 14
592 10
593 70
594 146
595 214
596 214
597 214
598 182
599 606
600 214
601 214
602 214
603 62
604 214
605 214
606 214
607 23
608 214
609 50
610 214
611 214
612 214
613 210
614 214
615 214
616 54
617 214
618 214
619 214
620 214
621 100
622 214
623 10
624 91
625 214
626 10
627 214
628 146
629 214
630 214
631 10
632 10
633 214
634 214
635 214
636 214
637 29
638 41
639 214
640 214
641 214
642 10
643 214
644 181
645 214
646 28
647 10
648 214
649 131
650 14
651 214
652 214
653 140
654 86
655 14
656 272
657 10
658 10
659 5
660 10
661 10
662 23
663 214
664 18
665 220
666 210
667 21
668 214
669 214
670 214
671 214
672 214
673 214
674 214
675 214
676 5
677 214
678 214
679 140
680 214
681 5
682 214
683 70
684 214
685 208
686 7
687 214
688 214
689 222
690 210
691 214
692 214
693 204
694 7
695 14
696 214
697 31
698 214
699 214
700 214
701 139
702 27
703 23
704 214
705 70
706 214
707 70
708 155
709 21
710 18
711 210
712 18
713 18
714 14
715 18
716 14
717 172
718 0
719 214
720 214
721 8
722 214
723 214
724 204
725 162
726 131
727 214
728 4
729 214
730 70
731 54
732 241
733 214
734 214
735 8
736 50
737 214
738 214
739 262
740 4
741 214
742 20
743 214
744 4
745 214
746 140
747 7
748 140
749 214
750 77
751 86
752 27
753 229
754 57
755 232
756 214
757 57
758 214
759 214
760 18
761 82
762 214
763 214
764 232
765 21
766 232
767 82
768 232
769 138
770 232
771 214
772 232
773 232
774 232
775 232
776 232
777 89
778 214
779 232
780 4
781 232
782 214
783 54
784 232
785 14
786 140
787 232
788 25
789 7
790 232
791 214
792 232
793 232
794 232
795 140
796 214
797 232
798 232
799 77
800 214
801 5
802 70
803 232
804 204
805 130
806 5
807 0
808 232
809 130
810 214
811 76
812 232
813 232
814 77
815 8
816 232
817 14
818 21
819 214
820 232
821 214
822 232
823 232
824 214
825 214
826 210
827 11
828 214
829 232
830 162
831 232
832 214
833 214
834 170
835 60
836 69
837 3
838 214
839 214
840 214
841 214
842 208
843 232
844 11
845 214
846 210
847 214
848 232
849 146
850 232
851 27
852 52
853 100
854 214
855 232
856 214
857 232
858 91
859 60
860 214
861 232
862 23
863 214
864 214
865 214
866 214
867 214
868 232
869 18
870 18
871 232
872 0
873 4
874 91
875 102
876 8
877 214
878 214
879 214
880 214
881 607
882 214
883 232
884 21
885 12
886 14
887 27
888 238
889 110
890 33
891 62
892 155
893 86
894 26
895 232
896 0
897 40
898 82
899 29
900 12
901 14
902 23
903 214
904 232
905 23
906 214
907 241
908 89
909 4
910 188
911 214
912 100
913 56
914 184
915 28
916 214
917 39
918 214
919 204
920 214
921 7
922 232
923 214
924 243
925 214
926 28
927 173
928 185
929 232
930 5
931 100
932 258
933 110
934 162
935 232
936 243
937 82
938 5
939 60
940 60
941 100
942 146
943 185
944 4
945 21
946 232
947 129
948 57
949 173
950 53
951 245
952 102
953 232
954 102
955 3
956 4
957 181
958 608
959 55
960 36
961 36
962 54
963 31
964 241
965 48
966 57
967 18
968 27
969 23
970 23
971 86
972 232
973 57
974 28
975 77
976 70
977 243
978 232
979 232
980 0
981 18
982 62
983 76
984 609
985 232
986 36
987 52
988 50
989 173
990 146
991 243
992 220
993 185
994 8
995 27
996 232
997 18
998 185
999 48
1000 3
1001 91
1002 56
1003 21
1004 12
1005 31
1006 104
1007 53
1008 55
1009 131
1010 232
1011 70
1012 610
1013 23
1014 26
1015 33
1016 62
1017 21
1018 50
1019 29
1020 23
1021 86
1022 3
1023 50
1024 23
1025 272
1026 57
1027 11
1028 23
1029 232
1030 110
1031 146
1032 53
1033 5
1034 91
1035 53
1036 243
1037 131
1038 103
1039 23
1040 28
1041 184
1042 59
1043 188
1044 611
1045 86
1046 77
1047 14
1048 52
1049 162
1050 7
1051 162
1052 162
1053 86
1054 40
1055 53
1056 243
1057 243
1058 53
1059 26
1060 86
1061 89
1062 127
1063 175
1064 238
1065 146
1066 100
1067 149
1068 11
1069 232
1070 48
1071 55
1072 55
1073 184
1074 130
1075 29
1076 84
1077 14
1078 100
1079 155
1080 127
1081 11
1082 86
1083 7
1084 5
1085 23
1086 41
1087 175
1088 243
1089 30
1090 77
1091 184
1092 70
1093 131
1094 41
1095 52
1096 142
1097 142
1098 142
1099 142
1100 142
1101 142
1102 142
1103 5
1104 69
1105 62
1106 232
1107 208
1108 21
1109 258
1110 57
1111 23
1112 31
1113 5
1114 232
1115 8
1116 48
1117 77
1118 103
1119 7
1120 23
1121 57
1122 243
1123 54
1124 93
1125 140
1126 243
1127 208
1128 110
1129 232
1130 62
1131 243
1132 41
1133 0
1134 222
1135 11
1136 186
1137 48
1138 48
1139 48
1140 62
1141 48
1142 48
1143 48
1144 48
1145 1
1146 175
1147 48
1148 48
1149 243
1150 5
1151 48
1152 7
1153 48
1154 56
1155 23
1156 57
1157 262
1158 3
1159 48
1160 243
1161 48
1162 52
1163 48
1164 100
1165 48
1166 48
1167 11
1168 241
1169 48
1170 27
1171 48
1172 48
1173 48
1174 48
1175 48
1176 210
1177 48
1178 48
1179 56
1180 48
1181 31
1182 170
1183 27
1184 188
1185 48
1186 48
1187 57
1188 232
1189 48
1190 48
1191 48
1192 11
1193 53
1194 48
1195 184
1196 48
1197 188
1198 212
1199 112
1200 20
1201 48
1202 48
1203 142
1204 48
1205 5
1206 48
1207 82
1208 243
1209 48
1210 48
1211 48
1212 48
1213 27
1214 243
1215 100
1216 62
1217 23
1218 48
1219 48
1220 146
1221 267
1222 48
1223 48
1224 229
1225 76
1226 27
1227 48
1228 48
1229 36
1230 48
1231 48
1232 243
1233 48
1234 0
1235 48
1236 69
1237 476
1238 243
1239 4
1240 243
1241 21
1242 243
1243 229
1244 142
1245 8
1246 48
1247 204
1248 204
1249 48
1250 142
1251 70
1252 48
1253 48
1254 48
1255 232
1256 208
1257 48
1258 129
1259 204
1260 48
1261 243
1262 65
1263 48
1264 232
1265 21
1266 232
1267 3
1268 243
1269 14
1270 48
1271 110
1272 4
1273 110
1274 146
1275 48
1276 48
1277 232
1278 77
1279 243
1280 33
1281 48
1282 185
1283 48
1284 48
1285 48
1286 184
1287 477
1288 3
1289 243
1290 57
1291 29
1292 243
1293 243
1294 140
1295 77
1296 48
1297 243
1298 243
1299 48
1300 55
1301 8
1302 129
1303 21
1304 48
1305 232
1306 48
1307 232
1308 232
1309 26
1310 232
1311 14
1312 29
1313 243
1314 232
1315 232
1316 131
1317 53
1318 243
1319 232
1320 232
1321 56
1322 243
1323 215
1324 243
1325 27
1326 48
1327 60
1328 56
1329 262
1330 48
1331 57
1332 48
1333 243
1334 21
1335 204
1336 232
1337 56
1338 232
1339 210
1340 243
1341 232
1342 232
1343 232
1344 262
1345 48
1346 59
1347 131
1348 232
1349 18
1350 243
1351 55
1352 232
1353 210
1354 48
1355 23
1356 30
1357 14
1358 131
1359 186
1360 232
1361 53
1362 26
1363 243
1364 232
1365 243
1366 50
1367 131
1368 243
1369 7
1370 210
1371 272
1372 210
1373 232
1374 184
1375 48
1376 131
1377 232
1378 210
1379 232
1380 232
1381 232
1382 243
1383 210
1384 262
1385 127
1386 82
1387 23
1388 77
1389 104
1390 170
1391 0
1392 232
1393 204
1394 48
1395 0
1396 3
1397 102
1398 232
1399 241
1400 262
1401 243
1402 21
1403 11
1404 131
1405 39
1406 272
1407 243
1408 53
1409 56
1410 232
1411 11
1412 175
1413 272
1414 232
1415 232
1416 146
1417 0
1418 210
1419 26
1420 243
1421 23
1422 232
1423 612
1424 175
1425 182
1426 243
1427 48
1428 148
1429 14
1430 232
1431 48
1432 7
1433 29
1434 210
1435 258
1436 243
1437 188
1438 57
1439 27
1440 94
1441 243
1442 26
1443 8
1444 613
1445 482
1446 258
1447 23
1448 29
1449 267
1450 175
1451 11
1452 53
1453 64
1454 243
1455 222
1456 57
1457 175
1458 26
1459 0
1460 129
1461 110
1462 241
1463 243
1464 129
1465 76
1466 76
1467 91
1468 48
1469 40
1470 155
1471 48
1472 48
1473 53
1474 210
1475 130
1476 82
1477 100
1478 146
1479 106
1480 100
1481 243
1482 59
1483 48
1484 8
1485 48
1486 102
1487 232
1488 48
1489 23
1490 14
1491 140
1492 57
1493 48
1494 0
1495 204
1496 8
1497 27
1498 56
1499 100
1500 232
1501 232
1502 146
1503 4
1504 129
1505 140
1506 232
1507 243
1508 26
1509 48
1510 3
1511 48
1512 131
1513 27
1514 146
1515 146
1516 56
1517 110
1518 18
1519 100
1520 185
1521 142
1522 56
1523 243
1524 243
1525 12
1526 146
1527 146
1528 184
1529 110
1530 41
1531 103
1532 127
1533 4
1534 3
1535 23
1536 214
1537 110
1538 614
1539 56
1540 232
1541 12
1542 238
1543 129
1544 48
1545 103
1546 12
1547 12
1548 57
1549 75
1550 232
1551 56
1552 103
1553 212
1554 5
1555 23
1556 56
1557 12
1558 12
1559 243
1560 134
1561 184
1562 232
1563 5
1564 142
1565 12
1566 56
1567 12
1568 23
1569 100
1570 48
1571 56
1572 48
1573 4
1574 12
1575 146
1576 262
1577 142
1578 26
1579 12
1580 56
1581 129
1582 62
1583 56
1584 27
1585 14
1586 56
1587 5
1588 55
1589 48
1590 11
1591 245
1592 48
1593 243
1594 40
1595 243
1596 5
1597 77
1598 40
1599 25
1600 0
1601 184
1602 243
1603 210
1604 1
1605 210
1606 5
1607 1
1608 54
1609 84
1610 25
1611 56
1612 64
1613 146
1614 1
1615 106
1616 48
1617 1
1618 86
1619 53
1620 8
1621 7
1622 1
1623 25
1624 56
1625 210
1626 25
1627 62
1628 146
1629 1
1630 77
1631 103
1632 106
1633 29
1634 210
1635 25
1636 210
1637 188
1638 1
1639 1
1640 142
1641 210
1642 1
1643 1
1644 62
1645 1
1646 1
1647 1
1648 21
1649 1
1650 62
1651 29
1652 53
1653 155
1654 48
1655 1
1656 25
1657 1
1658 1
1659 25
1660 25
1661 25
1662 1
1663 50
1664 69
1665 129
1666 12
1667 48
1668 14
1669 1
1670 14
1671 76
1672 50
1673 0
1674 82
1675 1
1676 215
1677 1
1678 1
1679 131
1680 1
1681 1
1682 23
1683 210
1684 258
1685 25
1686 142
1687 1
1688 1
1689 48
1690 26
1691 1
1692 53
1693 1
1694 55
1695 1
1696 14
1697 1
1698 1
1699 1
1700 210
1701 188
1702 142
1703 53
1704 54
1705 23
1706 14
1707 210
1708 1
1709 186
1710 103
1711 146
1712 210
1713 1
1714 1
1715 91
1716 110
1717 210
1718 1
1719 142
1720 45
1721 65
1722 45
1723 26
1724 1
1725 232
1726 188
1727 65
1728 210
1729 210
1730 1
1731 53
1732 86
1733 129
1734 100
1735 155
1736 615
1737 155
1738 56
1739 1
1740 238
1741 5
1742 243
1743 146
1744 100
1745 129
1746 129
1747 210
1748 4
1749 55
1750 5
1751 103
1752 243
1753 210
1754 232
1755 204
1756 25
1757 210
1758 0
1759 25
1760 25
1761 5
1762 77
1763 127
1764 12
1765 188
1766 243
1767 0
1768 25
1769 1
1770 4
1771 267
1772 26
1773 210
1774 76
1775 232
1776 1
1777 3
1778 243
1779 56
1780 210
1781 188
1782 18
1783 77
1784 21
1785 243
1786 11
1787 155
1788 76
1789 25
1790 69
1791 76
1792 77
1793 182
1794 1
1795 142
1796 1
1797 69
1798 69
1799 69
1800 76
1801 243
1802 1
1803 103
1804 55
1805 25
1806 25
1807 146
1808 186
1809 76
1810 86
1811 25
1812 243
1813 25
1814 29
1815 28
1816 25
1817 131
1818 267
1819 182
1820 127
1821 54
1822 77
1823 76
1824 0
1825 616
1826 1
1827 146
1828 617
1829 76
1830 56
1831 210
1832 243
1833 26
1834 41
1835 134
1836 232
1837 57
1838 188
1839 53
1840 146
1841 232
1842 89
1843 100
1844 25
1845 11
1846 1
1847 618
1848 39
1849 131
1850 170
1851 204
1852 23
1853 25
1854 170
1855 48
1856 41
1857 70
1858 102
1859 210
1860 210
1861 619
1862 69
1863 1
1864 45
1865 1
1866 210
1867 1
1868 1
1869 162
1870 3
1871 210
1872 12
1873 56
1874 8
1875 48
1876 210
1877 14
1878 1
1879 8
1880 243
1881 1
1882 1
1883 55
1884 25
1885 8
1886 75
1887 56
1888 12
1889 140
1890 295
1891 1
1892 76
1893 295
1894 185
1895 110
1896 41
