15176 1206
15177 1207
15178 31
15179 931
15180 31
15181 1153
15182 31
15183 1134
15184 72
15185 1207
15186 31
15187 818
15188 31
15189 1216
15190 1153
15191 582
15192 1206
15193 1153
15194 1206
15195 582
15196 59
15197 1206
15198 1153
15199 1206
15200 1208
15201 31
15202 1206
15203 1206
15204 1153
15205 1153
15206 1208
15207 1209
15208 1207
15209 818
15210 45
15211 818
15212 589
15213 582
15214 59
15215 1153
15216 1210
15217 589
15218 1206
15219 589
15220 59
15221 1134
15222 589
15223 1206
15224 1208
15225 31
15226 59
15227 589
15228 72
15229 72
15230 1206
15231 1211
15232 31
15233 1153
15234 1209
15235 59
15236 1206
15237 589
15238 1206
15239 1153
15240 1207
15241 59
15242 1153
15243 72
15244 92
15245 818
15246 589
15247 31
15248 31
15249 1206
15250 589
15251 1153
15252 1206
15253 1206
15254 603
15255 589
15256 589
15257 789
15258 818
15259 589
15260 1153
15261 589
15262 818
15263 1206
15264 31
15265 589
15266 1153
15267 31
15268 1213
15269 818
15270 31
15271 59
15272 42
15273 589
15274 1206
15275 1153
15276 72
15277 31
15278 1206
15279 1206
15280 1206
15281 931
15282 927
15283 589
15284 1206
15285 1206
15286 31
15287 1210
15288 1206
15289 31
15290 1206
15291 1153
15292 1206
15293 818
15294 1207
15295 1207
15296 589
15297 931
15298 59
15299 1206
15300 1206
15301 589
15302 1216
15303 31
15304 1210
15305 1206
15306 1216
15307 582
15308 1153
15309 589
15310 1208
15311 581
15312 90
15313 1206
15314 1207
15315 818
15316 59
15317 1207
15318 581
15319 1153
15320 31
15321 31
15322 1153
15323 1207
15324 1206
15325 589
15326 1153
15327 1206
15328 1153
15329 1153
15330 1206
15331 1153
15332 789
15333 29
15334 589
15335 92
15336 931
15337 1206
15338 1153
15339 31
15340 589
15341 1206
15342 1206
15343 589
15344 1206
15345 31
15346 589
15347 818
15348 589
15349 1153
15350 59
15351 1206
15352 818
15353 1206
15354 1206
15355 1206
15356 1206
15357 589
15358 931
15359 1206
15360 1216
15361 606
15362 1206
15363 31
15364 931
15365 1206
15366 1134
15367 31
15368 1206
15369 31
15370 1206
15371 1206
15372 1206
15373 1206
15374 589
15375 1206
15376 589
15377 1206
15378 1206
15379 1134
15380 1207
15381 818
15382 589
15383 31
15384 589
15385 1208
15386 589
15387 59
15388 1206
15389 580
15390 1153
15391 31
15392 818
15393 1153
15394 31
15395 1208
15396 931
15397 1206
15398 31
15399 1206
15400 931
15401 1206
15402 1207
15403 1206
15404 20
15405 1206
15406 31
15407 92
15408 92
15409 818
15410 818
15411 1208
15412 1206
15413 1153
15414 1206
15415 1206
15416 92
15417 1206
15418 589
15419 589
15420 748
15421 1153
15422 1206
15423 31
15424 589
15425 589
15426 72
15427 1206
15428 589
15429 589
15430 603
15431 1153
15432 1134
15433 1153
15434 31
15435 589
15436 1206
15437 589
15438 72
15439 1153
15440 31
15441 59
15442 1153
15443 1153
15444 31
15445 1206
15446 1209
15447 589
15448 589
15449 1206
15450 1206
15451 589
15452 1206
15453 589
15454 589
15455 589
15456 1208
15457 1206
15458 1206
15459 1208
15460 1153
15461 818
15462 1206
15463 581
15464 31
15465 1206
15466 1206
15467 31
15468 1206
15469 789
15470 1206
15471 589
15472 1206
15473 1206
15474 59
15475 1206
15476 31
15477 56
15478 72
15479 931
15480 589
15481 1218
15482 589
15483 1206
15484 589
15485 1206
15486 1206
15487 818
15488 1207
15489 1153
15490 72
15491 1207
15492 589
15493 1207
15494 31
15495 581
15496 1153
15497 818
15498 894
15499 1153
15500 1206
15501 1206
15502 1153
15503 589
15504 1153
15505 1153
15506 90
15507 72
15508 31
15509 31
15510 1207
15511 1206
15512 31
15513 1206
15514 31
15515 1206
15516 1206
15517 1216
15518 1153
15519 1153
15520 1206
15521 1206
15522 613
15523 1206
15524 1209
15525 1206
15526 1153
15527 59
15528 1206
15529 1153
15530 589
15531 589
15532 1153
15533 581
15534 1206
15535 1145
15536 589
15537 29
15538 1206
15539 589
15540 1206
15541 31
15542 31
15543 59
15544 894
15545 72
15546 29
15547 31
15548 1208
15549 1134
15550 1206
15551 1206
15552 589
15553 1208
15554 589
15555 31
15556 1206
15557 31
15558 1206
15559 1206
15560 1206
15561 1145
15562 1206
15563 1153
15564 31
15565 931
15566 1206
15567 31
15568 1208
15569 1216
15570 931
15571 818
15572 1213
15573 818
15574 1134
15575 1153
15576 31
15577 31
15578 589
15579 894
15580 90
15581 1206
15582 818
15583 1206
15584 59
15585 1153
15586 1206
15587 1153
15588 31
15589 589
15590 31
15591 931
15592 589
15593 1208
15594 1153
15595 1206
15596 1206
15597 1208
15598 31
15599 1206
15600 589
15601 818
15602 29
15603 1206
15604 1206
15605 1153
15606 589
15607 589
15608 1153
15609 1206
15610 1153
15611 1145
15612 1206
15613 589
15614 1153
15615 931
15616 589
15617 1206
15618 31
15619 1206
15620 1208
15621 1206
15622 1206
15623 92
15624 1207
15625 818
15626 818
15627 31
15628 1153
15629 1134
15630 818
15631 1206
15632 1209
15633 800
15634 589
15635 29
15636 1206
15637 1206
15638 59
15639 31
15640 72
15641 1206
15642 1206
15643 1206
15644 1153
15645 1153
15646 1216
15647 1207
15648 589
15649 589
15650 1206
15651 31
15652 1206
15653 789
15654 72
15655 589
15656 1206
15657 894
15658 1206
15659 1207
15660 1206
15661 1206
15662 589
15663 1153
15664 589
15665 1206
15666 894
15667 589
15668 790
15669 589
15670 818
15671 1134
15672 1206
15673 1206
15674 1208
15675 1211
15676 1206
15677 1134
15678 59
15679 1206
15680 1208
15681 1206
15682 1208
15683 818
15684 818
15685 589
15686 1206
15687 1206
15688 1206
15689 597
15690 589
15691 31
15692 1153
15693 1153
15694 1153
15695 59
15696 1153
15697 1206
15698 31
15699 603
15700 37
15701 1153
15702 90
15703 589
15704 1207
15705 1206
15706 1208
15707 818
15708 1206
15709 1206
15710 1208
15711 1206
15712 1153
15713 31
15714 1153
15715 1153
15716 1206
15717 1216
15718 29
15719 72
15720 1206
15721 1206
15722 72
15723 1208
15724 1206
15725 1206
15726 1206
15727 589
15728 1134
15729 1206
15730 1208
15731 31
15732 1252
15733 931
15734 1208
15735 31
15736 818
15737 1153
15738 1206
15739 31
15740 72
15741 1206
15742 31
15743 29
15744 72
15745 1153
15746 1153
15747 1206
15748 818
15749 589
15750 31
15751 589
15752 1206
15753 31
15754 589
15755 1206
15756 1206
15757 589
15758 589
15759 31
15760 72
15761 1206
15762 31
15763 931
15764 589
15765 45
15766 1153
15767 1153
15768 1208
15769 1206
15770 1153
15771 1153
15772 1206
15773 90
15774 1207
15775 1153
15776 31
15777 1206
15778 589
15779 589
15780 1206
15781 1206
15782 1153
15783 1208
15784 31
15785 818
15786 589
15787 589
15788 1206
15789 1206
15790 1153
15791 589
15792 1206
15793 1206
15794 1206
15795 59
15796 1153
15797 1208
15798 72
15799 1153
15800 31
15801 1206
15802 1206
15803 1153
15804 1208
15805 589
15806 1208
15807 589
15808 931
15809 72
15810 818
15811 1153
15812 1208
15813 1206
15814 1213
15815 31
15816 72
15817 1153
15818 1206
15819 1153
15820 31
15821 1153
15822 589
15823 1206
15824 31
15825 589
15826 29
15827 31
15828 1153
15829 1206
15830 1206
15831 1206
15832 31
15833 1207
15834 31
15835 29
15836 31
15837 1206
15838 1206
15839 31
15840 931
15841 589
15842 31
15843 1134
15844 1207
15845 589
15846 31
15847 589
15848 1207
15849 1216
15850 31
15851 1153
15852 1153
15853 931
15854 1153
15855 1153
15856 1208
15857 1153
15858 1206
15859 1210
15860 589
15861 589
15862 931
15863 589
15864 1153
15865 1206
15866 1153
15867 1209
15868 4
15869 1206
15870 1153
15871 1153
15872 1206
15873 1153
15874 1206
15875 72
15876 1206
15877 589
15878 1206
15879 603
15880 1153
15881 1206
15882 931
15883 1206
15884 818
15885 1206
15886 589
15887 1206
15888 1210
15889 59
15890 589
15891 1206
15892 1207
15893 1153
15894 1153
15895 1153
15896 92
15897 31
15898 1134
15899 789
15900 589
15901 589
15902 72
15903 2
15904 589
15905 1206
15906 1253
15907 589
15908 1206
15909 1153
15910 1206
15911 31
15912 818
15913 31
15914 589
15915 1206
15916 589
15917 1206
15918 31
15919 894
15920 818
15921 1153
15922 1153
15923 1206
15924 1153
15925 1208
15926 31
15927 589
15928 1206
15929 818
15930 118
15931 1208
15932 931
15933 1206
15934 31
15935 818
15936 1153
15937 72
15938 31
15939 72
15940 1153
15941 1206
15942 589
15943 92
15944 1206
15945 1208
15946 72
15947 59
15948 589
15949 1134
15950 1206
15951 589
15952 1209
15953 1206
15954 581
15955 1207
15956 589
15957 589
15958 31
15959 29
15960 1208
15961 589
15962 90
15963 613
15964 1153
15965 92
15966 1206
15967 1206
15968 72
15969 1206
15970 931
15971 1206
15972 1153
15973 597
15974 31
15975 102
15976 589
15977 589
15978 1206
15979 1207
15980 818
15981 589
15982 1208
15983 818
15984 1153
15985 31
15986 589
15987 1208
15988 90
15989 589
15990 1206
15991 1153
15992 31
15993 31
15994 589
15995 1209
15996 818
15997 1206
15998 789
15999 90
16000 581
16001 1153
16002 589
16003 92
16004 31
16005 931
16006 1207
16007 1208
16008 59
16009 31
16010 1153
16011 789
16012 818
16013 31
16014 31
16015 931
16016 931
16017 1206
16018 72
16019 589
16020 1206
16021 1134
16022 1
16023 581
16024 1206
16025 1153
16026 1206
16027 1153
16028 1134
16029 1206
16030 1206
16031 1208
16032 1254
16033 1206
16034 31
16035 31
16036 589
16037 31
16038 1208
16039 589
16040 1206
16041 1206
16042 1153
16043 72
16044 1206
16045 1206
16046 31
16047 1153
16048 1206
16049 1153
16050 1206
16051 31
16052 59
16053 931
16054 1153
16055 589
16056 92
16057 31
16058 31
16059 818
16060 1153
16061 1206
16062 1153
16063 931
16064 1206
16065 1209
16066 59
16067 589
16068 1209
16069 1208
16070 31
16071 90
16072 90
16073 31
16074 1206
16075 1153
16076 61
16077 31
16078 92
16079 1206
16080 1145
16081 1208
16082 1153
16083 1206
16084 31
16085 818
16086 92
16087 1153
16088 1153
16089 1206
16090 589
16091 1153
16092 1206
16093 1206
16094 1207
16095 1153
16096 1206
16097 1206
16098 1206
16099 1206
16100 1153
16101 1208
16102 1206
16103 582
16104 931
16105 931
16106 818
16107 92
16108 1206
16109 1206
16110 1153
16111 1153
16112 1206
16113 31
16114 589
16115 92
16116 589
16117 589
16118 1206
16119 1153
16120 31
16121 1153
16122 1216
16123 1206
16124 589
16125 1206
16126 1206
16127 1206
16128 31
16129 1206
16130 589
16131 1206
16132 1153
16133 31
16134 2
16135 589
16136 818
16137 589
16138 931
16139 31
16140 72
16141 31
16142 29
16143 589
16144 818
16145 31
16146 1206
16147 1153
16148 1206
16149 1206
16150 931
16151 1206
16152 1206
16153 1207
16154 1208
16155 589
16156 1211
16157 818
16158 1207
16159 1207
16160 589
16161 31
16162 1206
16163 1153
16164 1153
16165 1206
16166 31
16167 1206
16168 1206
16169 1206
16170 1153
16171 606
16172 789
16173 1206
16174 103
16175 1153
16176 31
16177 72
16178 29
16179 31
16180 31
16181 1153
16182 1208
16183 31
16184 31
16185 1208
16186 1206
16187 1206
16188 1153
16189 1153
16190 29
16191 1153
16192 931
16193 931
16194 1153
16195 1216
16196 589
16197 72
16198 1206
16199 589
16200 931
16201 1206
16202 90
16203 1206
16204 1206
16205 1207
16206 1153
16207 31
16208 31
16209 92
16210 1153
16211 1206
16212 31
16213 1206
16214 1208
16215 634
16216 45
16217 589
16218 1153
16219 1134
16220 1153
16221 818
16222 1206
16223 1153
16224 1206
16225 1206
16226 1206
16227 1153
16228 31
16229 59
16230 31
16231 1206
16232 31
16233 1153
16234 31
16235 1153
16236 1134
16237 1206
16238 1206
16239 589
16240 29
16241 1207
16242 31
16243 931
16244 72
16245 1153
16246 589
16247 31
16248 31
16249 1133
16250 1206
16251 31
16252 1206
16253 1206
16254 1206
16255 589
16256 580
16257 1206
16258 72
16259 31
16260 59
16261 31
16262 1206
16263 1216
16264 1153
16265 1153
16266 1153
16267 59
16268 818
16269 31
16270 1153
16271 818
16272 1153
16273 1153
16274 931
16275 1206
16276 1206
16277 31
16278 589
16279 29
16280 1206
16281 1206
16282 4
16283 1206
16284 1153
16285 1153
16286 31
16287 1206
16288 31
16289 1153
16290 1206
16291 589
16292 1208
16293 1206
16294 581
16295 1153
16296 1153
16297 1134
16298 1206
16299 1206
16300 1206
16301 59
16302 31
16303 29
16304 31
16305 1153
16306 1206
16307 1153
16308 1153
16309 589
16310 1206
16311 1206
16312 31
16313 1206
16314 1206
16315 589
16316 1153
16317 31
16318 931
16319 1153
16320 589
16321 1153
16322 589
16323 1208
16324 90
16325 1208
16326 581
16327 927
16328 72
16329 1208
16330 582
16331 1134
16332 1206
16333 894
16334 31
16335 589
16336 581
16337 1153
16338 1206
16339 1153
16340 1206
16341 1134
16342 931
16343 589
16344 589
16345 1206
16346 589
16347 1206
16348 31
16349 31
16350 1206
16351 1206
16352 1206
16353 1216
16354 1207
16355 603
16356 1153
16357 72
16358 582
16359 818
16360 31
16361 931
16362 818
16363 589
16364 1207
16365 1211
16366 1207
16367 1206
16368 931
16369 1206
16370 31
16371 1206
16372 31
16373 589
16374 589
16375 818
16376 1206
16377 1153
16378 29
16379 1210
16380 1206
16381 1153
16382 1153
16383 800
16384 1208
16385 1206
16386 589
16387 1153
16388 1153
16389 931
16390 1153
16391 1153
16392 31
16393 1216
16394 31
16395 1134
16396 1153
16397 589
16398 1153
16399 31
16400 589
16401 1206
16402 1206
16403 31
16404 1153
16405 1206
16406 1153
16407 931
16408 1206
16409 1206
16410 59
16411 603
16412 1206
16413 59
16414 931
16415 1206
16416 789
16417 1206
16418 589
16419 931
16420 1208
16421 1153
16422 1153
16423 1216
16424 1206
16425 1206
16426 589
16427 589
16428 1208
16429 90
16430 589
16431 1206
16432 1206
16433 1134
16434 589
16435 1206
16436 1153
16437 31
16438 59
16439 589
16440 1153
16441 818
16442 31
16443 818
16444 1206
16445 589
16446 1210
16447 1153
16448 931
16449 72
16450 894
16451 31
16452 31
16453 1206
16454 818
16455 29
16456 1153
16457 581
16458 1153
16459 1153
16460 1153
16461 1216
16462 1206
16463 1206
16464 1208
16465 1206
16466 1206
16467 1206
16468 1208
16469 1206
16470 1210
16471 931
16472 1206
16473 1206
16474 1153
16475 597
16476 1216
16477 1153
16478 1153
16479 1208
16480 589
16481 589
16482 589
16483 1153
16484 92
16485 1206
16486 1216
16487 931
16488 589
16489 1206
16490 1208
16491 72
16492 589
16493 1206
16494 1206
16495 31
16496 931
16497 931
16498 1206
16499 1206
16500 1153
16501 1208
16502 1206
16503 1134
16504 1206
16505 818
16506 1206
16507 1206
16508 1206
16509 31
16510 1153
16511 1206
16512 1207
16513 1206
16514 1153
16515 1153
16516 589
16517 1206
16518 31
16519 589
16520 1206
16521 1206
16522 589
16523 1153
16524 31
16525 31
16526 1153
16527 1206
16528 581
16529 1206
16530 1208
16531 1209
16532 1153
16533 1206
16534 1153
16535 818
16536 72
16537 59
16538 1153
16539 931
16540 1207
16541 603
16542 589
16543 1206
16544 31
16545 1206
16546 1206
16547 589
16548 1153
16549 1206
16550 31
16551 1206
16552 31
16553 31
16554 589
16555 1153
16556 589
16557 1134
16558 589
16559 1153
16560 818
16561 31
16562 1206
16563 1134
16564 1206
16565 589
16566 1206
16567 589
16568 31
16569 59
16570 1153
16571 589
16572 1206
16573 1206
16574 1153
16575 1206
16576 1153
16577 1206
16578 589
16579 1206
16580 1206
16581 1206
16582 1206
16583 1153
16584 31
16585 931
16586 1206
16587 589
16588 72
16589 1206
16590 1153
16591 1206
16592 1206
16593 72
16594 818
16595 1206
16596 1206
16597 1153
16598 1153
16599 931
16600 1153
16601 1153
16602 31
16603 582
16604 589
16605 1206
16606 589
16607 29
16608 31
16609 1206
16610 1216
16611 1153
16612 818
16613 1206
16614 1206
16615 1206
16616 589
16617 1208
16618 1206
16619 1153
16620 931
16621 1208
16622 1208
16623 1207
16624 931
16625 31
16626 589
16627 1208
16628 92
16629 1153
16630 1208
16631 1206
16632 597
16633 589
16634 589
16635 1207
16636 818
16637 1153
16638 1153
16639 1153
16640 1206
16641 582
16642 589
16643 31
16644 1134
16645 1153
16646 589
16647 1153
16648 589
16649 1153
16650 31
16651 589
16652 1153
16653 1206
16654 1206
16655 589
16656 1208
16657 1208
16658 1153
16659 1206
16660 589
16661 1208
16662 589
16663 31
16664 589
16665 31
16666 1153
16667 1206
16668 931
16669 1206
16670 31
16671 1153
16672 589
16673 818
16674 72
16675 1
16676 1218
16677 1206
16678 1206
16679 1153
16680 589
16681 31
16682 1153
16683 589
16684 1206
16685 31
16686 603
16687 1153
16688 589
16689 29
16690 1153
16691 1206
16692 1206
16693 1206
16694 1206
16695 1153
16696 1134
16697 1206
16698 1206
16699 72
16700 1153
16701 72
16702 1255
16703 1206
16704 31
16705 1153
16706 589
16707 1206
16708 589
16709 1206
16710 931
16711 931
16712 1206
16713 1206
16714 1208
16715 1256
16716 603
16717 1206
16718 589
16719 1207
16720 1206
16721 1153
16722 589
16723 1207
16724 1206
16725 29
16726 1153
16727 589
16728 1153
16729 589
16730 1206
16731 59
16732 1206
16733 1063
16734 589
16735 818
16736 31
16737 1206
16738 1153
16739 931
16740 1153
16741 72
16742 1206
16743 1206
16744 1207
16745 1208
16746 1206
16747 589
16748 72
16749 72
16750 818
16751 1153
16752 1153
16753 1153
16754 1206
16755 1206
16756 589
16757 31
16758 1208
16759 589
16760 1206
16761 31
16762 1153
16763 589
16764 1206
16765 1206
16766 59
16767 31
16768 1206
16769 931
16770 1208
16771 31
16772 1206
16773 1206
16774 1153
16775 1206
16776 31
16777 1208
16778 795
16779 1153
16780 589
16781 818
16782 589
16783 606
16784 589
16785 1206
16786 581
16787 589
16788 72
16789 92
16790 29
16791 589
16792 1206
16793 582
16794 29
16795 1206
16796 1206
16797 589
16798 1208
16799 31
16800 1208
16801 1206
16802 589
16803 1206
16804 589
16805 589
16806 31
16807 1206
16808 1208
16809 582
16810 1063
16811 1153
16812 1206
16813 92
16814 31
16815 59
16816 1208
16817 1206
16818 1206
16819 31
16820 589
16821 92
16822 1134
16823 72
16824 931
16825 1206
16826 1153
16827 1153
16828 589
16829 90
16830 931
16831 72
16832 1208
16833 1207
16834 45
16835 1206
16836 818
16837 589
16838 1206
16839 31
16840 1153
16841 1153
16842 1213
16843 72
16844 1153
16845 1216
16846 589
16847 1206
16848 1207
16849 1153
16850 1206
16851 1206
16852 931
16853 1153
16854 582
16855 582
16856 1206
16857 31
16858 31
16859 589
16860 31
16861 59
16862 1206
16863 1206
16864 1206
16865 1208
16866 1206
16867 931
16868 72
16869 1153
16870 1153
16871 1208
16872 589
16873 1206
16874 1153
16875 1153
16876 1208
16877 31
16878 589
16879 1206
16880 589
16881 72
16882 589
16883 1206
16884 1208
16885 818
16886 1206
16887 1153
16888 1207
16889 1208
16890 589
16891 1153
16892 818
16893 931
16894 589
16895 1206
16896 589
16897 1206
16898 800
16899 818
16900 1153
16901 589
16902 1206
16903 1206
16904 31
16905 1208
16906 589
16907 1206
16908 1134
16909 1206
16910 1153
16911 1206
16912 1153
16913 1134
16914 1153
16915 59
16916 1206
16917 29
16918 31
16919 1206
16920 1153
16921 1209
16922 1206
16923 31
16924 1206
16925 1206
16926 59
16927 1206
16928 1206
16929 1208
16930 1206
16931 72
16932 1206
16933 1153
16934 31
16935 1206
16936 1153
16937 1216
16938 1153
16939 1206
16940 1206
16941 789
16942 31
16943 931
16944 59
16945 589
16946 818
16947 1208
16948 31
16949 1206
16950 31
16951 818
16952 1207
16953 31
16954 1206
16955 589
16956 818
16957 1208
16958 1206
16959 31
16960 1206
16961 589
16962 931
16963 59
16964 1209
16965 1153
16966 69
16967 31
16968 1206
16969 1207
16970 931
16971 1206
16972 1206
16973 931
16974 1206
16975 1206
16976 31
16977 1206
16978 31
16979 589
16980 1206
16981 1134
16982 818
16983 1153
16984 1206
16985 1206
16986 1153
16987 1206
16988 1206
16989 72
16990 1206
16991 4
16992 1206
16993 1209
16994 1153
16995 818
16996 581
16997 1206
16998 1206
16999 1206
17000 1206
17001 1208
17002 1208
17003 1206
17004 72
17005 589
17006 1153
17007 1206
17008 589
17009 818
17010 1206
17011 589
17012 589
17013 72
17014 29
17015 931
17016 31
17017 31
17018 1206
17019 1153
17020 1153
17021 1153
17022 589
17023 31
17024 589
17025 589
17026 1206
17027 1208
17028 1206
17029 589
17030 59
17031 1206
17032 31
17033 606
17034 1206
17035 589
17036 72
17037 1153
17038 1153
17039 1153
17040 1153
17041 1206
17042 31
17043 931
17044 31
17045 1206
17046 818
17047 589
17048 29
17049 1153
17050 31
17051 1153
17052 1206
17053 1153
17054 589
17055 72
17056 589
17057 1216
17058 39
17059 1216
17060 914
17061 61
17062 812
17063 23
17064 588
17065 39
17066 1216
17067 1216
17068 789
17069 1216
17070 789
17071 72
17072 812
