9744 13
9745 118
9746 13
9747 25
9748 13
9749 1700
9750 140
9751 109
9752 13
9753 37
9754 28
9755 86
9756 28
9757 13
9758 140
9759 91
9760 51
9761 37
9762 1702
9763 81
9764 112
9765 86
9766 3
9767 99
9768 36
9769 13
9770 72
9771 13
9772 75
9773 99
9774 85
9775 74
9776 32
9777 101
9778 74
9779 9
9780 21
9781 1699
9782 75
9783 68
9784 88
9785 86
9786 80
9787 56
9788 74
9789 55
9790 132
9791 68
9792 75
9793 129
9794 782
9795 23
9796 1705
9797 33
9798 51
9799 52
9800 74
9801 113
9802 74
9803 2
9804 151
9805 23
9806 39
9807 9
9808 708
9809 1245
9810 1706
9811 132
9812 49
9813 31
9814 129
9815 77
9816 13
9817 112
9818 119
9819 189
9820 132
9821 72
9822 827
9823 75
9824 24
9825 113
9826 24
9827 72
9828 39
9829 119
9830 132
9831 155
9832 80
9833 36
9834 406
9835 72
9836 109
9837 141
9838 162
9839 684
9840 112
9841 99
9842 8
9843 13
9844 74
9845 677
9846 58
9847 64
9848 38
9849 32
9850 44
9851 141
9852 24
9853 100
9854 13
9855 32
9856 155
9857 56
9858 112
9859 118
9860 104
9861 13
9862 74
9863 86
9864 31
9865 91
9866 55
9867 75
9868 26
9869 74
9870 1709
9871 77
9872 81
9873 13
9874 78
9875 118
9876 104
9877 151
9878 827
9879 132
9880 39
9881 189
9882 36
9883 11
9884 26
9885 113
9886 36
9887 74
9888 27
9889 1712
9890 100
9891 79
9892 143
9893 132
9894 32
9895 782
9896 3
9897 141
9898 23
9899 1032
9900 47
9901 1713
9902 74
9903 68
9904 155
9905 49
9906 74
9907 13
9908 119
9909 708
9910 129
9911 146
9912 189
9913 148
9914 41
9915 148
9916 140
9917 1704
9918 49
9919 140
9920 86
9921 2
9922 705
9923 782
9924 86
9925 78
9926 13
9927 8
9928 16
9929 41
9930 109
9931 1710
9932 13
9933 112
9934 119
9935 99
9936 112
9937 109
9938 9
9939 113
9940 23
9941 33
9942 132
9943 91
9944 25
9945 1032
9946 34
9947 11
9948 708
9949 46
9950 10
9951 406
9952 58
9953 4
9954 189
9955 132
9956 9
9957 8
9958 2
9959 148
9960 8
9961 77
9962 34
9963 189
9964 41
9965 78
9966 68
9967 4
9968 74
9969 1707
9970 132
9971 13
9972 37
9973 56
9974 99
9975 140
9976 8
9977 34
9978 141
9979 705
9980 13
9981 31
9982 11
9983 74
9984 129
9985 515
9986 184
9987 113
9988 162
9989 113
9990 141
9991 36
9992 99
9993 24
9994 99
9995 26
9996 39
9997 49
9998 9
9999 99
10000 116
10001 68
10002 13
10003 413
10004 155
10005 91
10006 129
10007 113
10008 63
10009 80
10010 85
10011 1714
10012 132
10013 17
10014 142
10015 99
10016 132
10017 1715
10018 16
10019 677
10020 155
10021 123
10022 119
10023 39
10024 99
10025 119
10026 3
10027 99
10028 96
10029 55
10030 3
10031 75
10032 113
10033 116
10034 41
10035 113
10036 23
10037 142
10038 112
10039 81
10040 34
10041 51
10042 13
10043 11
10044 121
10045 75
10046 31
10047 15
10048 41
10049 16
10050 81
10051 63
10052 74
10053 31
10054 81
10055 99
10056 27
10057 75
10058 77
10059 596
10060 113
10061 74
10062 13
10063 141
10064 113
10065 104
10066 86
10067 86
10068 33
10069 119
10070 705
10071 80
10072 56
10073 132
10074 8
10075 1701
10076 21
10077 143
10078 8
10079 104
10080 75
10081 684
10082 746
10083 74
10084 49
10085 31
10086 13
10087 75
10088 31
10089 99
10090 23
10091 56
10092 78
10093 37
10094 113
10095 74
10096 99
10097 49
10098 104
10099 153
10100 16
10101 4
10102 86
10103 52
10104 77
10105 406
10106 24
10107 16
10108 25
10109 27
10110 104
10111 32
10112 13
10113 11
10114 80
10115 81
10116 31
10117 74
10118 763
10119 155
10120 132
10121 782
10122 49
10123 684
10124 85
10125 68
10126 25
10127 25
10128 39
10129 33
10130 79
10131 721
10132 37
10133 104
10134 23
10135 17
10136 72
10137 4
10138 32
10139 118
10140 81
10141 763
10142 77
10143 123
10144 74
10145 75
10146 33
10147 16
10148 99
10149 23
10150 140
10151 4
10152 81
10153 101
10154 99
10155 86
10156 24
10157 58
10158 74
10159 86
10160 132
10161 100
10162 32
10163 86
10164 80
10165 189
10166 31
10167 23
10168 705
10169 24
10170 79
10171 113
10172 86
10173 33
10174 99
10175 39
10176 77
10177 113
10178 39
10179 13
10180 1711
10181 13
10182 31
10183 21
10184 74
10185 13
10186 34
10187 74
10188 80
10189 74
10190 75
10191 44
10192 81
10193 140
10194 116
10195 10
10196 127
10197 151
10198 144
10199 2
10200 24
10201 137
10202 83
10203 154
10204 113
10205 1288
10206 49
10207 56
10208 132
10209 85
10210 9
10211 714
10212 81
10213 41
10214 32
10215 113
10216 74
10217 113
10218 3
10219 567
10220 15
10221 4
10222 13
10223 32
10224 140
10225 515
10226 113
10227 8
10228 112
10229 9
10230 74
10231 141
10232 74
10233 37
10234 123
10235 91
10236 125
10237 16
10238 86
10239 73
10240 74
10241 132
10242 86
10243 782
10244 981
10245 88
10246 41
10247 4
10248 140
10249 1703
10250 4
10251 109
10252 63
10253 99
10254 23
10255 74
10256 13
10257 49
10258 27
10259 81
10260 55
10261 15
10262 1708
10263 1716
10264 31
10265 77
10266 8
10267 1245
10268 708
10269 51
10270 1056
10271 49
10272 33
10273 1717
10274 79
10275 395
10276 64
10277 981
10278 8
10279 88
10280 51
10281 101
10282 23
10283 184
10284 80
10285 31
10286 56
10287 113
10288 11
10289 99
10290 4
10291 125
10292 49
10293 113
10294 55
10295 21
10296 33
10297 47
10298 835
10299 708
10300 189
10301 68
10302 515
10303 4
10304 34
10305 13
10306 31
10307 36
10308 49
10309 1016
10310 68
10311 746
10312 74
10313 74
10314 74
10315 75
10316 41
10317 129
10318 64
10319 146
10320 8
10321 87
10322 413
10323 74
10324 81
10325 75
10326 132
10327 99
10328 100
10329 782
10330 27
10331 56
10332 27
10333 21
10334 56
10335 708
10336 78
10337 25
10338 141
10339 78
10340 37
10341 47
10342 113
10343 113
10344 99
10345 8
10346 86
10347 64
10348 63
10349 132
10350 49
10351 46
10352 1718
10353 141
10354 1719
10355 68
10356 34
10357 11
10358 104
10359 85
10360 27
10361 21
10362 705
10363 91
10364 38
10365 99
10366 596
10367 17
10368 86
10369 118
10370 146
10371 75
10372 85
10373 8
10374 116
10375 86
10376 74
10377 406
10378 9
10379 25
10380 86
10381 3
10382 15
10383 74
10384 83
10385 78
10386 39
10387 116
10388 184
10389 13
10390 49
10391 68
10392 74
10393 27
10394 151
10395 38
10396 55
10397 684
10398 3
10399 4
10400 4
10401 39
10402 100
10403 16
10404 16
10405 72
10406 3
10407 33
10408 13
10409 129
10410 1245
10411 395
10412 83
10413 27
10414 77
10415 116
10416 148
10417 119
10418 32
10419 555
10420 140
10421 705
10422 708
10423 8
10424 34
10425 9
10426 109
10427 27
10428 96
10429 99
10430 75
10431 39
10432 4
10433 25
10434 121
10435 39
10436 3
10437 32
10438 104
10439 104
