6255 46
6256 63
6257 30
6258 31
6259 90
6260 1157
6261 1
6262 63
6263 19
6264 302
6265 1935
6266 57
6267 1936
6268 20
6269 1341
6270 245
6271 5
6272 5
6273 1937
6274 1
6275 54
6276 65
6277 19
6278 113
6279 63
6280 102
6281 302
6282 94
6283 19
6284 65
6285 213
6286 65
6287 113
6288 37
6289 90
6290 35
6291 31
6292 186
6293 12
6294 8
6295 25
6296 90
6297 153
6298 255
6299 42
6300 185
6301 1994
6302 46
6303 206
6304 167
6305 5
6306 20
6307 35
6308 35
6309 25
6310 94
6311 10
6312 167
6313 115
6314 251
6315 110
6316 94
6317 113
6318 31
6319 94
6320 2010
6321 1
6322 38
6323 113
6324 21
6325 102
6326 36
6327 55
6328 5
6329 57
6330 10
6331 167
6332 31
6333 37
6334 1157
6335 185
6336 112
6337 1994
6338 19
6339 37
6340 46
6341 65
6342 10
6343 140
6344 30
6345 112
6346 1341
6347 35
6348 302
6349 5
6350 147
6351 113
6352 1
6353 140
6354 90
6355 65
6356 10
6357 8
6358 113
6359 65
6360 102
6361 213
6362 1
6363 65
6364 1
6365 94
6366 1341
6367 302
6368 167
6369 63
6370 302
6371 302
6372 37
6373 65
6374 5
6375 10
6376 65
6377 65
6378 2010
6379 113
6380 30
6381 302
6382 302
6383 63
6384 21
6385 37
6386 1
6387 55
6388 138
6389 57
6390 63
6391 1157
6392 63
6393 63
6394 26
6395 206
6396 11
6397 94
6398 46
6399 251
6400 102
6401 102
6402 31
6403 1
6404 20
6405 20
6406 37
6407 148
6408 7
6409 5
6410 147
6411 148
6412 147
6413 251
6414 7
6415 2026
6416 31
6417 7
6418 209
6419 110
6420 7
6421 31
6422 31
6423 147
6424 8
6425 147
6426 30
6427 10
6428 65
6429 1938
6430 112
6431 255
6432 30
6433 65
6434 147
6435 30
6436 1994
6437 147
6438 209
6439 37
6440 63
6441 11
6442 2002
6443 113
6444 51
6445 10
6446 31
6447 5
6448 31
6449 25
6450 1988
6451 213
6452 65
6453 147
6454 5
6455 2002
6456 65
6457 19
6458 1
6459 7
6460 19
6461 209
6462 102
6463 31
6464 5
6465 20
6466 19
6467 31
6468 2031
6469 7
6470 10
6471 10
6472 10
6473 46
6474 5
6475 7
6476 1
6477 1939
6478 147
6479 115
6480 1999
6481 213
6482 19
6483 94
6484 21
6485 63
6486 102
6487 19
6488 77
6489 11
6490 2015
6491 113
6492 147
6493 1981
6494 147
6495 7
6496 5
6497 12
6498 2026
6499 1
6500 7
6501 65
6502 14
6503 63
6504 112
6505 51
6506 10
6507 37
6508 65
6509 19
6510 1191
6511 37
6512 5
6513 35
6514 1
6515 886
6516 886
6517 10
6518 140
6519 42
6520 213
6521 1940
6522 113
6523 112
6524 10
6525 21
6526 31
6527 63
6528 186
6529 63
6530 20
6531 1
6532 11
6533 209
6534 113
6535 5
6536 31
6537 37
6538 65
6539 112
6540 12
6541 186
6542 15
6543 5
6544 5
6545 167
6546 18
6547 147
6548 1941
6549 1942
6550 54
6551 26
6552 25
6553 65
6554 94
6555 1
6556 37
6557 65
6558 206
6559 147
6560 65
6561 183
6562 32
6563 5
6564 20
6565 1
6566 131
6567 140
6568 147
6569 25
6570 26
6571 10
6572 183
6573 25
6574 167
6575 5
6576 213
6577 1
6578 10
6579 5
6580 37
6581 37
6582 11
6583 46
6584 65
6585 206
6586 31
6587 147
6588 35
6589 65
6590 115
6591 255
6592 5
6593 5
6594 213
6595 37
6596 65
6597 65
6598 302
6599 2009
6600 185
6601 10
6602 25
6603 54
6604 1994
6605 1157
6606 5
6607 26
6608 113
6609 31
6610 167
6611 31
6612 171
6613 12
6614 94
6615 167
6616 12
6617 147
6618 209
6619 65
6620 302
6621 112
6622 140
6623 90
6624 7
6625 35
6626 113
6627 167
6628 63
6629 65
6630 7
6631 185
6632 156
6633 65
6634 37
6635 65
6636 147
6637 18
6638 186
6639 37
6640 113
6641 65
6642 183
6643 65
6644 46
6645 19
6646 61
6647 65
6648 46
6649 115
6650 63
6651 61
6652 113
6653 31
6654 46
6655 167
6656 21
6657 37
6658 31
6659 213
6660 1943
6661 77
6662 245
6663 65
6664 22
6665 213
6666 213
6667 31
6668 185
6669 21
6670 31
6671 21
6672 65
6673 10
6674 65
6675 31
6676 147
6677 5
6678 51
6679 90
6680 140
6681 94
6682 20
6683 65
6684 65
6685 63
6686 10
6687 19
6688 302
6689 140
6690 11
6691 35
6692 147
6693 12
6694 112
6695 20
6696 17
6697 31
6698 51
6699 30
6700 30
6701 51
6702 2002
6703 7
6704 154
6705 302
6706 302
6707 7
6708 63
6709 1997
6710 25
6711 186
6712 2031
6713 1397
6714 185
6715 135
6716 26
6717 37
6718 112
6719 113
6720 30
6721 7
6722 2009
6723 140
6724 167
6725 19
6726 2017
6727 147
6728 185
6729 5
6730 20
6731 65
6732 1945
6733 5
6734 302
6735 65
6736 185
6737 855
6738 57
6739 35
6740 206
6741 113
6742 46
6743 147
6744 213
6745 31
6746 20
6747 185
6748 1946
6749 63
6750 5
6751 31
6752 90
6753 147
6754 21
6755 63
6756 90
6757 86
6758 65
6759 302
6760 31
6761 14
6762 302
6763 65
6764 11
6765 209
6766 10
6767 167
6768 1996
6769 147
6770 7
6771 115
6772 30
6773 35
6774 5
6775 5
6776 43
6777 63
6778 31
6779 5
6780 19
6781 5
6782 32
6783 63
6784 147
6785 148
6786 5
6787 167
6788 264
6789 1
6790 26
6791 21
6792 57
6793 57
6794 21
6795 11
6796 113
6797 1947
6798 61
6799 65
6800 153
6801 65
6802 63
6803 2
6804 20
6805 186
6806 1341
6807 37
6808 1948
6809 115
6810 185
6811 302
6812 12
6813 130
6814 10
6815 63
6816 112
6817 30
6818 25
6819 5
6820 37
6821 855
6822 1983
6823 65
6824 7
6825 20
6826 61
6827 302
6828 302
6829 65
6830 255
6831 255
6832 302
6833 25
6834 65
6835 37
6836 63
6837 1
6838 35
6839 147
6840 206
6841 1191
6842 213
6843 113
6844 65
6845 5
6846 55
6847 35
6848 255
6849 1
6850 147
6851 112
6852 5
6853 135
6854 206
6855 65
6856 2030
6857 147
6858 19
6859 63
6860 10
6861 12
6862 206
6863 2
6864 35
6865 153
6866 12
6867 37
6868 110
6869 65
6870 186
6871 65
6872 185
6873 46
6874 171
6875 25
6876 113
6877 147
6878 86
6879 112
6880 94
6881 147
6882 20
6883 302
6884 113
6885 20
6886 31
6887 10
6888 2010
6889 147
6890 113
6891 65
6892 65
6893 86
6894 1949
6895 63
6896 12
6897 1
6898 113
6899 183
6900 65
6901 37
6902 183
6903 31
6904 65
6905 5
6906 15
6907 19
6908 10
6909 10
6910 167
6911 30
6912 30
6913 57
6914 21
6915 5
6916 37
6917 20
6918 206
6919 2
6920 90
6921 31
6922 30
6923 31
6924 186
6925 35
6926 30
6927 113
6928 63
6929 1988
6930 31
6931 186
6932 1
6933 148
6934 1994
6935 185
6936 1161
6937 63
6938 35
6939 213
6940 185
6941 1
6942 20
6943 213
6944 112
6945 10
6946 213
6947 1
6948 113
6949 65
6950 2
6951 31
6952 20
6953 30
6954 206
6955 185
6956 65
6957 147
6958 245
6959 140
6960 57
6961 94
6962 12
6963 113
6964 30
6965 30
6966 31
6967 54
6968 65
6969 63
6970 1950
6971 21
6972 1191
6973 31
6974 2006
6975 113
6976 35
6977 30
6978 1951
6979 65
6980 1996
6981 46
6982 61
6983 5
6984 31
6985 65
6986 110
6987 113
6988 63
6989 5
6990 293
6991 10
6992 31
6993 37
6994 30
6995 30
6996 2
6997 183
6998 55
6999 5
7000 1191
7001 30
7002 148
7003 185
7004 30
7005 102
7006 147
7007 1999
7008 90
7009 147
7010 186
7011 1191
7012 65
7013 302
7014 19
7015 185
7016 113
7017 5
7018 25
7019 94
7020 147
7021 30
7022 31
7023 21
7024 20
7025 31
7026 30
7027 65
7028 153
7029 65
7030 113
7031 2029
7032 206
7033 1952
7034 147
7035 209
7036 255
7037 12
7038 110
7039 57
7040 206
7041 35
7042 63
7043 46
7044 25
7045 2015
7046 12
7047 37
7048 102
7049 11
7050 21
7051 46
7052 65
7053 18
7054 206
7055 209
7056 37
7057 10
7058 102
7059 113
7060 147
7061 63
7062 12
7063 167
7064 1983
7065 46
7066 94
7067 113
7068 31
7069 10
7070 65
7071 31
7072 10
7073 302
7074 185
7075 65
7076 1953
7077 25
7078 255
7079 5
7080 1
7081 90
7082 886
7083 113
7084 1999
7085 65
7086 65
7087 1994
7088 37
7089 1954
7090 113
7091 46
7092 147
7093 113
7094 20
7095 2
7096 37
7097 11
7098 167
7099 302
7100 63
7101 20
7102 19
7103 2017
7104 65
7105 1955
7106 131
7107 90
7108 2
7109 7
7110 18
7111 5
7112 1981
7113 140
7114 11
7115 131
7116 113
7117 1956
7118 1997
7119 113
7120 21
7121 46
7122 186
7123 15
7124 35
7125 11
7126 102
7127 10
7128 65
7129 65
7130 65
7131 55
7132 63
7133 147
7134 206
7135 183
7136 5
7137 57
7138 19
7139 206
7140 20
7141 302
7142 153
7143 213
7144 1
7145 5
7146 46
7147 5
7148 209
7149 65
7150 186
7151 37
7152 55
7153 5
7154 115
7155 31
7156 65
7157 37
7158 209
7159 113
7160 2029
7161 206
7162 21
7163 213
7164 206
7165 22
7166 63
7167 206
7168 167
7169 30
7170 213
7171 147
7172 245
7173 11
7174 63
7175 20
7176 209
7177 209
7178 57
7179 65
7180 51
7181 1626
7182 5
7183 147
7184 65
7185 94
7186 5
7187 255
7188 10
7189 113
7190 1957
7191 167
7192 65
7193 5
7194 1958
7195 147
7196 30
7197 131
7198 7
7199 2
7200 25
7201 51
7202 31
7203 2030
7204 1797
7205 302
7206 213
7207 30
7208 113
7209 302
7210 25
7211 206
7212 2
7213 2
7214 86
7215 65
7216 90
7217 65
7218 183
7219 63
7220 5
7221 55
7222 185
7223 46
7224 31
7225 5
7226 171
7227 1157
7228 5
7229 302
7230 113
7231 5
7232 30
7233 113
7234 167
7235 42
7236 65
7237 51
7238 65
7239 65
7240 65
7241 5
7242 1996
7243 2005
7244 31
7245 5
7246 185
7247 5
7248 167
7249 90
7250 37
7251 5
7252 7
7253 46
7254 30
7255 90
7256 5
7257 57
7258 857
7259 5
7260 25
7261 7
7262 94
7263 7
7264 302
7265 94
7266 167
7267 113
7268 5
7269 15
7270 206
7271 102
7272 57
7273 102
7274 113
7275 102
7276 302
7277 1797
7278 113
7279 1
7280 30
7281 147
7282 36
7283 115
7284 2
7285 131
7286 10
7287 185
7288 302
7289 57
7290 7
7291 1157
7292 130
7293 113
7294 209
7295 186
7296 26
7297 1994
7298 20
7299 15
7300 1406
7301 185
7302 46
7303 183
7304 1959
7305 1994
7306 186
7307 206
7308 5
7309 1568
7310 302
7311 38
7312 65
7313 10
7314 57
7315 55
7316 21
7317 206
7318 94
7319 31
7320 65
7321 2006
7322 1960
7323 5
7324 30
7325 1
7326 147
7327 7
7328 5
7329 1
7330 65
7331 31
7332 1961
7333 147
7334 255
7335 25
7336 65
7337 25
7338 21
7339 209
7340 302
7341 46
7342 113
7343 94
7344 148
7345 46
7346 63
7347 35
7348 86
7349 94
7350 65
7351 63
7352 135
7353 140
7354 65
7355 147
7356 130
7357 1
7358 37
7359 65
7360 46
7361 20
7362 209
7363 130
7364 5
7365 7
7366 37
7367 65
7368 1102
7369 65
7370 185
7371 183
7372 140
7373 21
7374 302
7375 302
7376 65
7377 131
7378 115
7379 245
7380 113
7381 5
7382 7
7383 19
7384 255
7385 302
7386 1375
7387 37
7388 206
7389 167
7390 147
7391 19
7392 1962
7393 255
7394 147
7395 10
7396 147
7397 185
7398 302
7399 90
7400 7
7401 302
7402 65
7403 46
7404 65
7405 65
7406 65
7407 20
7408 2005
7409 57
7410 11
7411 5
7412 57
7413 206
7414 5
7415 5
7416 37
7417 65
7418 25
7419 209
7420 131
7421 1
7422 1963
7423 213
7424 167
7425 65
7426 30
7427 130
7428 30
7429 1964
7430 5
7431 302
7432 113
7433 25
7434 251
7435 147
7436 31
7437 37
7438 1965
7439 113
7440 38
7441 94
7442 31
7443 5
7444 65
7445 18
7446 57
7447 14
7448 5
7449 30
7450 131
7451 20
7452 113
7453 147
7454 206
7455 65
7456 153
7457 138
7458 1966
7459 61
7460 37
7461 65
7462 171
7463 206
7464 302
7465 1999
7466 30
7467 302
7468 1994
7469 31
7470 186
7471 113
7472 65
7473 167
7474 245
7475 186
7476 185
7477 25
7478 31
7479 65
7480 213
7481 46
7482 113
7483 20
7484 115
7485 4
7486 255
7487 57
7488 11
7489 113
7490 7
7491 147
7492 147
7493 167
7494 90
7495 46
7496 21
7497 191
7498 2029
7499 51
7500 7
7501 147
7502 5
7503 1
7504 167
7505 302
