22764 1307
22765 173
22766 173
22767 907
22768 173
22769 1527
22770 1212
22771 36
22772 1527
22773 1527
22774 1527
22775 1527
22776 1527
22777 886
22778 173
22779 214
22780 1527
22781 1527
22782 1527
22783 1527
22784 1527
22785 1527
22786 1527
22787 173
22788 1503
22789 886
22790 82
22791 1311
22792 1595
22793 173
22794 1527
22795 104
22796 173
22797 1527
22798 31
22799 110
22800 886
22801 175
22802 31
22803 1527
22804 173
22805 1527
22806 886
22807 1311
22808 1311
22809 1527
22810 1311
22811 893
22812 1311
22813 173
22814 173
22815 173
22816 1527
22817 1311
22818 1311
22819 173
22820 886
22821 1595
22822 1311
22823 1311
22824 1311
22825 173
22826 1957
22827 1957
22828 1503
22829 1311
22830 1311
22831 1311
22832 173
22833 1311
22834 886
22835 889
22836 1527
22837 142
22838 14
22839 1126
22840 55
22841 1546
22842 1311
22843 1311
22844 1546
22845 182
22846 1527
22847 904
22848 882
22849 1527
22850 1296
22851 31
22852 886
22853 258
22854 1407
22855 1503
22856 173
22857 886
22858 886
22859 173
22860 110
22861 1126
22862 173
22863 173
22864 1527
22865 886
22866 173
22867 173
22868 1212
22869 1212
22870 1972
22871 1212
22872 155
22873 173
22874 173
22875 1972
22876 11
22877 173
22878 1972
22879 11
22880 886
22881 11
22882 1972
22883 1303
22884 267
22885 132
22886 1527
22887 11
22888 100
22889 1311
22890 1307
22891 11
22892 11
22893 1527
22894 886
22895 11
22896 11
22897 11
22898 1527
22899 890
22900 55
22901 173
22902 11
22903 11
22904 173
22905 1972
22906 1972
22907 1972
22908 1972
22909 1527
22910 173
22911 11
22912 36
22913 1503
22914 11
22915 1527
22916 11
22917 11
22918 11
22919 11
22920 1527
22921 11
22922 59
22923 173
22924 1212
22925 110
22926 1527
22927 11
22928 11
22929 904
22930 1527
22931 11
22932 11
22933 1527
22934 173
22935 173
22936 11
22937 11
22938 11
22939 11
22940 1527
22941 11
22942 173
22943 886
22944 11
22945 11
22946 902
22947 1527
22948 904
22949 11
22950 11
22951 886
22952 886
22953 886
22954 1359
22955 11
22956 11
22957 11
22958 889
22959 11
22960 173
22961 100
22962 11
22963 11
22964 36
22965 886
22966 1598
22967 11
22968 104
22969 1311
22970 886
22971 1527
22972 11
22973 1527
22974 886
22975 241
22976 893
22977 886
22978 1311
22979 11
22980 11
22981 55
22982 11
22983 11
22984 1527
22985 1311
22986 1311
22987 1311
22988 1311
22989 1311
22990 173
22991 1311
22992 55
22993 1527
22994 173
22995 55
22996 241
22997 904
22998 104
22999 1126
23000 1503
23001 173
23002 886
23003 1593
23004 889
23005 89
23006 173
23007 1086
23008 36
23009 55
23010 1342
23011 55
23012 1311
23013 1527
23014 173
23015 55
23016 904
23017 1311
23018 1307
23019 104
23020 31
23021 31
23022 886
23023 1982
23024 1075
23025 172
23026 31
23027 1311
23028 1583
23029 173
23030 173
23031 904
23032 1075
23033 1311
23034 173
23035 1307
23036 886
23037 1311
23038 886
23039 25
23040 173
23041 886
23042 173
23043 1307
23044 1307
23045 1307
23046 55
23047 1503
23048 1307
23049 1527
23050 1311
23051 1527
23052 1595
23053 1527
23054 163
23055 64
23056 1583
23057 55
23058 1527
23059 1311
23060 1307
23061 886
23062 1075
23063 6
23064 1075
23065 89
23066 55
23067 1126
23068 904
23069 1359
23070 889
23071 1311
23072 1311
23073 1311
23074 89
23075 893
23076 55
23077 1503
23078 890
23079 904
23080 1503
23081 1527
23082 1311
23083 889
23084 799
23085 904
23086 680
23087 33
23088 904
23089 55
23090 1311
23091 1311
23092 1311
23093 1311
23094 1311
23095 1311
23096 1311
23097 1311
23098 1311
23099 1311
23100 1311
23101 55
23102 1311
23103 1307
23104 1311
23105 886
23106 1311
23107 1527
23108 1311
23109 1311
23110 1311
23111 110
23112 1311
23113 1311
23114 1311
23115 1311
23116 1311
23117 1311
23118 1311
23119 33
23120 1311
23121 1311
23122 104
23123 1311
23124 1311
23125 1311
23126 1311
23127 1311
23128 1311
23129 110
23130 1311
23131 1311
23132 1311
23133 1311
23134 1311
23135 886
23136 1311
23137 1311
23138 89
23139 1311
23140 1311
23141 1311
23142 1311
23143 1311
23144 1307
23145 1311
23146 1311
23147 1311
23148 1311
23149 1311
23150 1311
23151 1311
23152 1311
23153 110
23154 1527
23155 1311
23156 1214
23157 1311
23158 1311
23159 1311
23160 1311
23161 1311
23162 1311
23163 1311
23164 110
23165 1311
23166 1311
23167 1311
23168 1311
23169 1583
23170 1311
23171 1311
23172 1311
23173 1311
23174 182
23175 886
23176 890
23177 1311
23178 1311
23179 172
23180 886
23181 1311
23182 1311
23183 1307
23184 1311
23185 1311
23186 1212
23187 1311
23188 1311
23189 1311
23190 1311
23191 1311
23192 1311
23193 1311
23194 214
23195 893
23196 1311
23197 886
23198 1311
23199 1503
23200 1311
23201 163
23202 10
23203 1303
23204 55
23205 10
23206 10
23207 10
23208 1075
23209 110
23210 10
23211 1583
23212 1311
23213 104
23214 1311
23215 100
23216 1212
23217 1311
23218 110
23219 1311
23220 902
23221 1084
23222 55
23223 799
23224 1311
23225 55
23226 55
23227 155
23228 1546
23229 1311
23230 1311
23231 907
23232 1311
23233 1311
23234 1307
23235 55
23236 1311
23237 1311
23238 10
23239 1307
23240 1311
23241 886
23242 1546
23243 1311
23244 1311
23245 1307
23246 1099
23247 1311
23248 1311
23249 1311
23250 886
23251 55
23252 1307
23253 1311
23254 163
23255 39
23256 36
23257 1311
23258 110
23259 1583
23260 1583
23261 36
23262 110
23263 904
23264 904
23265 886
23266 1311
23267 1311
23268 36
23269 907
23270 89
23271 886
23272 36
23273 1311
23274 1503
23275 1503
23276 1311
23277 1307
23278 1307
23279 110
23280 36
23281 889
23282 55
23283 605
23284 605
23285 52
23286 605
23287 110
23288 902
23289 605
23290 1311
23291 55
23292 110
23293 1311
23294 1307
23295 1311
23296 893
23297 110
23298 89
23299 1307
23300 2065
23301 1311
23302 605
23303 25
23304 889
23305 36
23306 886
23307 886
23308 1311
23309 605
23310 1311
23311 110
23312 1311
23313 36
23314 1503
23315 110
23316 1303
23317 175
23318 238
23319 1311
23320 241
23321 100
23322 1311
23323 36
23324 55
23325 893
23326 886
23327 1311
23328 893
23329 55
23330 1503
23331 55
23332 886
23333 1311
23334 1311
23335 172
23336 172
23337 172
23338 36
23339 886
23340 10
23341 886
23342 55
23343 55
23344 175
23345 1595
23346 142
23347 10
23348 1311
23349 1964
23350 155
23351 155
23352 886
23353 1214
23354 890
23355 1075
23356 10
23357 10
23358 110
23359 110
23360 1224
23361 1311
23362 886
23363 155
23364 10
23365 1311
23366 886
23367 55
23368 91
23369 55
23370 55
23371 1307
23372 1546
23373 605
23374 1307
23375 1307
23376 1311
23377 1311
23378 1593
23379 55
23380 1311
23381 1307
23382 605
23383 55
23384 110
23385 889
23386 1311
23387 55
23388 605
23389 55
23390 886
23391 110
23392 605
23393 889
23394 1957
23395 110
23396 1311
23397 76
23398 1311
23399 1311
23400 1311
23401 605
23402 55
23403 1593
23404 155
23405 1583
23406 55
23407 1964
23408 893
23409 1503
23410 104
23411 1503
23412 14
23413 886
23414 893
23415 886
23416 884
23417 886
23418 886
23419 100
23420 1307
23421 1546
23422 893
23423 172
23424 1311
23425 89
23426 10
23427 55
23428 89
23429 48
23430 55
23431 886
23432 55
23433 889
23434 182
23435 182
23436 886
23437 55
23438 55
23439 55
23440 104
23441 55
23442 104
23443 172
23444 886
23445 886
23446 241
23447 889
23448 59
23449 55
23450 59
23451 102
23452 59
23453 70
23454 59
23455 55
23456 1579
23457 55
23458 1212
23459 55
23460 59
23461 100
23462 55
23463 36
23464 10
23465 210
23466 59
23467 1084
23468 889
23469 893
23470 1579
23471 55
23472 889
23473 886
23474 1503
23475 893
23476 886
23477 886
23478 55
23479 89
23480 893
23481 1593
23482 55
23483 1593
23484 1084
23485 10
23486 886
23487 886
23488 104
23489 55
23490 55
23491 55
23492 886
23493 886
23494 55
23495 889
23496 886
23497 25
23498 886
23499 1593
23500 2059
23501 904
23502 1311
23503 886
23504 25
23505 1593
23506 25
23507 893
23508 1593
23509 1593
23510 886
23511 59
23512 1593
23513 25
23514 25
23515 25
23516 2060
23517 14
23518 1646
23519 25
23520 25
23521 25
23522 1593
23523 1593
23524 25
23525 25
23526 25
23527 25
23528 25
23529 25
23530 25
23531 25
23532 25
23533 1342
23534 889
23535 886
23536 1593
23537 55
23538 886
23539 142
23540 1646
23541 1593
23542 55
23543 27
23544 1593
23545 55
23546 886
23547 1307
23548 886
23549 1593
23550 1593
23551 55
23552 55
23553 902
23554 138
23555 55
23556 70
23557 1593
23558 886
23559 104
23560 1593
23561 886
23562 2068
23563 902
23564 55
23565 1593
23566 1593
23567 1593
23568 138
23569 902
23570 55
23571 1593
23572 1593
23573 55
23574 2069
23575 1593
23576 886
23577 52
23578 1593
23579 1593
23580 1593
23581 1593
23582 886
23583 1593
23584 52
23585 55
23586 1593
23587 55
23588 1593
23589 1595
23590 1503
23591 886
23592 886
23593 55
23594 55
23595 1212
23596 889
23597 1307
23598 886
23599 889
23600 904
23601 2070
23602 2057
23603 1311
23604 1407
23605 55
23606 1503
23607 886
23608 1505
23609 1311
23610 55
23611 188
23612 886
23613 1084
23614 1212
23615 10
23616 55
23617 902
23618 1503
23619 33
23620 1503
23621 1503
23622 1075
23623 1503
23624 1503
23625 1307
23626 1982
23627 30
23628 886
23629 1595
23630 1650
23631 55
23632 1307
23633 55
23634 886
23635 1311
23636 55
23637 1503
23638 907
23639 104
23640 1503
23641 1503
23642 1646
23643 1503
23644 1503
23645 1595
23646 238
23647 138
23648 889
23649 89
23650 902
23651 31
23652 1307
23653 1503
23654 1307
23655 1307
23656 1503
23657 1503
23658 1307
23659 1503
23660 1503
23661 1303
23662 1595
23663 3
23664 1546
23665 1595
23666 1595
23667 886
23668 1595
23669 1503
23670 1079
23671 1307
23672 886
23673 1595
23674 1224
23675 1307
23676 10
23677 1303
23678 886
23679 1650
23680 1595
23681 1503
23682 1595
23683 55
23684 1503
23685 55
23686 52
23687 1303
23688 1296
23689 1303
23690 1503
23691 52
23692 1503
23693 889
23694 1503
23695 1303
23696 886
23697 886
23698 886
23699 886
23700 1503
23701 799
23702 1505
23703 1303
23704 1494
23705 52
23706 1503
23707 889
23708 886
23709 1503
23710 902
23711 1503
23712 1503
23713 172
23714 1307
23715 886
23716 1307
23717 1307
23718 55
23719 889
23720 1079
23721 55
23722 55
23723 55
23724 1303
23725 886
23726 52
23727 55
23728 55
23729 55
23730 1982
23731 55
23732 886
23733 1303
23734 10
23735 52
23736 10
23737 70
23738 70
23739 70
23740 70
23741 70
23742 70
23743 70
23744 70
23745 70
23746 55
23747 904
23748 886
23749 886
23750 10
23751 55
23752 889
23753 70
23754 70
23755 70
23756 70
23757 799
23758 1075
23759 55
23760 70
23761 886
23762 70
23763 70
23764 70
23765 904
23766 886
23767 2072
23768 1079
23769 70
23770 886
23771 70
23772 886
23773 1964
23774 36
23775 241
23776 138
23777 170
23778 170
23779 170
23780 170
23781 170
23782 170
23783 170
23784 1546
23785 1546
23786 1546
23787 1546
23788 1546
23789 214
23790 1546
23791 1546
23792 1546
23793 1546
23794 1546
23795 1546
23796 214
23797 170
23798 214
23799 134
23800 1546
23801 1546
23802 11
23803 1546
23804 11
23805 11
23806 170
23807 1546
23808 1655
23809 885
23810 11
23811 1651
23812 1651
23813 1651
23814 7
23815 214
23816 214
23817 214
23818 1651
23819 214
23820 214
23821 1651
23822 1214
23823 513
23824 1653
23825 131
23826 91
23827 11
23828 238
23829 258
23830 2066
23831 18
23832 1655
23833 885
23834 11
23835 885
23836 11
23837 295
23838 1546
23839 1696
23840 885
23841 11
23842 1656
23843 1546
23844 1656
23845 1663
23846 1546
23847 885
23848 258
23849 129
23850 885
23851 11
23852 886
23853 1655
23854 11
23855 2073
23856 885
23857 1656
23858 11
23859 11
23860 214
23861 11
23862 11
23863 882
23864 1668
23865 102
23866 1505
23867 1653
23868 272
23869 11
23870 258
23871 1546
23872 11
23873 11
23874 129
23875 129
23876 258
23877 1494
23878 36
23879 2075
23880 48
23881 295
23882 3
23883 2071
23884 885
23885 36
23886 885
23887 258
23888 258
23889 258
23890 12
23891 110
23892 1646
23893 258
23894 258
23895 258
23896 1583
23897 2076
23898 258
23899 134
23900 1075
23901 204
23902 258
23903 11
23904 1655
23905 258
23906 82
23907 214
23908 2077
23909 1075
23910 258
23911 1075
23912 1663
23913 163
23914 129
23915 91
23916 2078
23917 1494
23918 1104
23919 102
23920 82
23921 12
23922 129
23923 11
23924 129
23925 885
23926 1975
23927 295
23928 7
23929 204
23930 1666
23931 1104
23932 1653
23933 295
23934 1470
23935 41
23936 11
23937 2021
23938 2079
23939 1668
23940 11
23941 7
23942 258
23943 1668
23944 238
23945 885
23946 2045
23947 23
23948 2081
23949 7
23950 1663
23951 41
23952 1655
23953 1655
23954 129
23955 129
23956 10
23957 885
23958 885
23959 1668
23960 1075
23961 1668
23962 1655
23963 1668
23964 214
23965 1075
23966 1668
23967 1655
23968 11
23969 214
23970 89
23971 11
23972 129
23973 1655
23974 11
23975 1583
23976 885
23977 2082
23978 1546
23979 1655
23980 11
23981 605
23982 885
23983 204
23984 129
23985 1663
23986 885
23987 129
23988 1917
23989 1975
23990 1655
23991 1666
23992 11
23993 1546
23994 258
23995 886
23996 11
23997 129
23998 65
23999 181
24000 11
24001 129
24002 1505
24003 1546
24004 885
24005 41
24006 41
24007 11
24008 129
24009 23
24010 41
24011 904
24012 1655
24013 1656
24014 129
24015 11
24016 1214
24017 885
24018 11
24019 295
24020 131
24021 885
24022 131
24023 1075
24024 1655
24025 1651
24026 1655
24027 11
24028 1655
24029 885
24030 65
24031 102
24032 131
24033 238
24034 3
24035 11
24036 258
24037 885
24038 1651
24039 1668
24040 1653
24041 2061
24042 102
24043 1668
24044 102
24045 1655
24046 885
24047 129
24048 885
24049 1651
24050 1583
24051 4
24052 1546
24053 104
24054 885
24055 65
24056 890
24057 885
24058 1668
24059 131
24060 1583
24061 10
24062 885
24063 127
24064 11
24065 605
24066 2083
24067 1546
24068 129
24069 1653
24070 885
24071 1470
24072 1655
24073 1651
24074 1546
24075 11
24076 1651
24077 0
24078 885
24079 129
24080 1668
24081 1668
24082 2021
24083 1655
24084 2084
24085 53
24086 1655
24087 1104
24088 11
24089 1079
24090 82
24091 11
24092 11
24093 65
24094 65
24095 258
24096 129
24097 1668
24098 1651
24099 65
24100 272
24101 295
24102 65
24103 258
24104 102
24105 4
24106 1680
24107 139
24108 885
24109 65
24110 129
24111 885
24112 885
24113 1546
24114 1668
24115 1546
24116 1668
24117 129
24118 1655
24119 112
24120 885
24121 885
24122 885
24123 1668
24124 129
24125 1668
24126 129
24127 65
24128 1075
24129 1655
24130 2062
24131 680
24132 885
24133 1668
24134 885
24135 885
24136 1668
24137 1668
24138 65
24139 1668
24140 885
24141 1668
24142 885
24143 65
24144 885
24145 1668
24146 241
24147 1668
24148 1668
24149 1668
24150 1683
24151 885
24152 1668
24153 1668
24154 1668
24155 1668
24156 1668
24157 1668
24158 962
24159 1668
24160 65
24161 134
24162 1668
24163 1668
24164 204
24165 1668
24166 102
24167 1668
24168 1668
24169 1546
24170 1668
24171 1668
24172 1668
24173 1668
24174 1668
24175 1668
24176 1668
24177 1668
24178 1668
24179 1666
24180 1203
24181 1668
24182 885
24183 1668
24184 1668
24185 1668
24186 1668
24187 11
24188 1668
24189 885
24190 1546
24191 885
24192 1668
24193 885
24194 885
24195 1668
24196 1655
24197 39
24198 1668
24199 1668
24200 1668
24201 102
24202 65
24203 1668
24204 1668
24205 2085
24206 1668
24207 1668
24208 1668
24209 258
24210 1470
24211 238
24212 258
24213 885
24214 1668
24215 1668
24216 170
24217 1668
24218 1655
24219 1668
24220 102
24221 1668
24222 1546
24223 134
24224 134
24225 1655
24226 1668
24227 134
24228 104
24229 104
24230 104
24231 104
24232 104
24233 69
24234 104
24235 104
24236 69
24237 1668
24238 1668
24239 2086
24240 104
24241 258
24242 1546
24243 2064
24244 1655
24245 258
24246 104
24247 1655
24248 1505
24249 1546
24250 1668
24251 893
24252 1075
24253 1696
24254 102
24255 204
24256 1075
24257 1505
24258 1075
24259 104
24260 885
24261 1668
24262 204
24263 76
24264 102
24265 885
24266 104
24267 1668
24268 1075
24269 1668
24270 1668
24271 1075
24272 1075
24273 1075
24274 1075
24275 1668
24276 188
24277 1668
24278 885
24279 885
24280 1668
24281 1075
24282 1075
24283 1075
24284 1668
24285 170
24286 1668
24287 885
24288 1668
24289 1668
24290 1689
24291 1689
24292 1689
24293 885
24294 885
24295 1546
24296 1668
24297 91
24298 1668
24299 2067
24300 65
24301 295
24302 102
24303 104
24304 1668
24305 1075
24306 104
24307 1689
24308 238
24309 1505
24310 1668
24311 11
24312 1655
24313 886
24314 885
24315 1546
24316 1689
24317 1668
24318 1075
24319 1655
24320 1668
24321 1075
24322 1655
24323 258
24324 1683
24325 885
24326 1546
24327 65
24328 1668
24329 65
24330 1655
24331 1663
24332 1668
24333 1655
24334 238
24335 1655
24336 886
24337 1655
24338 1655
24339 272
24340 1668
24341 272
24342 1668
24343 40
24344 1494
24345 1505
24346 3
24347 1689
24348 1655
24349 1546
24350 181
24351 1668
24352 204
24353 1668
24354 885
24355 1655
24356 1653
24357 1546
24358 1668
24359 1668
24360 1668
24361 1668
24362 82
24363 885
24364 204
24365 893
24366 1668
24367 258
24368 295
24369 1668
24370 1668
24371 102
24372 1680
24373 258
24374 1668
24375 1668
24376 102
24377 204
24378 41
24379 102
24380 1668
24381 1668
24382 134
24383 885
24384 258
24385 272
24386 2074
24387 1470
24388 102
24389 1075
24390 1104
24391 204
24392 238
24393 1653
24394 885
24395 1546
24396 36
24397 258
24398 134
24399 1668
24400 1655
24401 885
24402 885
24403 65
24404 272
24405 1075
24406 1075
24407 134
24408 52
24409 2087
24410 104
24411 1546
24412 134
24413 1075
24414 104
24415 1975
24416 1668
24417 2088
24418 1655
24419 1668
24420 7
24421 11
24422 2063
24423 1546
24424 1668
24425 1653
24426 65
24427 1975
24428 89
24429 41
24430 102
24431 1546
24432 102
24433 885
24434 11
24435 102
24436 134
24437 1668
24438 65
24439 2089
24440 31
24441 238
24442 1653
24443 1668
24444 11
24445 1695
24446 11
24447 885
24448 1546
24449 1075
24450 1668
24451 1546
24452 1668
24453 1653
24454 1680
24455 1668
24456 885
24457 1653
24458 1546
24459 1546
24460 65
24461 1668
24462 104
24463 69
24464 1075
24465 1075
24466 1075
24467 1075
24468 1653
24469 1075
24470 1075
24471 1075
24472 1653
24473 893
24474 885
24475 1653
24476 1668
24477 1546
24478 104
24479 1668
24480 907
24481 1653
24482 11
24483 1668
24484 69
24485 69
24486 18
24487 102
24488 1653
24489 139
24490 104
24491 1
24492 258
24493 258
24494 1668
24495 1075
24496 1668
24497 1668
24498 1668
24499 1655
24500 1546
24501 1075
24502 139
24503 1668
24504 1668
24505 1655
24506 1075
24507 1668
24508 48
24509 1126
24510 1668
24511 3
24512 1470
24513 6
24514 258
24515 11
24516 1696
24517 885
24518 2090
24519 134
24520 1668
24521 1653
24522 1696
24523 1653
24524 1546
24525 82
24526 258
24527 1203
24528 258
24529 82
24530 1668
24531 885
24532 1655
24533 272
24534 1546
24535 1546
24536 1546
24537 1668
24538 1696
24539 238
24540 1666
24541 1
24542 295
24543 1546
24544 25
24545 1203
24546 885
24547 10
24548 885
24549 1
24550 131
24551 885
24552 1546
24553 82
24554 885
24555 1668
24556 139
24557 1104
24558 295
24559 1655
24560 1668
24561 885
24562 885
24563 885
24564 2021
24565 40
24566 885
24567 69
24568 69
24569 886
24570 885
24571 238
24572 1668
24573 1583
24574 885
24575 258
24576 258
24577 885
24578 272
24579 1546
24580 885
24581 258
24582 129
24583 238
24584 885
24585 18
24586 1668
24587 272
24588 127
24589 885
24590 1546
24591 1546
24592 82
24593 1075
24594 2045
24595 1505
24596 885
24597 1668
24598 1546
24599 2058
24600 885
24601 204
24602 258
24603 1505
24604 1668
24605 258
24606 885
24607 884
24608 82
24609 102
24610 1695
24611 258
24612 2091
24613 11
24614 893
24615 258
24616 1653
24617 1668
24618 1680
24619 885
24620 1546
24621 1668
24622 1668
24623 1546
24624 1655
24625 1546
24626 1668
24627 1546
24628 1668
24629 2092
24630 2093
24631 204
24632 1666
24633 1
24634 1655
24635 1
24636 134
24637 1546
24638 1668
24639 885
24640 258
24641 1
24642 885
24643 241
24644 134
24645 258
24646 258
24647 258
24648 258
24649 258
24650 885
24651 258
24652 2080
24653 1546
24654 1546
24655 258
24656 36
24657 1653
24658 258
24659 1086
24660 885
