20867 916
20868 55
20869 916
20870 241
20871 916
20872 916
20873 916
20874 916
20875 104
20876 893
20877 916
20878 1296
20879 891
20880 1300
20881 916
20882 916
20883 916
20884 916
20885 916
20886 916
20887 916
20888 916
20889 916
20890 1655
20891 104
20892 31
20893 1126
20894 893
20895 886
20896 272
20897 1647
20898 1494
20899 916
20900 916
20901 916
20902 916
20903 1075
20904 904
20905 916
20906 916
20907 104
20908 110
20909 31
20910 241
20911 1084
20912 889
20913 680
20914 104
20915 889
20916 1084
20917 680
20918 916
20919 163
20920 916
20921 916
20922 155
20923 1203
20924 1733
20925 104
20926 889
20927 916
20928 1407
20929 11
20930 1104
20931 916
20932 916
20933 11
20934 916
20935 916
20936 110
20937 916
20938 889
20939 889
20940 886
20941 110
20942 916
20943 11
20944 1300
20945 89
20946 11
20947 907
20948 916
20949 680
20950 916
20951 173
20952 31
20953 891
20954 11
20955 886
20956 916
20957 241
20958 31
20959 916
20960 1126
20961 886
20962 48
20963 886
20964 916
20965 916
20966 1734
20967 916
20968 891
20969 891
20970 680
20971 1104
20972 916
20973 31
20974 1126
20975 104
20976 241
20977 163
20978 1104
20979 916
20980 680
20981 916
20982 916
20983 916
20984 680
20985 1104
20986 916
20987 1104
20988 916
20989 241
20990 1104
20991 1104
20992 916
20993 1307
20994 886
20995 916
20996 916
20997 893
20998 916
20999 1104
21000 33
21001 893
21002 916
21003 1104
21004 916
21005 89
21006 890
21007 1503
21008 1503
21009 1104
21010 680
21011 31
21012 0
21013 916
21014 916
21015 916
21016 1104
21017 1104
21018 916
21019 916
21020 891
21021 1104
21022 1503
21023 1503
21024 3
21025 1104
21026 110
21027 916
21028 1126
21029 1104
21030 110
21031 238
21032 680
21033 1126
21034 680
21035 1104
21036 1104
21037 893
21038 916
21039 886
21040 891
21041 1579
21042 110
21043 886
21044 1224
21045 1104
21046 104
21047 110
21048 1503
21049 1104
21050 14
21051 916
21052 1126
21053 1505
21054 1104
21055 916
21056 14
21057 916
21058 890
21059 1494
21060 886
21061 14
21062 1104
21063 916
21064 1104
21065 1126
21066 1126
21067 916
21068 916
21069 886
21070 886
21071 889
21072 891
21073 1126
21074 1104
21075 1677
21076 916
21077 916
21078 886
21079 77
21080 1104
21081 1126
21082 1079
21083 891
21084 1075
21085 916
21086 1580
21087 605
21088 1104
21089 110
21090 1104
21091 1079
21092 14
21093 210
21094 916
21095 175
21096 1738
21097 89
21098 1126
21099 1079
21100 904
21101 889
21102 1736
21103 175
21104 786
21105 1126
21106 1084
21107 1655
21108 48
21109 77
21110 886
21111 886
21112 1126
21113 1079
21114 891
21115 106
21116 1307
21117 1079
21118 155
21119 916
21120 886
21121 907
21122 89
21123 104
21124 890
21125 55
21126 175
21127 916
21128 33
21129 89
21130 891
21131 916
21132 904
21133 55
21134 916
21135 104
21136 916
21137 886
21138 55
21139 891
21140 891
21141 890
21142 155
21143 916
21144 896
21145 891
21146 890
21147 11
21148 891
21149 1126
21150 886
21151 1503
21152 889
21153 891
21154 891
21155 1307
21156 241
21157 1214
21158 886
21159 76
21160 1079
21161 886
21162 891
21163 110
21164 916
21165 891
21166 204
21167 886
21168 891
21169 891
21170 110
21171 33
21172 1307
21173 104
21174 886
21175 1503
21176 31
21177 916
21178 886
21179 1494
21180 104
21181 889
21182 886
21183 1079
21184 31
21185 886
21186 1494
21187 889
21188 1581
21189 907
21190 1126
21191 891
21192 916
21193 890
21194 40
21195 1086
21196 891
21197 891
21198 904
21199 31
21200 902
21201 106
21202 110
21203 86
21204 1739
21205 889
21206 891
21207 104
21208 1079
21209 89
21210 104
21211 31
21212 55
21213 889
21214 1126
21215 890
21216 886
21217 1079
21218 1311
21219 886
21220 886
21221 902
21222 886
21223 86
21224 1079
21225 1126
21226 1079
21227 258
21228 1084
21229 1079
21230 916
21231 1079
21232 1732
21233 902
21234 886
21235 886
21236 104
21237 916
21238 916
21239 902
21240 886
21241 1284
21242 1581
21243 110
21244 902
21245 33
21246 1079
21247 40
21248 110
21249 1503
21250 1307
21251 1307
21252 1307
21253 1307
21254 916
21255 886
21256 55
21257 1579
21258 886
21259 605
21260 916
21261 891
21262 605
21263 891
21264 891
21265 172
21266 605
21267 1654
21268 886
21269 916
21270 1494
21271 600
21272 1084
21273 1351
21274 891
21275 31
21276 31
21277 891
21278 891
21279 40
21280 891
21281 181
21282 1084
21283 1084
21284 1084
21285 1084
21286 1084
21287 1084
21288 1084
21289 77
21290 31
21291 886
21292 1084
21293 886
21294 1454
21295 1735
21296 110
21297 889
21298 916
21299 175
21300 267
21301 916
21302 889
21303 55
21304 14
21305 106
21306 3
21307 14
21308 55
21309 1084
21310 1454
21311 1075
21312 1075
21313 31
21314 55
21315 889
21316 14
21317 14
21318 889
21319 893
21320 886
21321 886
21322 1737
21323 11
21324 106
21325 14
21326 1740
21327 14
21328 891
21329 106
21330 106
21331 106
21332 106
21333 55
21334 889
21335 163
21336 110
21337 14
21338 110
21339 104
21340 886
21341 916
21342 889
21343 100
21344 889
21345 14
21346 55
21347 14
21348 1579
21349 916
21350 272
21351 272
21352 1284
21353 605
21354 1546
21355 5
21356 896
21357 891
21358 886
21359 889
21360 886
21361 1546
21362 1307
21363 891
21364 605
21365 1084
21366 886
21367 110
21368 258
21369 104
21370 25
21371 172
21372 1084
21373 55
21374 893
21375 891
21376 31
21377 55
21378 110
21379 886
21380 110
21381 605
21382 1075
21383 886
21384 55
21385 916
21386 1214
21387 31
21388 267
21389 1546
21390 1741
21391 886
21392 891
21393 1503
21394 55
21395 55
21396 1654
21397 1084
21398 110
21399 1583
21400 1583
21401 1583
21402 904
21403 1084
21404 1503
21405 1583
21406 267
21407 902
21408 1126
21409 241
21410 891
21411 886
21412 1742
21413 110
21414 1743
21415 1583
21416 1583
21417 14
21418 89
21419 1586
21420 886
21421 889
21422 14
21423 31
21424 31
21425 40
21426 139
21427 40
21428 1307
21429 267
21430 55
21431 31
21432 886
21433 1546
21434 886
21435 904
21436 40
21437 31
21438 55
21439 902
21440 110
21441 891
21442 55
21443 139
21444 55
21445 886
21446 1579
21447 889
21448 14
21449 40
21450 40
21451 40
21452 891
21453 31
21454 1126
21455 1503
21456 886
21457 175
21458 889
21459 889
21460 40
21461 110
21462 1583
21463 886
21464 893
21465 31
21466 155
21467 1583
21468 89
21469 889
21470 1079
21471 1583
21472 267
21473 33
21474 891
21475 110
21476 1583
21477 1084
21478 902
21479 891
21480 267
21481 891
21482 904
21483 1583
21484 14
21485 893
21486 1310
21487 182
21488 891
21489 55
21490 1126
21491 272
21492 267
21493 138
21494 1126
21495 1503
21496 132
21497 104
21498 31
21499 907
21500 1503
21501 172
21502 889
21503 890
21504 893
21505 172
21506 886
21507 1505
21508 267
21509 1503
21510 138
21511 891
21512 110
21513 1588
21514 1546
21515 1126
21516 1546
21517 104
21518 886
21519 1503
21520 1583
21521 886
21522 893
21523 891
21524 110
21525 1503
21526 1307
21527 1084
21528 907
21529 1503
21530 886
21531 1454
21532 132
21533 172
21534 31
21535 55
21536 31
21537 11
21538 11
21539 11
21540 110
21541 891
21542 11
21543 886
21544 134
21545 1126
21546 110
21547 886
21548 11
21549 134
21550 11
21551 11
21552 31
21553 904
21554 11
21555 11
21556 1307
21557 1586
21558 11
21559 110
21560 11
21561 31
21562 11
21563 267
21564 1505
21565 31
21566 11
21567 104
21568 11
21569 11
21570 31
21571 155
21572 31
21573 11
21574 1126
21575 11
21576 172
21577 11
21578 886
21579 172
21580 31
21581 181
21582 891
21583 11
21584 11
21585 181
21586 11
21587 886
21588 31
21589 110
21590 1075
21591 89
21592 11
21593 163
21594 14
21595 31
21596 11
21597 14
21598 1126
21599 11
21600 1588
21601 889
21602 1079
21603 11
21604 886
21605 1126
21606 14
21607 31
21608 36
21609 40
21610 889
21611 902
21612 1126
21613 241
21614 889
21615 110
21616 1079
21617 886
21618 89
21619 241
21620 1126
21621 902
21622 1214
21623 1086
21624 886
21625 110
21626 1744
21627 31
21628 172
21629 104
21630 204
21631 104
21632 893
21633 1079
21634 1380
21635 1677
21636 1079
21637 904
21638 241
21639 11
21640 11
21641 11
21642 1079
21643 11
21644 904
21645 889
21646 889
21647 1079
21648 1075
21649 891
21650 1503
21651 89
21652 172
21653 889
21654 886
21655 889
21656 110
21657 77
21658 889
21659 31
21660 11
21661 31
21662 241
21663 1079
21664 907
21665 175
21666 1079
21667 1079
21668 55
21669 104
21670 1707
21671 55
21672 889
21673 272
21674 1307
21675 907
21676 11
21677 1303
21678 1079
21679 1079
21680 110
21681 1307
21682 1307
21683 11
21684 1307
21685 172
21686 238
21687 132
21688 893
21689 889
21690 886
21691 902
21692 110
21693 204
21694 1609
21695 1212
21696 1212
21697 1212
21698 902
21699 11
21700 896
21701 11
21702 889
21703 11
21704 31
21705 1310
21706 1307
21707 172
21708 902
21709 1503
21710 1695
21711 11
21712 1505
21713 110
21714 40
21715 1212
21716 172
21717 1212
21718 1212
21719 172
21720 11
21721 11
21722 1212
21723 1212
21724 11
21725 11
21726 11
21727 1609
21728 14
21729 172
21730 14
21731 14
21732 1212
21733 11
21734 902
21735 11
21736 100
21737 886
21738 172
21739 11
21740 172
21741 11
21742 5
21743 902
21744 907
21745 902
21746 902
21747 902
21748 31
21749 1212
21750 11
21751 11
21752 1212
21753 889
21754 11
21755 1079
21756 1307
21757 1307
21758 1311
21759 110
21760 1126
21761 11
21762 241
21763 8
21764 886
21765 172
21766 11
21767 889
21768 31
21769 1212
21770 31
21771 893
21772 902
21773 1745
21774 172
21775 1310
21776 55
21777 902
21778 1311
21779 1212
21780 5
21781 11
21782 902
21783 1212
21784 891
21785 891
21786 889
21787 889
21788 172
21789 889
21790 886
21791 5
21792 241
21793 893
21794 55
21795 11
21796 241
21797 172
21798 11
21799 11
21800 11
21801 1212
21802 902
21803 902
21804 891
21805 11
21806 241
21807 1311
21808 11
21809 902
21810 902
21811 902
21812 11
21813 891
21814 11
21815 886
21816 5
21817 902
21818 886
21819 11
21820 902
21821 241
21822 11
21823 1311
21824 241
21825 5
21826 241
21827 11
21828 241
21829 1307
21830 1212
21831 222
21832 132
21833 5
21834 142
21835 11
21836 1079
21837 11
21838 11
21839 11
21840 142
21841 89
21842 902
21843 110
21844 902
21845 14
21846 11
21847 11
21848 1505
21849 893
21850 886
21851 891
21852 1214
21853 241
21854 1311
21855 55
21856 1503
21857 902
21858 1079
21859 1212
21860 104
21861 891
21862 902
21863 902
21864 902
21865 172
21866 532
21867 1311
21868 889
21869 241
21870 891
21871 1503
21872 48
21873 891
21874 64
21875 891
21876 1212
21877 902
21878 902
21879 902
21880 1695
21881 173
21882 1311
21883 889
21884 902
21885 902
21886 902
21887 163
21888 31
21889 1310
21890 886
21891 886
21892 106
21893 886
21894 110
21895 1307
21896 1307
21897 1212
21898 1307
21899 1407
21900 891
21901 172
21902 1300
21903 110
21904 1307
21905 142
21906 1212
21907 1311
21908 889
21909 886
21910 1203
21911 142
21912 142
21913 110
21914 173
21915 1307
21916 893
21917 889
21918 886
21919 1593
21920 889
21921 55
21922 142
21923 110
21924 1707
21925 893
21926 1307
21927 155
21928 893
21929 893
21930 1311
21931 1503
21932 886
21933 1593
21934 907
21935 1375
21936 902
21937 241
21938 241
21939 1126
21940 1079
21941 1079
21942 1311
21943 1503
21944 55
21945 89
21946 902
21947 1075
21948 902
21949 241
21950 182
21951 241
21952 104
21953 1212
21954 110
21955 1212
21956 241
21957 241
21958 1307
21959 241
21960 241
21961 241
21962 14
21963 14
21964 1583
21965 89
21966 3
21967 902
21968 110
21969 1126
21970 1503
21971 1075
21972 889
21973 1503
21974 241
21975 155
21976 110
21977 14
21978 1609
21979 904
21980 36
21981 889
21982 1212
21983 110
21984 172
21985 33
21986 241
21987 31
21988 56
21989 55
21990 904
21991 786
21992 1307
21993 1212
21994 31
21995 1307
21996 31
21997 889
21998 1505
21999 77
22000 55
22001 889
22002 1212
22003 55
22004 31
22005 1503
22006 886
22007 1595
22008 40
22009 1079
22010 1212
22011 1503
22012 100
22013 902
22014 889
22015 1126
22016 889
22017 1503
22018 889
22019 1342
22020 893
22021 241
22022 155
22023 1746
22024 110
22025 25
22026 1503
22027 886
22028 886
22029 1503
22030 55
22031 886
22032 25
22033 241
22034 155
22035 902
22036 889
22037 1593
22038 89
22039 1583
22040 1079
22041 173
22042 173
22043 173
22044 173
22045 173
22046 173
22047 173
22048 173
22049 173
22050 173
22051 173
22052 173
22053 173
22054 173
22055 173
22056 173
22057 173
22058 173
22059 173
22060 173
22061 1598
22062 173
22063 173
22064 173
22065 173
22066 1615
22067 173
22068 173
22069 173
22070 173
22071 173
22072 173
22073 173
22074 173
22075 173
22076 173
22077 173
22078 173
22079 173
22080 173
22081 173
22082 173
22083 173
22084 173
22085 173
22086 173
22087 173
22088 173
22089 173
22090 173
22091 173
22092 173
22093 173
22094 173
22095 173
22096 893
22097 173
22098 173
22099 173
22100 173
22101 173
22102 173
22103 173
22104 173
22105 173
22106 173
22107 1598
22108 173
22109 893
22110 173
22111 94
22112 94
22113 173
22114 173
22115 173
22116 173
22117 173
22118 173
22119 173
22120 173
22121 173
22122 173
22123 173
22124 173
22125 173
22126 173
22127 173
22128 173
22129 173
22130 1203
22131 173
22132 173
22133 173
22134 173
22135 173
22136 173
22137 173
22138 173
22139 173
22140 173
22141 173
22142 173
22143 173
22144 173
22145 173
22146 173
22147 173
22148 173
22149 173
22150 173
22151 1598
22152 173
22153 173
22154 173
22155 173
22156 173
22157 173
22158 173
22159 173
22160 173
22161 173
22162 173
22163 173
22164 110
22165 173
22166 173
22167 173
22168 173
22169 173
22170 173
22171 173
22172 173
22173 173
22174 55
22175 173
22176 173
22177 173
22178 173
22179 173
22180 173
22181 173
22182 1655
22183 110
22184 25
22185 173
22186 173
22187 173
22188 173
22189 173
22190 173
22191 173
22192 173
22193 173
22194 173
22195 173
22196 173
22197 173
22198 173
22199 173
22200 173
22201 173
22202 173
22203 173
22204 173
22205 173
22206 1307
22207 173
22208 173
22209 173
22210 173
22211 173
22212 173
22213 142
22214 173
22215 173
22216 173
22217 173
22218 173
22219 173
22220 173
22221 173
22222 173
22223 173
22224 173
22225 173
22226 173
22227 173
22228 173
22229 173
22230 1311
22231 173
22232 173
22233 1303
22234 104
22235 173
22236 173
22237 173
22238 173
22239 173
22240 173
22241 173
22242 173
22243 1212
22244 173
22245 173
22246 173
22247 173
22248 173
22249 173
22250 173
22251 1342
22252 173
22253 173
22254 173
22255 173
22256 14
22257 173
22258 173
22259 14
22260 173
22261 173
22262 173
22263 173
22264 173
22265 173
22266 173
22267 173
22268 173
22269 173
22270 173
22271 173
22272 173
22273 173
22274 173
22275 173
22276 173
22277 173
22278 173
22279 173
22280 173
22281 55
22282 173
22283 173
22284 173
22285 173
22286 173
22287 173
22288 173
22289 173
22290 173
22291 173
22292 173
22293 173
22294 173
22295 173
22296 1598
22297 173
22298 173
22299 173
22300 173
22301 173
22302 173
22303 173
22304 173
22305 173
22306 173
22307 173
22308 173
22309 173
22310 173
22311 104
22312 55
22313 173
22314 173
22315 173
22316 173
22317 173
22318 173
22319 1505
22320 1527
22321 1527
22322 173
22323 173
22324 56
22325 89
22326 173
22327 173
22328 1527
22329 1527
22330 173
22331 1527
22332 1527
22333 173
22334 173
22335 173
22336 1527
22337 173
22338 173
22339 1598
22340 173
22341 1527
22342 173
22343 1527
22344 173
22345 1527
22346 173
22347 173
22348 173
22349 1527
22350 1527
22351 1527
22352 1527
22353 173
22354 173
22355 1527
22356 1527
22357 173
22358 173
22359 173
22360 173
22361 1527
22362 173
22363 1079
22364 1527
22365 1527
22366 1527
22367 1598
22368 1527
22369 173
22370 173
22371 173
22372 1527
22373 1527
22374 1527
22375 173
22376 173
22377 1527
22378 1527
22379 1527
22380 163
22381 1527
22382 173
22383 173
22384 1527
22385 173
22386 173
22387 173
22388 173
22389 173
22390 1527
22391 1527
22392 173
22393 1527
22394 173
22395 173
22396 1527
22397 1527
22398 1647
22399 173
22400 1527
22401 173
22402 1527
22403 173
22404 173
22405 1527
22406 1527
22407 1307
22408 173
22409 1527
22410 173
22411 1527
22412 1311
22413 1527
22414 1303
22415 1527
22416 173
22417 1527
22418 210
22419 173
22420 1527
22421 1527
22422 210
22423 173
22424 173
22425 173
22426 173
22427 173
22428 1527
22429 1527
22430 173
22431 173
22432 173
22433 142
22434 173
22435 173
22436 173
22437 1527
22438 1527
22439 173
22440 1527
22441 173
22442 173
22443 1503
22444 173
22445 241
22446 173
22447 1212
22448 173
22449 173
22450 1527
22451 889
22452 1527
22453 55
22454 173
22455 1583
22456 1527
22457 173
22458 142
22459 173
22460 173
22461 173
22462 173
22463 173
22464 1527
22465 1527
22466 173
22467 1503
22468 893
22469 173
22470 173
22471 1527
22472 173
22473 1527
22474 173
22475 173
22476 1598
22477 173
22478 173
22479 173
22480 173
22481 1527
22482 889
22483 173
22484 1527
22485 173
22486 1527
22487 1503
22488 173
22489 173
22490 1527
22491 1527
22492 1527
22493 173
22494 1527
22495 1527
22496 1527
22497 173
22498 173
22499 1527
22500 14
22501 173
22502 173
22503 173
22504 1527
22505 142
22506 173
22507 173
22508 173
22509 1595
22510 1212
22511 173
22512 5
22513 173
22514 173
22515 1126
22516 1598
22517 1527
22518 173
22519 173
22520 173
22521 86
22522 1527
22523 173
22524 8
22525 55
22526 1126
22527 173
22528 173
22529 889
22530 173
22531 173
22532 1212
22533 173
22534 173
22535 1527
22536 173
22537 173
22538 1595
22539 173
22540 1527
22541 173
22542 173
22543 173
22544 173
22545 173
22546 1307
22547 173
22548 173
22549 55
22550 173
22551 173
22552 890
22553 173
22554 173
22555 1527
22556 173
22557 173
22558 173
22559 173
22560 173
22561 142
22562 173
22563 110
22564 1527
22565 173
22566 241
22567 889
22568 173
22569 94
22570 14
22571 173
22572 173
22573 173
22574 1527
22575 173
22576 173
22577 1580
22578 173
22579 173
22580 173
22581 1527
22582 1527
22583 1079
22584 886
22585 1212
22586 1527
22587 173
22588 173
22589 886
22590 173
22591 173
22592 1527
22593 173
22594 110
22595 1375
22596 173
22597 173
22598 173
22599 1527
22600 31
22601 173
22602 1527
22603 1303
22604 173
22605 173
22606 55
22607 77
22608 173
22609 173
22610 173
22611 886
22612 172
22613 173
22614 1527
22615 33
22616 173
22617 1527
22618 1527
22619 173
22620 173
22621 210
22622 1527
22623 173
22624 1380
22625 173
22626 173
22627 1598
22628 1099
22629 1527
22630 173
22631 904
22632 173
22633 1224
22634 173
22635 1380
22636 173
22637 1380
22638 1303
22639 241
22640 173
22641 889
22642 173
22643 173
22644 173
22645 173
22646 173
22647 173
22648 173
22649 1296
22650 55
22651 1527
22652 173
22653 173
22654 173
22655 1527
22656 173
22657 173
22658 173
22659 173
22660 904
22661 173
22662 1527
22663 55
22664 14
22665 1527
22666 173
22667 173
22668 173
22669 1527
22670 1527
22671 1527
22672 1527
22673 1527
22674 1527
22675 1307
22676 173
22677 173
22678 1527
22679 173
22680 173
22681 173
22682 1303
22683 55
22684 55
22685 173
22686 173
22687 1527
22688 55
22689 173
22690 173
22691 1527
22692 173
22693 214
22694 173
22695 173
22696 173
22697 173
22698 1598
22699 1527
22700 173
22701 1503
22702 1527
22703 889
22704 904
22705 1527
22706 173
22707 173
22708 1527
22709 173
22710 902
22711 886
22712 1126
22713 173
22714 89
22715 1527
22716 1527
22717 1527
22718 1527
22719 173
22720 1527
22721 1527
22722 1527
22723 1527
22724 173
22725 886
22726 31
22727 173
22728 886
22729 173
22730 173
22731 1527
22732 89
22733 1527
22734 48
22735 173
22736 1527
22737 173
22738 238
22739 173
22740 1527
22741 1303
22742 173
22743 267
22744 786
22745 1527
22746 1583
22747 1503
22748 886
22749 902
22750 1503
22751 1527
22752 173
22753 173
22754 904
22755 1527
22756 1527
22757 1527
22758 1527
22759 55
22760 1527
22761 173
22762 173
22763 1126
