2924 1393
4245 1205
5696 1205
6938 1205
3745 1476
3719 1207
1501 1207
2055 1393
4525 1205
4966 1205
8755 1207
9841 1205
10461 1391
5201 1206
9550 1205
3788 1205
413 1393
9729 1207
6037 1205
9494 1205
3512 1207
9767 1207
3888 1205
8221 1207
7088 1393
6698 1394
2137 1394
10418 1393
1331 1397
2194 1393
894 1391
3272 1205
5413 1207
5393 1394
3979 1393
6391 1207
9306 1205
2439 1397
3017 1207
8706 1205
103 1207
806 1397
6323 1205
2186 1397
6981 1211
9471 1393
221 1394
4266 1393
4384 1394
10884 1393
4103 1394
8905 1391
9734 1205
8463 1205
330 1391
10528 1205
9183 1207
4442 1391
11031 1394
5544 1206
4164 1205
8180 1391
9894 1393
8697 1205
9676 1205
10986 1211
4252 1205
6743 1393
9037 1393
9712 1393
2982 1205
10027 1205
10827 1205
5776 1393
4039 1207
9855 1393
4353 1211
4264 1207
4574 1205
4046 1206
3118 1211
6512 1391
406 1391
8902 1207
10214 1393
2561 1393
998 1207
2388 1397
9776 1393
4241 1393
7569 1391
3447 1391
5871 1391
6810 1207
9544 1391
4614 1393
34 1393
3638 1393
2668 1391
1729 1394
1377 1394
3268 1207
4665 1207
5294 1393
7239 1205
6299 1207
7502 1393
5594 1391
8630 1393
5195 1205
670 1207
3200 1207
6576 1391
10458 1394
9904 1391
4192 1205
1534 1394
989 1391
1752 1391
9582 1205
7719 1207
3728 1393
2901 1211
6612 1393
8969 1393
8391 1396
7624 1394
9634 1394
7681 1211
10945 1391
4005 1391
188 1397
1229 1391
5038 1393
4310 1207
9572 903
2201 1393
5483 1207
255 1397
8399 1391
557 1391
3573 1205
2533 1391
393 1397
98 1207
2305 1207
1596 1207
6377 1207
4253 1206
6025 1205
4877 1205
6645 1205
6954 1207
10849 1393
7020 1207
10437 1393
5342 1205
9992 1207
921 1393
9195 1205
9451 1207
10562 1396
3384 1207
5814 1207
8226 1205
1333 1207
3225 1393
8782 1207
2454 1391
10925 1393
9145 1205
4340 1391
4190 1205
10481 1206
6272 903
192 1391
11019 1205
5061 1205
8120 1211
11055 1391
1233 1207
4468 1206
10823 1394
186 1393
10737 1211
3186 1207
11049 1393
6257 1207
7517 903
4763 1391
10111 1393
7889 1205
5299 1205
1192 1391
10015 1205
10283 1206
1581 1207
5965 1207
6793 1205
9935 1207
5718 1205
4441 1207
10200 1394
7661 1207
2672 1394
5385 1391
6973 1391
9409 1205
2195 1394
8642 1205
7350 1394
4092 1205
1316 1393
1356 1391
7410 1205
3191 1397
8774 1205
4600 1207
3344 1393
5104 1391
11086 1198
3922 1391
4538 1207
3607 1207
3052 1393
9831 1391
8783 903
1600 1391
1369 1393
4275 1207
3084 1207
5975 1393
2847 1207
550 1391
8900 1206
1802 1477
8131 1207
8065 1205
1255 1394
7814 1207
5609 1393
4390 1205
5433 1205
10138 1393
4558 1205
6525 1205
1294 1207
4345 1393
3782 1207
1770 1391
3740 1205
6340 1205
10162 1393
8787 1393
3101 1393
4267 1205
3334 1394
3315 1393
11103 1205
5578 1206
2302 1393
9741 1211
10843 1207
9402 1391
1178 1393
6811 1207
2505 1391
4473 1394
3328 1207
6477 1205
7799 1207
7619 1495
4972 1206
8960 1205
2550 1393
2607 1393
2072 1207
993 1393
2661 1397
1068 1478
1931 1393
7254 1391
7354 1393
3767 1397
4625 1391
247 1391
1108 1393
7500 1479
9327 1205
8174 1205
932 1397
8750 1391
6704 1205
9653 1391
4964 1394
3461 1393
7393 1391
10106 1394
2795 1393
9999 1205
3801 1206
738 1207
1155 1207
7110 1205
10223 1393
7557 1205
6700 1391
5982 1393
9121 1207
4173 1211
3287 1391
5682 1207
9287 1207
5358 1391
5161 1391
6573 1207
480 1393
5236 1393
6458 1391
9446 1391
10673 1391
2060 1397
6878 1207
4947 1205
6782 1211
3866 1207
4859 1206
7705 1206
5298 1207
8880 1205
6060 1205
8040 1205
6647 1393
3107 1207
4331 1393
8103 1205
5125 1393
1112 1391
8910 1391
1412 21
3984 1205
5792 1205
4225 1397
8992 1391
447 1393
8735 1207
5845 1391
6566 1206
7605 1207
1223 1391
4080 1206
7570 1391
846 1393
3231 1207
1836 1391
10957 1205
1057 1397
8109 1391
8548 1207
10928 1206
2627 1394
10327 1205
4050 903
9447 1205
5119 1205
1031 1393
4552 1205
10289 1207
1928 1393
682 1396
9648 1205
4811 1205
335 1207
9856 1391
390 1393
316 1207
1907 903
5535 1206
1423 1391
6044 1394
8426 1206
1466 903
7806 1059
4659 903
2725 1393
6390 1205
6118 1207
3520 1205
2413 1393
2044 1397
5575 1207
9071 1206
4501 1207
104 1393
3314 1391
4639 1393
6604 1205
3633 1207
4038 1397
4508 1397
9974 1205
821 1394
3592 1205
4132 1393
1216 1394
6164 1393
5985 1393
2889 1205
8012 1205
4479 1205
5547 1391
6489 1205
10722 1211
3043 1394
7 1207
4688 1391
2176 1391
5057 1207
10174 1205
4100 903
8562 1393
3106 1207
9475 1205
5842 1393
4184 1393
7159 2
9309 1393
3996 1206
10096 1205
8407 1206
148 1397
2039 1394
3181 1495
9773 1205
3134 1211
4505 1205
10020 1391
6758 1207
9986 1206
7458 1207
8822 1207
9849 1393
6571 1205
4622 1211
7089 1205
3581 1207
9716 1211
8871 1211
4920 1391
4102 1205
3575 1205
2604 1207
6792 1211
8161 1205
2619 1207
650 1393
8013 1391
5189 1206
5526 1059
7728 1393
4963 1205
6214 1205
1593 1207
6692 1207
7930 1207
10344 1207
4879 1207
6540 1391
7068 1059
7307 1207
4641 1391
4467 1205
1617 1393
7612 1393
4017 1397
8672 1205
9090 1205
537 1059
4431 1207
3843 1394
10004 1391
1503 1393
5527 1393
1732 1207
6332 1480
5193 1391
649 1397
9474 1205
7442 1205
9406 1205
1303 1394
4489 1393
490 1393
7558 1205
3219 1211
10024 1205
380 1207
8455 1393
10055 1207
2952 1207
5614 1205
5278 1205
1176 1207
3976 1207
4243 1205
2092 1393
10501 1207
7318 1206
10793 1205
6399 1206
7537 1206
4554 1207
10706 680
4142 1205
3400 1205
8367 1205
5221 903
1267 1393
10938 1394
6220 1393
10904 1393
431 1393
5878 1205
3449 1207
2943 1207
3853 1394
5268 1205
3862 1205
8640 1391
10547 1394
3964 1391
10947 1394
10253 1205
1583 1393
3421 1393
4792 1481
7255 1205
2248 1393
8114 1207
3185 1207
3117 1206
7223 1394
1171 1393
5194 1207
6224 1205
11097 1393
4016 1207
6078 1391
10154 1207
8328 1393
383 1207
8459 1206
10670 1207
5145 1205
10482 1393
4724 1207
3267 1205
10388 1206
6375 1207
2010 1393
6413 1391
3500 1205
6420 1393
10429 1205
5290 1205
6145 1207
327 1394
4233 1397
8213 1205
6045 1207
7336 1393
10148 1205
1104 1391
4869 1206
2266 1393
8223 1206
4012 1207
3305 1205
8062 1391
2423 1393
6204 1205
6249 1393
7007 1211
10788 1205
3155 1393
8835 1205
3041 1207
2873 1207
4580 1206
7308 1205
3686 1393
5917 1205
1340 1393
855 1393
8175 1205
10536 1393
1819 1393
1833 1207
6550 1205
10733 1207
9123 1393
4822 1391
3648 1205
3747 1394
4685 1205
5489 1394
6661 1205
4094 1207
6400 1205
5099 1207
1906 1207
3403 1205
2906 1205
8552 1391
2415 1207
7956 1205
10599 1394
8634 1207
3429 1397
8681 1074
10824 1207
3691 1207
7258 1393
8102 1211
2474 903
2712 1391
4444 1393
3617 1207
9994 1205
7477 1207
2117 1394
1224 1393
3454 1207
5064 1207
2083 1207
2782 1394
1786 1207
817 1207
253 1393
4784 1393
4908 1393
5823 1207
5860 1205
4529 1207
6686 1207
608 1207
3237 903
701 1207
8385 1391
775 1207
3859 1393
7805 1205
563 1207
5474 1393
7834 1207
5647 1206
1132 1207
4150 2
4638 1205
1608 1391
8976 903
344 1393
3584 1207
7216 1393
6741 1206
4923 1205
7113 1393
4248 1206
10852 1207
8721 1205
5360 1207
10936 1207
4120 1391
9075 1394
10488 1207
6926 903
8807 1396
2584 1393
3874 1205
10656 1391
9826 1394
1578 1393
2042 1391
8361 1211
7697 1205
3618 1205
5183 1207
5010 674
9062 1482
511 1483
8692 1188
10320 1207
7041 1393
8518 1394
7790 1393
5003 1393
