15176 76
15177 1118
15178 1117
15179 1113
15180 138
15181 182
15182 1400
15183 1113
15184 1113
15185 1400
15186 100
15187 1133
15188 1117
15189 48
15190 1400
15191 1113
15192 86
15193 1400
15194 1581
15195 1507
15196 1110
15197 1260
15198 182
15199 86
15200 1117
15201 48
15202 1507
15203 21
15204 23
15205 86
15206 1673
15207 86
15208 1110
15209 1113
15210 86
15211 1507
15212 1110
15213 1502
15214 110
15215 40
15216 86
15217 1400
15218 1515
15219 1397
15220 1397
15221 86
15222 14
15223 1295
15224 1397
15225 4
15226 1581
15227 1278
15228 1113
15229 1113
15230 1715
15231 182
15232 89
15233 1502
15234 1397
15235 1400
15236 12
15237 12
15238 127
15239 127
15240 127
15241 89
15242 89
15243 89
15244 89
15245 1400
15246 106
15247 21
15248 33
15249 36
15250 1400
15251 89
15252 1109
15253 12
15254 33
15255 182
15256 1113
15257 1109
15258 1113
15259 21
15260 1109
15261 82
15262 1109
15263 1133
15264 12
15265 1154
15266 89
15267 1109
15268 12
15269 1133
15270 127
15271 110
15272 1109
15273 48
15274 127
15275 1109
15276 1154
15277 1720
15278 1113
15279 48
15280 21
15281 1113
15282 89
15283 1502
15284 1336
15285 1272
15286 48
15287 89
15288 100
15289 1278
15290 1118
15291 172
15292 1133
15293 89
15294 1502
15295 106
15296 182
15297 48
15298 48
15299 1118
15300 48
15301 1118
15302 767
15303 48
15304 12
15305 48
15306 48
15307 12
15308 1113
15309 86
15310 182
15311 48
15312 1507
15313 1720
15314 1113
15315 127
15316 48
15317 1113
15318 127
15319 48
15320 48
15321 262
15322 48
15323 48
15324 36
15325 12
15326 172
15327 104
15328 48
15329 127
15330 747
15331 747
15332 747
15333 747
15334 1585
15335 142
15336 48
15337 48
15338 48
15339 1118
15340 1133
15341 1133
15342 1113
15343 48
15344 48
15345 1336
15346 182
15347 48
15348 1400
15349 1113
15350 1118
15351 48
15352 48
15353 48
15354 104
15355 48
15356 48
15357 104
15358 104
15359 48
15360 48
15361 48
15362 48
15363 48
15364 48
15365 48
15366 48
15367 48
15368 48
15369 1118
15370 48
15371 48
15372 48
15373 48
15374 21
15375 48
15376 48
15377 48
15378 48
15379 1113
15380 48
15381 1122
15382 48
15383 48
15384 48
15385 48
15386 48
15387 48
15388 48
15389 48
15390 48
15391 48
15392 48
15393 48
15394 48
15395 48
15396 204
15397 48
15398 21
15399 48
15400 48
15401 48
15402 48
15403 48
15404 48
15405 48
15406 48
15407 48
15408 48
15409 48
15410 48
15411 48
15412 48
15413 48
15414 48
15415 48
15416 48
15417 48
15418 48
15419 48
15420 48
15421 48
15422 48
15423 48
15424 48
15425 48
15426 48
15427 48
15428 48
15429 48
15430 48
15431 48
15432 48
15433 48
15434 21
15435 48
15436 48
15437 48
15438 48
15439 48
15440 48
15441 48
15442 48
15443 48
15444 48
15445 48
15446 48
15447 48
15448 48
15449 48
15450 48
15451 48
15452 48
15453 48
15454 48
15455 48
15456 48
15457 48
15458 48
15459 48
15460 48
15461 48
15462 48
15463 48
15464 48
15465 48
15466 48
15467 48
15468 48
15469 48
15470 48
15471 48
15472 48
15473 48
15474 48
15475 48
15476 48
15477 48
15478 48
15479 48
15480 48
15481 48
15482 48
15483 48
15484 48
15485 48
15486 48
15487 48
15488 48
15489 48
15490 48
15491 48
15492 48
15493 48
15494 48
15495 48
15496 48
15497 48
15498 48
15499 48
15500 48
15501 48
15502 48
15503 48
15504 48
15505 48
15506 48
15507 48
15508 48
15509 48
15510 48
15511 48
15512 48
15513 48
15514 48
15515 48
15516 48
15517 48
15518 48
15519 48
15520 48
15521 48
15522 48
15523 48
15524 48
15525 21
15526 48
15527 48
15528 48
15529 48
15530 26
15531 48
15532 48
15533 48
15534 48
15535 48
15536 48
15537 48
15538 48
15539 48
15540 48
15541 86
15542 48
15543 48
15544 48
15545 48
15546 48
15547 48
15548 48
15549 48
15550 48
15551 48
15552 48
15553 48
15554 48
15555 48
15556 48
15557 48
15558 48
15559 48
15560 48
15561 48
15562 12
15563 48
15564 48
15565 1459
15566 48
15567 48
15568 12
15569 48
15570 48
15571 48
15572 48
15573 48
15574 48
15575 48
15576 48
15577 14
15578 48
15579 48
15580 1482
15581 48
15582 48
15583 48
15584 48
15585 48
15586 48
15587 48
15588 48
15589 48
15590 48
15591 48
15592 48
15593 48
15594 48
15595 48
15596 48
15597 48
15598 1586
15599 48
15600 48
15601 25
15602 48
15603 12
15604 48
15605 48
15606 48
15607 48
15608 48
15609 48
15610 48
15611 21
15612 48
15613 48
15614 48
15615 48
15616 1138
15617 48
15618 48
15619 48
15620 1266
15621 48
15622 48
15623 48
15624 48
15625 89
15626 48
15627 48
15628 48
15629 811
15630 1109
15631 1109
15632 48
15633 48
15634 21
15635 48
15636 48
15637 48
15638 48
15639 48
15640 48
15641 1378
15642 48
15643 1378
15644 48
15645 1378
15646 48
15647 1507
15648 747
15649 48
15650 127
15651 48
15652 48
15653 747
15654 1715
15655 48
15656 48
15657 48
15658 48
15659 127
15660 48
15661 48
15662 48
15663 48
15664 86
15665 971
15666 1482
15667 48
15668 48
15669 48
15670 971
15671 1485
15672 971
15673 142
15674 48
15675 48
15676 12
15677 48
15678 36
15679 89
15680 77
15681 1400
15682 48
15683 48
15684 3
15685 48
15686 48
15687 48
15688 48
15689 48
15690 55
15691 6
15692 1587
15693 48
15694 48
15695 48
15696 1487
15697 1482
15698 1380
15699 48
15700 48
15701 12
15702 40
15703 48
15704 1380
15705 12
15706 1109
15707 110
15708 40
15709 89
15710 48
15711 127
15712 55
15713 1109
15714 48
15715 69
15716 48
15717 40
15718 1110
15719 40
15720 40
15721 40
15722 40
15723 134
15724 40
15725 40
15726 40
15727 40
15728 1113
15729 3
15730 40
15731 48
15732 40
15733 7
15734 48
15735 40
15736 48
15737 1113
15738 48
15739 1397
15740 48
15741 48
15742 1109
15743 48
15744 48
15745 40
15746 1587
15747 48
15748 48
15749 21
15750 89
15751 127
15752 40
15753 1154
15754 40
15755 7
15756 1113
15757 55
15758 40
15759 12
15760 48
15761 40
15762 12
15763 48
15764 40
15765 262
15766 40
15767 1125
15768 1125
15769 40
15770 12
15771 106
15772 53
15773 7
15774 40
15775 48
15776 1125
15777 1125
15778 1125
15779 1125
15780 100
15781 1125
15782 40
15783 1113
15784 7
15785 1125
15786 7
15787 48
15788 48
15789 1585
15790 55
15791 40
15792 182
15793 40
15794 48
15795 1125
15796 1109
15797 48
15798 7
15799 1125
15800 1400
15801 7
15802 89
15803 1378
15804 1266
15805 48
15806 1122
15807 1125
15808 1125
15809 30
15810 1125
15811 182
15812 36
15813 12
15814 110
15815 40
15816 48
15817 48
15818 48
15819 40
15820 48
15821 1482
15822 139
15823 40
15824 7
15825 89
15826 60
15827 21
15828 48
15829 89
15830 1125
15831 48
15832 55
15833 40
15834 1113
15835 1482
15836 1125
15837 1125
15838 12
15839 146
15840 146
15841 146
15842 48
15843 40
15844 1133
15845 1586
15846 1125
15847 1125
15848 48
15849 110
15850 110
15851 48
15852 48
15853 104
15854 1125
15855 48
15856 40
15857 1720
15858 12
15859 48
15860 12
15861 1336
15862 48
15863 7
15864 48
15865 7
15866 971
15867 7
15868 7
15869 262
15870 1154
15871 48
15872 48
15873 48
15874 7
15875 1138
15876 21
15877 7
15878 7
15879 262
15880 146
15881 1125
15882 1125
15883 89
15884 40
15885 1502
15886 1125
15887 1113
15888 1125
15889 48
15890 1113
15891 89
15892 1118
15893 40
15894 12
15895 48
15896 1336
15897 48
15898 1125
15899 1125
15900 10
15901 1585
15902 110
15903 1125
15904 52
15905 1117
15906 40
15907 1113
15908 1125
15909 48
15910 1113
15911 1117
15912 36
15913 1125
15914 48
15915 1674
15916 1109
15917 48
15918 1110
15919 48
15920 40
15921 1125
15922 55
15923 1400
15924 1154
15925 40
15926 89
15927 48
15928 89
15929 89
15930 40
15931 11
15932 48
15933 40
15934 89
15935 10
15936 127
15937 127
15938 262
15939 1109
15940 40
15941 1400
15942 48
15943 262
15944 1255
15945 69
15946 1113
15947 7
15948 1109
15949 40
15950 40
15951 1400
15952 1117
15953 1117
15954 1400
15955 48
15956 48
15957 1109
15958 89
15959 1113
15960 1400
15961 89
15962 155
15963 60
15964 48
15965 89
15966 1400
15967 21
15968 1273
15969 7
15970 1273
15971 1273
15972 110
15973 1273
15974 1400
15975 1400
15976 12
15977 1273
15978 182
15979 82
15980 77
15981 48
15982 1125
15983 182
15984 1109
15985 262
15986 1273
15987 1273
15988 1260
15989 1118
15990 1273
15991 1278
15992 1109
15993 1273
15994 82
15995 1125
15996 1109
15997 1118
15998 1400
15999 82
16000 48
16001 1109
16002 1109
16003 82
16004 138
16005 1109
16006 30
16007 7
16008 1109
16009 1154
16010 1109
16011 1109
16012 1109
16013 1109
16014 1109
16015 7
16016 241
16017 1109
16018 1482
16019 1109
16020 48
16021 48
16022 48
16023 48
16024 1507
16025 1154
16026 48
16027 82
16028 1109
16029 1109
16030 1122
16031 1133
16032 1109
16033 1676
16034 1109
16035 7
16036 48
16037 1109
16038 1109
16039 1109
16040 1113
16041 1113
16042 86
16043 1113
16044 262
16045 1273
16046 1273
16047 1278
16048 1273
16049 1154
16050 127
16051 1109
16052 1273
16053 1273
16054 258
16055 1125
16056 12
16057 1698
16058 1125
16059 1109
16060 40
16061 1113
16062 232
16063 48
16064 1273
16065 1109
16066 971
16067 1109
16068 1109
16069 1113
16070 1154
16071 1109
16072 1253
16073 1109
16074 1109
16075 1109
16076 1113
16077 1109
16078 1154
16079 1109
16080 1125
16081 0
16082 7
16083 1266
16084 1113
16085 1288
16086 1273
16087 1118
16088 1113
16089 1122
16090 1109
16091 1113
16092 1266
16093 55
16094 1109
16095 262
16096 146
16097 1109
16098 767
16099 1273
16100 1109
16101 1109
16102 1109
16103 1109
16104 1109
16105 1113
16106 1109
16107 1109
16108 1154
16109 1507
16110 1113
16111 258
16112 262
16113 55
16114 1273
16115 262
16116 1517
16117 1109
16118 241
16119 1154
16120 182
16121 48
16122 1109
16123 1273
16124 12
16125 182
16126 1133
16127 48
16128 89
16129 1117
16130 1295
16131 1133
16132 48
16133 241
16134 82
16135 48
16136 89
16137 1109
16138 1109
16139 1109
16140 1109
16141 1109
16142 1109
16143 12
16144 241
16145 1113
16146 241
16147 1133
16148 1586
16149 48
16150 48
16151 48
16152 1109
16153 25
16154 1698
16155 110
16156 48
16157 86
16158 89
16159 1125
16160 1154
16161 1109
16162 1273
16163 241
16164 1118
16165 241
16166 48
16167 110
16168 1133
16169 1273
16170 0
16171 1109
16172 1273
16173 1273
16174 1118
16175 241
16176 241
16177 241
16178 241
16179 1133
16180 25
16181 1273
16182 48
16183 25
16184 1273
16185 100
16186 89
16187 1273
16188 1273
16189 1154
16190 21
16191 1125
16192 1400
16193 1482
16194 89
16195 48
16196 1109
16197 1109
16198 1109
16199 173
16200 1113
16201 48
16202 40
16203 1400
16204 89
16205 1125
16206 1378
16207 1273
16208 1125
16209 25
16210 1678
16211 1273
16212 1133
16213 182
16214 127
16215 1679
16216 1118
16217 1109
16218 1138
16219 1109
16220 1133
16221 241
16222 182
16223 1109
16224 1118
16225 241
16226 104
16227 1273
16228 1288
16229 1125
16230 1133
16231 12
16232 241
16233 55
16234 55
16235 1125
16236 12
16237 1125
16238 1125
16239 1125
16240 1110
16241 1400
16242 1288
16243 241
16244 1133
16245 1133
16246 1118
16247 1133
16248 1400
16249 1133
16250 241
16251 21
16252 1118
16253 82
16254 1118
16255 241
16256 241
16257 104
16258 48
16259 1133
16260 1113
16261 89
16262 241
16263 21
16264 1125
16265 21
16266 1154
16267 262
16268 241
16269 241
16270 1133
16271 23
16272 1109
16273 1125
16274 1133
16275 182
16276 36
16277 1125
16278 1133
16279 48
16280 12
16281 1378
16282 82
16283 1118
16284 1113
16285 1133
16286 89
16287 1273
16288 1133
16289 21
16290 241
16291 1133
16292 1130
16293 1113
16294 1133
16295 1133
16296 1130
16297 40
16298 241
16299 1113
16300 1260
16301 7
16302 262
16303 1133
16304 182
16305 1125
16306 1109
16307 241
16308 241
16309 1118
16310 1118
16311 1154
16312 1336
16313 173
16314 258
16315 104
16316 173
16317 262
16318 1109
16319 1125
16320 138
16321 106
16322 241
16323 1696
16324 12
16325 36
16326 52
16327 104
16328 1113
16329 55
16330 1133
16331 12
16332 155
16333 767
16334 767
16335 767
16336 767
16337 241
16338 1378
16339 1273
16340 1133
16341 1125
16342 767
16343 30
16344 142
16345 182
16346 1110
16347 55
16348 1109
16349 1459
16350 1255
16351 767
16352 64
16353 89
16354 258
16355 767
16356 1125
16357 1109
16358 1109
16359 1118
16360 104
16361 1110
16362 1110
16363 1110
16364 1113
16365 1109
16366 1110
16367 1110
16368 767
16369 1110
16370 55
16371 1110
16372 1110
16373 1113
16374 1400
16375 182
16376 1113
16377 1400
16378 182
16379 1400
16380 55
16381 64
16382 262
16383 155
16384 10
16385 182
16386 127
16387 1400
16388 1113
16389 1400
16390 767
16391 1288
16392 182
16393 1125
16394 86
16395 1680
16396 1118
16397 1253
16398 33
16399 1266
16400 1125
16401 86
16402 1118
16403 1253
16404 1253
16405 1387
16406 1253
16407 104
16408 55
16409 1253
16410 1117
16411 1400
16412 1113
16413 182
16414 182
16415 89
16416 5
16417 1400
16418 1118
16419 1133
16420 1272
16421 21
16422 1113
16423 104
16424 48
16425 243
16426 127
16427 1336
16428 1681
16429 1113
16430 48
16431 1118
16432 1715
16433 1517
16434 7
16435 1400
16436 1378
16437 14
16438 12
16439 110
16440 1682
16441 40
16442 89
16443 1118
16444 70
16445 48
16446 110
16447 1118
16448 1273
16449 767
16450 1273
16451 1378
16452 48
16453 1387
16454 1273
16455 1273
16456 1712
16457 12
16458 1125
16459 36
16460 182
16461 48
16462 104
16463 104
16464 1378
16465 1683
16466 1125
16467 1110
16468 262
16469 1253
16470 1253
16471 48
16472 262
16473 1253
16474 1253
16475 1113
16476 1133
16477 767
16478 89
16479 155
16480 1133
16481 11
16482 1111
16483 1118
16484 1113
16485 1253
16486 1113
16487 1154
16488 12
16489 1110
16490 1118
16491 89
16492 55
16493 1111
16494 1110
16495 134
16496 134
16497 134
16498 767
16499 134
16500 134
16501 262
16502 1110
16503 767
16504 134
16505 134
16506 12
16507 134
16508 1400
16509 12
16510 14
16511 12
16512 1260
16513 262
16514 12
16515 1400
16516 1400
16517 1400
16518 1696
16519 12
16520 33
16521 1125
16522 14
16523 127
16524 1113
16525 1110
16526 262
16527 12
16528 33
16529 767
16530 767
16531 1378
16532 1378
16533 48
16534 1253
16535 1253
16536 104
16537 1118
16538 55
16539 767
16540 262
16541 182
16542 767
16543 172
16544 23
16545 1133
16546 5
16547 262
16548 48
16549 241
16550 262
16551 1715
16552 1109
16553 1109
16554 1109
16555 104
16556 5
16557 1118
16558 1117
16559 1273
16560 77
16561 1118
16562 1684
16563 241
16564 33
16565 127
16566 155
16567 12
16568 127
16569 182
16570 12
16571 127
16572 182
16573 130
16574 241
16575 1603
16576 89
16577 104
16578 1113
16579 70
16580 5
16581 104
16582 5
16583 1117
16584 1133
16585 1133
16586 1604
16587 1118
16588 5
16589 1485
16590 1253
16591 1113
16592 1604
16593 5
16594 1378
16595 5
16596 182
16597 1771
16598 767
16599 1685
16600 5
16601 5
16602 1604
16603 76
16604 76
16605 76
16606 5
16607 767
16608 76
16609 76
16610 5
16611 5
16612 76
16613 76
16614 76
16615 76
16616 14
16617 55
16618 5
16619 69
16620 53
16621 5
16622 110
16623 1604
16624 182
16625 5
16626 182
16627 76
16628 5
16629 5
16630 1400
16631 104
16632 106
16633 76
16634 76
16635 1125
16636 5
16637 76
16638 106
16639 76
16640 1686
16641 12
16642 12
16643 76
16644 1110
16645 76
16646 76
16647 76
16648 76
16649 76
16650 76
16651 76
16652 76
16653 5
16654 76
16655 1118
16656 76
16657 1266
16658 241
16659 76
16660 5
16661 76
16662 1133
16663 12
16664 106
16665 76
16666 76
16667 76
16668 1122
16669 76
16670 76
16671 106
16672 76
16673 1118
16674 1122
16675 76
16676 86
16677 76
16678 1122
16679 76
16680 5
16681 767
16682 76
16683 76
16684 1122
16685 1122
16686 5
16687 5
16688 1260
16689 48
16690 10
16691 5
16692 12
16693 7
16694 5
16695 1125
16696 1604
16697 5
16698 5
16699 106
16700 5
16701 76
16702 110
16703 76
16704 76
16705 76
16706 76
16707 76
16708 76
16709 40
16710 76
16711 106
16712 76
16713 262
16714 76
16715 76
16716 1604
16717 1604
16718 76
16719 76
16720 76
16721 767
16722 12
16723 5
16724 76
16725 76
16726 104
16727 1113
16728 5
16729 76
16730 5
16731 1139
16732 1604
16733 69
16734 106
16735 767
16736 106
16737 1712
16738 40
16739 5
16740 76
16741 182
16742 86
16743 76
16744 1581
16745 12
16746 76
16747 11
16748 767
16749 76
16750 76
16751 76
16752 76
16753 48
16754 5
16755 106
16756 76
16757 76
16758 76
16759 134
16760 76
16761 76
16762 89
16763 5
16764 5
16765 262
16766 12
16767 1482
16768 1143
16769 76
16770 76
16771 76
16772 5
16773 767
16774 5
16775 76
16776 262
16777 767
16778 76
16779 5
16780 106
16781 5
16782 175
16783 76
16784 1260
16785 1771
16786 1603
16787 1154
16788 55
16789 5
16790 12
16791 1485
16792 76
16793 1154
16794 76
16795 1154
16796 5
16797 1154
16798 182
16799 1154
16800 106
16801 1154
16802 76
16803 1604
16804 25
16805 106
16806 5
16807 76
16808 1604
16809 1154
16810 76
16811 1125
16812 5
16813 76
16814 76
16815 5
16816 767
16817 767
16818 1154
16819 262
16820 175
16821 1113
16822 76
16823 5
16824 5
16825 76
16826 1604
16827 89
16828 5
16829 1110
16830 30
16831 5
16832 76
16833 1604
16834 5
16835 130
16836 1125
16837 262
16838 5
16839 767
16840 76
16841 5
16842 1688
16843 52
16844 5
16845 12
16846 1154
16847 76
16848 76
16849 69
16850 5
16851 76
16852 55
16853 76
16854 5
16855 5
16856 5
16857 182
16858 89
16859 5
16860 1110
16861 1110
16862 767
16863 5
16864 5
16865 76
16866 1604
16867 76
16868 1110
16869 5
16870 5
16871 89
16872 5
16873 55
16874 55
16875 1110
16876 12
16877 76
16878 767
16879 1581
16880 5
16881 55
16882 104
16883 1113
16884 76
16885 76
16886 1133
16887 76
16888 182
16889 76
16890 241
16891 76
16892 55
16893 5
16894 1118
16895 1604
16896 55
16897 1110
16898 1507
16899 5
16900 76
16901 104
16902 76
16903 5
16904 5
16905 5
16906 55
16907 76
16908 1154
16909 76
16910 76
16911 1604
16912 1604
16913 1604
16914 1604
16915 1604
16916 1586
16917 1604
16918 1604
16919 262
16920 1154
16921 106
16922 1604
16923 76
16924 104
16925 262
16926 76
16927 76
16928 12
16929 100
16930 76
16931 76
16932 76
16933 5
16934 5
16935 12
16936 1273
16937 182
16938 76
16939 110
16940 12
16941 163
16942 76
16943 5
16944 1154
16945 76
16946 1113
16947 110
16948 76
16949 1604
16950 76
16951 1400
16952 76
16953 1604
16954 1110
16955 1260
16956 262
16957 76
16958 76
16959 104
16960 1133
16961 12
16962 76
16963 76
16964 1118
16965 130
16966 104
16967 76
16968 76
16969 5
16970 1604
16971 767
16972 5
16973 1604
16974 12
16975 89
16976 1604
16977 1604
16978 14
16979 1604
16980 1113
16981 48
16982 48
16983 76
16984 1111
16985 12
16986 1720
16987 1154
16988 76
16989 76
16990 76
16991 76
16992 1110
16993 262
16994 76
16995 1295
16996 76
16997 76
16998 1109
16999 76
17000 76
17001 76
17002 76
17003 76
17004 76
17005 76
17006 76
17007 76
17008 76
17009 76
17010 1604
17011 1154
17012 1133
17013 76
17014 1118
17015 182
17016 104
17017 767
17018 182
17019 12
17020 76
17021 76
17022 76
17023 76
17024 89
17025 1604
17026 76
17027 1604
17028 76
17029 1604
17030 1604
17031 1113
17032 76
17033 76
17034 142
17035 89
17036 1154
17037 1604
17038 76
17039 106
17040 1154
17041 55
17042 76
17043 76
17044 1154
17045 1253
17046 76
17047 1604
17048 76
17049 767
17050 1154
17051 106
17052 1720
17053 55
17054 89
17055 262
17056 1113
17057 55
17058 76
17059 12
17060 76
17061 262
17062 76
17063 1125
17064 172
17065 1604
17066 1154
17067 62
17068 62
17069 76
17070 62
17071 62
17072 1604
