696 21
697 75
698 80
699 77
700 32
701 8
702 395
703 119
704 74
705 2
706 109
707 36
708 127
709 646
710 126
711 13
712 74
713 97
714 413
715 24
716 116
717 113
718 34
719 23
720 413
721 56
722 11
723 75
724 78
725 3
726 78
727 74
728 99
729 72
730 153
731 85
732 184
733 47
734 148
735 27
736 647
737 119
738 8
739 85
740 23
741 47
742 116
743 648
744 132
745 99
746 31
747 125
748 75
749 649
750 132
751 4
752 74
753 27
754 13
755 85
756 146
757 112
758 27
759 91
760 33
761 74
762 80
763 141
764 99
765 81
766 74
767 36
768 13
769 74
770 5
771 36
772 113
773 3
774 16
775 8
776 13
777 27
778 77
779 23
780 13
781 59
782 651
783 652
784 78
785 101
786 37
787 15
788 116
789 100
790 118
791 86
792 116
793 31
794 113
795 75
796 653
797 142
798 109
799 56
800 21
801 37
802 141
803 47
804 86
805 4
806 8
807 77
808 140
809 39
810 99
811 31
812 37
813 96
814 129
815 74
816 49
817 8
818 91
819 81
820 74
821 24
822 37
823 3
824 113
825 73
826 25
827 74
828 15
829 586
830 85
831 413
832 655
833 68
834 26
835 72
836 86
837 31
838 99
839 47
840 130
841 4
842 37
843 91
844 121
845 4
846 32
847 86
848 72
849 75
850 542
851 99
852 72
853 13
854 112
855 8
856 543
857 113
858 8
859 91
860 74
861 118
862 74
863 123
864 13
865 34
866 77
867 3
868 77
869 47
870 74
871 596
872 16
873 86
874 99
875 68
876 100
877 99
878 74
879 33
880 86
881 46
882 96
883 86
884 130
885 46
886 74
887 13
888 99
889 37
890 113
891 25
892 85
893 49
894 155
895 16
896 395
897 80
898 118
899 44
900 17
901 49
902 13
903 645
904 13
905 25
906 81
907 79
908 44
909 118
910 656
911 617
912 13
913 74
914 87
915 101
916 9
917 31
918 75
919 5
920 31
921 32
922 617
923 113
924 75
925 31
926 25
927 33
928 38
929 16
930 143
931 26
932 8
933 11
934 74
935 85
936 74
937 99
938 47
939 141
940 74
941 74
942 141
943 113
944 74
945 81
946 77
947 49
948 88
949 11
950 586
951 13
952 129
953 72
954 11
955 100
956 75
957 13
958 515
959 189
960 189
961 12
962 132
963 91
964 13
965 81
966 46
967 47
968 13
969 659
970 80
971 99
972 41
973 37
974 83
975 49
976 123
977 657
978 100
979 41
980 74
981 116
982 47
983 41
984 91
985 74
986 87
987 76
988 661
989 155
990 52
991 3
992 74
993 8
994 78
995 21
996 24
997 662
998 8
999 123
1000 101
1001 74
1002 143
1003 116
1004 184
1005 606
1006 49
1007 4
1008 406
1009 26
1010 49
1011 3
1012 58
1013 610
1014 33
1015 99
1016 81
1017 116
1018 663
1019 51
1020 112
1021 137
1022 99
1023 91
1024 63
1025 80
1026 113
1027 100
1028 4
1029 10
1030 81
1031 32
1032 184
1033 112
1034 23
1035 99
1036 78
1037 16
1038 650
1039 25
1040 49
1041 119
1042 129
1043 5
1044 51
1045 96
1046 3
1047 27
1048 23
1049 74
1050 112
1051 146
1052 75
1053 27
1054 129
1055 664
1056 11
1057 8
1058 665
1059 666
1060 91
1061 86
1062 9
1063 2
1064 99
1065 130
1066 394
1067 123
1068 549
1069 81
1070 87
1071 189
1072 148
1073 87
1074 123
1075 99
1076 550
1077 81
1078 74
1079 81
1080 100
1081 41
1082 100
1083 47
1084 78
1085 81
1086 26
1087 13
1088 100
1089 141
1090 64
1091 58
1092 112
1093 74
1094 26
1095 116
1096 91
1097 654
1098 36
1099 658
1100 34
1101 63
1102 99
1103 146
1104 155
1105 100
1106 16
1107 438
1108 32
1109 79
1110 13
1111 104
1112 155
1113 11
1114 86
1115 113
1116 16
1117 116
1118 75
1119 37
1120 13
1121 56
1122 3
1123 596
1124 78
1125 77
1126 24
1127 31
1128 75
1129 141
1130 26
1131 49
1132 8
1133 27
1134 74
1135 36
1136 21
1137 59
1138 33
1139 31
1140 33
1141 141
1142 101
1143 4
1144 13
1145 74
1146 112
1147 395
1148 31
1149 74
1150 27
1151 33
1152 146
1153 86
1154 75
1155 8
1156 99
1157 75
1158 132
1159 25
1160 68
1161 74
1162 87
1163 132
1164 151
1165 21
1166 13
1167 99
1168 137
1169 13
1170 112
1171 8
1172 667
1173 72
1174 132
1175 86
1176 8
1177 16
1178 8
1179 74
1180 104
1181 4
1182 74
1183 74
1184 37
1185 77
1186 80
1187 31
1188 76
1189 86
1190 75
1191 96
1192 155
1193 5
1194 37
1195 118
1196 668
1197 140
1198 86
1199 13
1200 669
1201 12
1202 143
1203 132
1204 438
1205 36
1206 23
1207 394
1208 58
1209 44
1210 13
1211 47
1212 21
1213 5
1214 34
1215 96
1216 24
1217 4
1218 13
1219 64
1220 3
1221 37
1222 13
1223 155
1224 32
1225 34
1226 132
1227 77
1228 552
1229 155
1230 49
1231 4
1232 121
1233 8
1234 99
1235 142
1236 606
1237 23
1238 132
1239 73
1240 36
1241 140
1242 86
1243 72
1244 85
1245 113
1246 132
1247 73
1248 37
1249 27
1250 670
1251 2
1252 119
1253 25
1254 99
1255 24
1256 31
1257 41
1258 25
1259 47
1260 143
1261 15
1262 81
1263 13
1264 75
1265 74
1266 99
1267 32
1268 99
1269 46
1270 17
1271 86
1272 123
1273 13
1274 11
1275 13
1276 13
1277 86
1278 100
1279 671
1280 13
1281 74
1282 91
1283 74
1284 141
1285 3
1286 146
1287 119
1288 140
1289 141
1290 27
1291 56
1292 25
1293 87
1294 8
1295 12
1296 189
1297 189
1298 77
1299 74
1300 13
1301 37
1302 68
1303 64
1304 16
1305 74
1306 123
1307 162
1308 119
1309 109
1310 81
1311 121
1312 643
1313 72
1314 16
1315 86
1316 8
1317 9
1318 116
1319 47
1320 129
1321 109
1322 80
1323 189
1324 189
1325 75
1326 81
1327 406
1328 3
1329 553
1330 112
1331 8
1332 13
1333 8
1334 643
1335 87
1336 74
1337 11
1338 68
1339 112
1340 32
1341 13
1342 140
1343 13
1344 25
1345 73
1346 99
1347 75
1348 63
1349 610
1350 31
1351 101
1352 113
1353 129
1354 118
1355 74
1356 155
1357 13
1358 91
1359 81
1360 85
1361 85
1362 74
1363 37
1364 660
1365 36
1366 86
1367 34
1368 13
1369 8
1370 142
1371 4
1372 47
1373 24
1374 129
1375 88
1376 44
1377 64
1378 672
1379 75
1380 25
1381 99
1382 80
1383 99
1384 17
1385 80
1386 394
1387 146
1388 64
1389 4
1390 4
1391 673
