3787 2113
2231 2110
9869 1857
7435 2109
6406 2329
10061 1857
9478 1620
1416 2119
10571 2109
4279 2110
10261 2117
10371 2120
6904 2121
5430 1886
8017 2121
4837 2121
10817 1856
2193 2111
1655 2110
6648 2115
5380 2122
3292 1886
5720 1886
3006 2121
4749 1886
3426 2108
6499 678
5197 2108
5939 1886
3538 2121
7340 2113
1321 2330
9374 1857
6959 2126
19 2113
3355 2109
1306 2111
61 2108
9363 2120
4419 2121
3379 2121
3980 2110
2923 2115
9870 2113
3086 2115
7061 1886
2754 2131
3646 2121
2068 2122
5454 2113
3229 2117
10900 1857
10216 1856
9775 1856
5707 2115
8875 1857
8631 2119
312 2121
1915 2115
76 2133
9165 1886
863 2111
3716 2111
10358 1886
9680 1620
7868 2110
6457 1886
10313 1857
8423 2109
8546 2113
8940 1620
2719 2110
5858 2133
1037 2121
7672 1886
1750 2113
2198 2134
9800 1856
6089 2115
7324 1886
4306 2109
3340 2110
4029 2121
7298 2121
9862 1856
715 2109
3666 2110
8843 2110
10591 1856
2115 2135
3069 2331
8373 2109
4909 2110
572 1886
10031 2110
8329 1886
11043 1856
5111 2109
4598 2121
8610 2110
10568 2110
4224 2135
5610 2115
2568 2109
3643 2134
8195 2108
9730 1856
4401 2135
8950 2332
3394 1886
8740 1857
7379 1886
1856 2110
1584 2113
7534 2134
2276 2121
8764 2132
7131 2108
10607 1856
3872 2109
5958 2120
8275 2120
10909 1857
9068 1620
9679 2109
10144 1620
9486 2135
2206 2121
7864 2120
1398 2108
8079 2121
3209 2121
9097 2135
8127 2138
6891 1886
1441 2138
8206 2113
2544 2121
3320 2121
4096 2117
9860 1886
8934 1886
1067 2121
2676 2110
7944 2113
5705 2109
3410 2121
10098 1886
2957 2110
10629 1856
25 2109
7999 2113
8567 2108
269 2121
1478 2121
4615 2109
535 2132
10892 1620
3444 2138
1373 2119
5796 2121
7179 1886
2281 2121
9988 2115
9586 1886
4630 2115
10189 1620
184 2108
3632 2110
8096 1886
3480 2135
1261 2113
6123 2117
1378 2133
11017 2109
10829 2110
9521 2133
5160 1886
4550 2108
3125 2110
4633 2121
3132 2110
8368 2115
6975 2120
8876 2110
5448 2121
10853 1886
7621 2110
10232 1620
10527 2109
9906 1857
7936 2120
5080 2115
7538 2109
8701 2120
2735 2113
6697 2109
1713 2145
2851 1886
10878 1886
9696 1856
4755 1199
2507 2145
7230 2117
996 2109
1449 2108
2372 2121
8398 2109
1743 2121
9417 1857
7323 1886
10586 1886
6194 2138
3942 1886
4289 2110
1513 1886
8497 1703
10145 2120
3704 2110
9700 2109
7004 2120
6122 2135
10779 2135
9174 1857
8553 2115
359 1886
5739 2111
2352 2115
6486 2135
1568 2121
1742 2111
1694 2110
10631 1856
10376 2333
2510 2110
5706 2111
1312 1886
6995 2121
10551 2110
5857 1886
6073 1886
4585 1886
8865 2109
6955 1886
4852 2113
5223 2133
6333 2121
8197 1886
8979 1856
2197 2121
6208 1886
2156 2113
6923 2109
8304 2135
6054 2135
4380 2121
8983 1485
11079 1886
2373 2334
1622 2121
4977 2109
10247 2121
7572 2121
1077 2115
9887 1856
9079 1857
4820 2113
3674 2121
3824 2120
8550 1886
4556 2109
10917 2115
10083 888
9142 1857
10964 1856
7494 2110
9802 888
4308 2113
4170 2110
4227 1886
674 2133
9204 1620
5232 2121
6295 1886
9902 1856
5252 2115
1111 1886
1106 2121
9453 2335
1391 2135
10220 2112
10184 1856
1235 2108
2277 2135
7828 2121
9134 2120
2750 2113
11012 2110
9876 1886
11046 2120
6429 2110
2382 2115
11018 2120
2361 1507
4858 2134
9483 2120
2213 2110
2200 1886
9109 1856
999 2110
1272 2121
5207 2113
7026 2110
4671 2115
8693 2110
9437 1857
353 2121
1459 2121
6848 2135
2618 2121
3848 2121
4244 2121
10783 1857
10133 1886
10701 1886
423 1886
1991 2135
5033 2109
1579 2131
7377 2113
6269 2138
9424 1856
4478 2111
6297 2109
458 2121
3823 1886
10610 2113
3160 2145
211 1857
1545 2117
10729 1886
6226 2120
4770 2135
8886 1856
4410 2115
10190 2134
9249 1856
129 2121
8987 2115
1695 2110
7793 2120
341 2138
4349 2121
5097 2117
2801 2134
6703 2138
7568 2120
299 2108
8554 2135
2369 1886
1898 2113
5712 2121
1626 2113
16 2132
10961 1620
7228 2119
9356 2126
8768 1620
3073 2135
10037 2108
166 2121
8315 1886
5210 1886
7260 2115
9731 2110
4459 1886
2294 2110
5754 2121
9531 2115
2047 2108
976 2121
3887 2117
8795 2109
7952 2121
3397 1886
10771 2110
1737 2121
10593 1857
6719 2113
2497 2119
4254 2121
4370 2110
3590 2138
2711 2109
8141 2110
5034 2110
6179 1605
9609 1856
9491 1886
2880 2117
9664 1856
2143 2121
723 2110
7446 2121
2358 2120
4938 2121
2680 2113
7981 2135
918 2134
9652 2109
4432 1886
7987 2131
7215 2110
1264 2336
8029 2121
8499 2109
4651 2121
1180 1886
10079 1886
567 2108
6409 2121
8584 2112
7366 2138
9852 2109
6139 1886
10169 2109
4072 1886
5602 2121
2151 2121
10383 1857
1821 2109
7153 2117
2036 2115
4399 2135
8680 1886
6669 2135
7455 2113
4834 2121
9036 1857
3250 2135
5296 2121
5993 2110
2528 2135
924 2110
828 2117
4579 2115
428 2121
4261 2115
7691 2134
8815 2113
9273 2109
10438 1886
2093 2109
6262 2134
8726 1857
2645 2109
1779 2110
10014 2108
3956 2121
8899 2337
4391 2110
6637 1483
1609 2121
5984 1479
9490 1856
6965 2109
6129 2133
9223 1857
9993 2109
5411 2120
3218 2121
5063 2121
339 1886
2187 1886
1307 2115
4752 2110
797 2108
8892 2135
10439 1886
465 2120
6851 2117
485 2121
10095 1620
5831 2109
5632 2109
9039 1856
6861 2110
7310 2115
10726 1620
787 2113
3091 2119
8207 2115
9583 1886
585 1886
9369 1856
6102 2121
5811 2113
2184 2120
8270 2132
7649 2133
10475 2110
8738 1620
10518 1856
6162 2109
3047 2120
4984 2135
11038 2115
6506 2112
3622 2121
10978 1620
10047 2113
4071 2122
9838 2115
627 2122
164 2110
9288 2120
6030 2115
9015 1856
4986 1886
10969 1856
1059 2135
8041 2121
8776 2109
4740 1886
133 2109
2120 2121
1477 2110
8072 2121
4276 2121
2545 2109
4286 2134
1126 2109
8100 2113
1157 2110
127 1886
9226 1856
2360 1886
8743 1856
10944 2138
1693 2117
2172 2110
9055 1620
10712 2108
8188 2121
8732 2110
6897 2121
343 2338
10187 888
9568 2109
1565 2109
1506 2113
1177 2121
8212 2121
5916 2121
11032 2109
6723 2120
1832 2115
9824 2109
9394 2109
1188 2115
2445 1505
6615 2110
7885 2109
2644 2121
4890 2121
6953 2110
1580 2121
2155 2110
7783 2109
5328 2115
4068 2109
1370 2108
1784 2108
10156 2109
1592 2112
10838 2339
10240 1620
6879 2110
1909 2121
7892 2121
5404 2119
2843 2113
340 2109
10143 2132
6268 2145
10848 2113
945 1886
10087 2134
17 2121
1714 2138
5926 1609
10065 1886
9590 2108
6140 1886
10255 1856
8070 2113
9557 2110
9449 2115
6432 2115
6501 2112
5134 2110
7588 2109
1334 1886
9651 1857
10785 1886
9362 2109
8113 2110
3175 2121
4827 2121
10110 1886
4646 2109
3395 2110
1154 2110
5044 2340
7614 2110
298 1886
1118 2110
9571 2110
3419 2121
9678 1857
1918 1886
6545 2120
7269 2112
449 2110
1172 1886
3161 1886
1314 2121
2291 2110
3205 2121
7990 2121
6627 1886
10959 2113
5585 2115
2091 2112
7448 1886
5432 1886
4179 2135
1304 2121
1325 2120
3364 1886
3359 2112
9137 2110
6642 2110
7682 2121
2161 2115
6448 2121
7204 1886
6738 2110
8889 1856
5089 1886
8587 2134
7514 2115
9322 1620
2881 2117
8261 1886
4956 2109
4591 2120
6934 2121
11107 2113
8393 2117
3789 2121
10700 2115
9390 2109
2389 1886
8137 2112
2019 2121
2615 2108
100 2109
7176 2121
6887 2138
527 1886
8522 2109
65 2121
4961 2122
8895 1886
3475 2110
10539 2110
479 2109
8419 2113
9925 2138
9470 2162
9564 2138
4772 2121
2642 30
6431 2120
1143 2138
10600 2120
2832 4
90 2341
4703 2342
2962 2343
6940 2162
3220 2344
10325 1479
6569 2345
3955 2346
