9610 1209
9611 1209
9612 1209
9613 1209
9614 1209
9615 1209
9616 1209
9617 1209
9618 1208
9619 1209
9620 1208
9621 1209
9622 1209
9623 1209
9624 1209
9625 1209
9626 1209
9627 1208
9628 1209
9629 1209
9630 443
9631 1209
9632 1209
9633 1209
9634 1209
9635 1209
9636 1209
9637 1209
9638 1209
9639 1209
9640 1209
9641 1209
9642 1208
9643 1209
9644 1209
9645 1276
9646 1506
9647 1276
9648 1276
9649 85
9650 1278
9651 1276
9652 1278
9653 1276
9654 85
9655 1276
9656 1276
9657 1276
9658 1276
9659 1276
9660 85
9661 1278
9662 85
9663 1112
9664 1278
9665 1112
9666 85
9667 1507
9668 1208
9669 1208
9670 1208
9671 1208
9672 1208
9673 1208
9674 1208
9675 1208
9676 1208
9677 1208
9678 1208
9679 1208
9680 1208
9681 1208
9682 1208
9683 1208
9684 1208
9685 770
9686 1280
9687 770
9688 1280
9689 1280
9690 1551
9691 770
9692 770
9693 770
9694 1508
9695 770
9696 770
9697 1280
9698 619
9699 770
9700 770
9701 1551
9702 1280
9703 441
9704 772
9705 33
9706 441
9707 1029
9708 33
9709 1176
9710 1120
9711 1176
9712 123
9713 123
9714 443
9715 1208
9716 1120
9717 443
9718 618
9719 1284
9720 1284
9721 1284
9722 1284
9723 469
9724 1285
9725 1285
9726 469
9727 469
9728 469
9729 469
9730 469
9731 469
9732 469
9733 469
9734 1285
9735 1285
9736 469
9737 1286
9738 443
9739 443
9740 87
9741 1286
9742 87
9743 1286
9744 1286
9745 1286
9746 1286
9747 1286
9748 1286
9749 1286
9750 1286
9751 1286
9752 1286
9753 1286
9754 1286
9755 1286
9756 1286
9757 1287
9758 1287
9759 1287
9760 641
9761 641
9762 1287
9763 1287
9764 641
9765 1287
9766 1287
9767 441
9768 1287
9769 894
9770 894
9771 1287
9772 53
9773 571
9774 571
9775 571
9776 571
9777 571
9778 571
9779 571
9780 571
9781 571
9782 571
9783 581
9784 117
9785 581
9786 117
9787 117
9788 117
9789 117
9790 117
9791 581
9792 29
9793 117
9794 117
9795 117
9796 581
9797 117
9798 29
9799 117
9800 117
9801 865
9802 865
9803 1509
9804 103
9805 1510
9806 1511
9807 103
9808 73
9809 1512
9810 1293
9811 1293
9812 96
9813 95
9814 13
9815 95
9816 648
9817 95
9818 415
9819 437
9820 648
9821 415
9822 96
9823 95
9824 437
9825 415
9826 95
9827 13
9828 648
9829 13
9830 784
9831 483
9832 483
9833 53
9834 576
9835 401
9836 760
9837 760
9838 401
9839 990
9840 401
9841 401
9842 760
9843 760
9844 760
9845 760
9846 401
9847 401
9848 401
9849 760
9850 401
9851 760
9852 760
9853 401
9854 8
9855 760
9856 760
9857 1513
9858 1209
9859 112
9860 1207
9861 441
9862 441
9863 112
9864 1295
9865 1514
9866 21
9867 10
9868 1295
9869 902
9870 46
9871 797
9872 1112
9873 802
9874 802
9875 802
9876 1204
9877 68
9878 802
9879 802
9880 802
9881 802
9882 46
9883 1546
9884 802
9885 802
9886 802
9887 1115
9888 802
9889 802
9890 1546
9891 802
9892 1115
9893 802
9894 576
9895 576
9896 576
9897 576
9898 576
9899 576
9900 576
9901 576
9902 576
9903 576
9904 576
9905 576
9906 576
9907 576
9908 576
9909 576
9910 576
9911 576
9912 576
9913 576
9914 576
9915 576
9916 438
9917 438
9918 93
9919 438
9920 438
9921 476
9922 438
9923 476
9924 480
9925 438
9926 480
9927 480
9928 438
9929 438
9930 480
9931 480
9932 480
9933 476
9934 497
9935 476
9936 480
9937 497
9938 476
9939 1037
9940 1037
9941 1037
9942 1037
9943 1037
9944 1037
9945 1037
9946 1037
9947 1037
9948 1037
9949 1037
9950 1037
9951 1037
9952 1037
9953 1037
9954 1037
9955 1037
9956 54
9957 54
9958 54
9959 54
9960 54
9961 54
9962 88
9963 88
9964 88
9965 88
9966 88
9967 117
9968 33
9969 117
9970 1187
9971 33
9972 81
9973 33
9974 33
9975 33
9976 117
9977 817
9978 33
9979 1187
9980 33
9981 117
9982 54
9983 897
9984 897
9985 897
9986 897
9987 897
9988 897
9989 897
9990 1176
9991 1176
9992 1176
9993 455
9994 1176
9995 641
9996 1176
9997 1176
9998 641
9999 1176
10000 62
10001 1176
10002 641
10003 1176
10004 1176
10005 1176
10006 798
10007 1303
10008 1303
10009 112
10010 45
10011 108
10012 1028
10013 1028
10014 1028
10015 1028
10016 1028
10017 1028
10018 1028
10019 1028
10020 1028
10021 1028
10022 1028
10023 1028
10024 1028
10025 1028
10026 1028
10027 1028
10028 1028
10029 1028
10030 1028
10031 1028
10032 1028
10033 1028
10034 1304
10035 1304
10036 1304
10037 1304
10038 1304
10039 1304
10040 1304
10041 1304
10042 1304
10043 1306
10044 22
10045 1306
10046 22
10047 22
10048 1198
10049 1198
10050 860
10051 1308
10052 1308
10053 999
10054 1198
10055 1198
10056 1198
10057 1198
10058 1198
10059 1308
10060 1198
10061 1198
10062 76
10063 1310
10064 591
10065 76
10066 1597
10067 1597
10068 1597
10069 76
10070 776
10071 1310
10072 776
10073 776
10074 776
10075 776
10076 591
10077 870
10078 870
10079 870
10080 870
10081 1311
10082 1515
10083 1311
10084 472
10085 1311
10086 472
10087 1311
10088 472
10089 1311
10090 1311
10091 1311
10092 1311
10093 1311
10094 472
10095 46
10096 1311
10097 1311
10098 1311
10099 1311
10100 1311
10101 1311
10102 472
10103 1311
10104 53
10105 1209
10106 415
10107 1313
10108 1313
10109 990
10110 1313
10111 450
10112 450
10113 450
10114 450
10115 450
10116 450
10117 450
10118 450
10119 1613
10120 450
10121 450
10122 450
10123 1613
10124 450
10125 45
10126 45
10127 45
10128 1516
10129 438
10130 438
10131 438
10132 438
10133 784
10134 438
10135 438
10136 438
10137 784
10138 76
10139 868
10140 1517
10141 1518
10142 772
10143 637
10144 491
10145 491
10146 637
10147 1318
10148 1318
10149 1318
10150 1318
10151 1318
10152 1318
10153 1318
10154 1318
10155 1318
10156 1318
10157 53
10158 53
10159 53
10160 53
10161 53
10162 871
10163 1
10164 1
10165 46
10166 611
10167 10
10168 54
10169 416
10170 53
10171 479
10172 863
10173 894
10174 1519
10175 863
10176 801
10177 1520
10178 8
10179 1322
10180 1322
10181 1322
10182 1322
10183 1322
10184 1322
10185 1322
10186 429
10187 1322
10188 1322
10189 1322
10190 1322
10191 429
10192 429
10193 1322
10194 591
10195 1322
10196 1322
10197 73
10198 73
10199 1556
10200 73
10201 1556
10202 1
10203 103
10204 1006
10205 1521
10206 62
10207 990
10208 990
10209 990
10210 1112
10211 1112
10212 790
10213 1112
10214 790
10215 792
10216 577
10217 1523
10218 836
10219 1031
10220 1031
10221 50
10222 46
10223 24
10224 598
10225 46
10226 45
10227 46
10228 48
10229 50
10230 46
10231 24
10232 790
10233 641
10234 46
10235 50
10236 462
10237 48
10238 62
10239 62
10240 62
10241 62
10242 62
10243 62
10244 42
10245 1329
10246 112
10247 1329
10248 1329
10249 112
10250 1329
10251 999
10252 1329
10253 1329
10254 1329
10255 112
10256 112
10257 1031
10258 1115
10259 1524
10260 1115
10261 598
10262 86
10263 86
10264 86
10265 839
10266 86
10267 839
10268 11
10269 11
10270 488
10271 488
10272 488
10273 455
10274 455
10275 455
10276 598
10277 1358
10278 1355
10279 127
10280 127
10281 127
10282 127
10283 127
10284 127
10285 127
10286 127
10287 127
10288 127
10289 127
10290 127
10291 1525
10292 127
10293 127
10294 127
10295 127
10296 127
10297 127
10298 127
10299 117
10300 117
10301 117
10302 1526
10303 117
10304 1029
10305 46
10306 81
10307 837
10308 837
10309 22
10310 1527
10311 112
10312 112
10313 112
10314 112
10315 1583
10316 1583
10317 112
10318 53
10319 54
10320 54
10321 1340
10322 1340
10323 54
10324 567
10325 567
10326 1280
10327 13
10328 1280
10329 999
10330 1341
10331 1341
10332 438
10333 884
10334 999
10335 999
10336 438
10337 1528
10338 127
10339 1295
10340 1037
10341 1529
10342 765
10343 1623
10344 1623
10345 797
10346 797
10347 842
10348 842
10349 1120
10350 842
10351 42
10352 87
10353 1199
10354 58
10355 422
10356 29
10357 835
10358 565
10359 1355
10360 1355
10361 1348
10362 1355
10363 1350
10364 8
10365 1355
10366 1355
10367 1352
10368 1355
10369 1355
10370 1350
10371 1355
10372 1355
10373 1357
10374 8
10375 1355
10376 1355
10377 1355
10378 1355
10379 1355
10380 1355
10381 1355
10382 1348
10383 1355
10384 1355
10385 1355
10386 1176
10387 1355
10388 1355
10389 1355
10390 1355
10391 1355
10392 1530
10393 1355
10394 1355
10395 1355
10396 1355
10397 1355
10398 1355
10399 1355
10400 1355
10401 1355
10402 1355
10403 1355
10404 1355
10405 1355
10406 1355
10407 1355
10408 1355
10409 1355
10410 1355
10411 1358
10412 1355
10413 1531
10414 1355
10415 1355
10416 1355
10417 1358
10418 1355
10419 8
10420 1355
10421 1355
10422 1358
10423 1355
10424 1355
10425 1355
10426 1355
10427 1358
10428 1355
10429 1366
10430 1355
10431 1355
10432 1355
10433 1355
10434 1355
10435 1355
10436 1355
10437 1355
10438 1355
10439 1355
10440 1358
10441 1532
10442 1355
10443 1355
10444 571
10445 1355
10446 1352
10447 1355
10448 1533
10449 1355
10450 798
10451 1358
10452 1355
10453 1355
10454 1355
10455 1355
10456 1355
10457 1355
10458 1355
10459 1355
10460 1534
10461 1355
10462 1355
10463 1355
10464 1355
10465 1355
10466 1358
10467 798
10468 1358
10469 1355
10470 1355
10471 1535
10472 1355
10473 1355
10474 1358
10475 1355
10476 1355
10477 1355
10478 1355
10479 1366
10480 1355
10481 1355
10482 1355
10483 1355
10484 798
10485 1355
10486 1355
10487 1352
10488 1623
10489 1355
10490 1355
10491 1355
10492 1348
10493 1355
10494 1355
10495 1355
10496 1355
10497 1355
10498 1355
10499 1355
10500 1355
10501 1355
10502 1355
10503 1355
10504 1355
10505 1355
10506 1355
10507 1355
10508 1355
10509 798
10510 1358
10511 1355
10512 1355
10513 1355
10514 1355
10515 1355
10516 1355
10517 441
10518 1355
10519 1355
10520 1355
10521 1355
10522 1355
10523 1355
10524 1366
10525 1366
10526 1355
10527 1355
10528 1355
10529 1355
10530 1536
10531 1355
10532 1355
10533 1355
10534 1355
10535 1355
10536 1355
10537 1355
10538 1355
10539 1355
10540 1355
10541 1355
10542 1355
10543 1623
10544 1355
10545 1355
10546 1355
10547 1355
10548 565
10549 1355
10550 1355
10551 1355
10552 1355
10553 1355
10554 1355
10555 1355
10556 1355
10557 1537
10558 1355
10559 1355
10560 1355
10561 1355
10562 1357
10563 1355
10564 1355
10565 1355
10566 1355
10567 1355
10568 1355
10569 1176
10570 1355
