5691 5
5692 65
5693 142
5694 102
5695 212
5696 86
5697 142
5698 229
5699 76
5700 185
5701 69
5702 82
5703 142
5704 28
5705 272
5706 241
5707 77
5708 76
5709 76
5710 212
5711 29
5712 170
5713 170
5714 222
5715 241
5716 142
5717 76
5718 27
5719 142
5720 142
5721 204
5722 33
5723 55
5724 100
5725 811
5726 210
5727 65
5728 5
5729 1127
5730 155
5731 142
5732 26
5733 142
5734 23
5735 103
5736 1089
5737 33
5738 188
5739 100
5740 142
5741 76
5742 774
5743 140
5744 142
5745 23
5746 7
5747 5
5748 142
5749 142
5750 53
5751 142
5752 142
5753 86
5754 77
5755 76
5756 100
5757 5
5758 89
5759 36
5760 36
5761 26
5762 36
5763 23
5764 175
5765 222
5766 36
5767 210
5768 212
5769 103
5770 91
5771 23
5772 36
5773 130
5774 33
5775 53
5776 7
5777 142
5778 36
5779 29
5780 7
5781 23
5782 48
5783 212
5784 188
5785 33
5786 77
5787 1143
5788 7
5789 76
5790 53
5791 82
5792 36
5793 36
5794 129
5795 77
5796 36
5797 48
5798 7
5799 6
5800 53
5801 100
5802 243
5803 112
5804 142
5805 36
5806 210
5807 210
5808 36
5809 82
5810 212
5811 129
5812 26
5813 36
5814 26
5815 33
5816 7
5817 36
5818 7
5819 7
5820 69
5821 82
5822 184
5823 765
5824 140
5825 3
5826 212
5827 3
5828 36
5829 36
5830 100
5831 86
5832 36
5833 60
5834 11
5835 7
5836 76
5837 142
5838 142
5839 142
5840 53
5841 36
5842 53
5843 243
5844 142
5845 30
5846 1153
5847 27
5848 142
5849 89
5850 26
5851 142
5852 142
5853 36
5854 204
5855 100
5856 23
5857 142
5858 181
5859 3
5860 222
5861 920
5862 212
5863 188
5864 60
5865 142
5866 142
5867 21
5868 76
5869 142
5870 26
5871 33
5872 76
5873 36
5874 5
5875 36
5876 12
5877 142
5878 210
5879 138
5880 69
5881 76
5882 36
5883 27
5884 76
5885 53
5886 295
5887 1
5888 210
5889 30
5890 76
5891 765
5892 5
5893 76
5894 175
5895 77
5896 60
5897 1160
5898 104
5899 142
5900 129
5901 129
5902 59
5903 188
5904 129
5905 69
5906 129
5907 82
5908 129
5909 129
5910 129
5911 262
5912 129
5913 129
5914 91
5915 222
5916 39
5917 1011
5918 146
5919 27
5920 76
5921 77
5922 77
5923 62
5924 76
5925 129
5926 129
5927 129
5928 104
5929 0
5930 188
5931 142
5932 82
5933 77
5934 82
5935 7
5936 100
5937 210
5938 142
5939 142
5940 76
5941 1111
5942 129
5943 36
5944 188
5945 129
5946 129
5947 5
5948 40
5949 5
5950 30
5951 76
5952 212
5953 142
5954 129
5955 188
5956 36
5957 77
5958 7
5959 25
5960 69
5961 65
5962 76
5963 76
5964 267
5965 36
5966 69
5967 142
5968 215
5969 12
5970 162
5971 60
5972 76
5973 60
5974 82
5975 28
5976 5
5977 76
5978 11
5979 100
5980 142
5981 76
5982 149
5983 77
5984 33
5985 26
5986 76
5987 53
5988 12
5989 76
5990 204
5991 204
5992 36
5993 215
5994 76
5995 204
5996 36
5997 134
5998 103
5999 920
6000 3
6001 23
6002 188
6003 142
6004 36
6005 7
6006 77
6007 86
6008 210
6009 36
6010 5
6011 142
6012 27
6013 76
6014 69
6015 6
6016 82
6017 82
6018 204
6019 76
6020 188
6021 5
6022 82
6023 27
6024 62
6025 1172
6026 5
6027 76
6028 26
6029 140
6030 188
6031 142
6032 69
6033 127
6034 131
6035 76
6036 188
6037 77
6038 76
6039 86
6040 76
6041 76
6042 69
6043 53
6044 204
6045 3
6046 1111
6047 23
6048 76
6049 76
6050 1090
6051 84
6052 100
6053 7
6054 76
6055 102
6056 77
6057 36
6058 36
6059 129
6060 60
6061 36
6062 76
6063 3
6064 142
6065 76
6066 204
6067 76
6068 170
6069 76
6070 76
6071 175
6072 1110
6073 77
6074 295
6075 5
6076 142
6077 76
6078 1127
6079 77
6080 272
6081 222
6082 28
6083 82
6084 69
6085 102
6086 26
6087 5
6088 36
6089 129
6090 76
6091 170
6092 76
6093 76
6094 142
6095 76
6096 76
6097 188
6098 1111
6099 76
6100 76
6101 173
6102 76
6103 3
6104 39
6105 100
6106 76
6107 188
6108 84
6109 238
6110 243
6111 76
6112 27
6113 20
6114 204
6115 170
6116 76
6117 100
6118 76
6119 170
6120 54
6121 64
6122 241
6123 188
6124 76
6125 204
6126 36
6127 76
6128 3
6129 103
6130 102
6131 20
6132 76
6133 36
6134 241
6135 76
6136 36
6137 76
6138 134
6139 184
6140 134
6141 26
6142 77
6143 129
6144 140
6145 69
6146 129
6147 27
6148 27
6149 27
6150 76
6151 129
6152 112
6153 170
6154 23
6155 142
6156 77
6157 76
6158 33
6159 33
6160 86
6161 222
6162 82
6163 295
6164 33
6165 142
6166 76
6167 76
6168 57
6169 31
6170 142
6171 76
6172 36
6173 86
6174 76
6175 3
6176 30
6177 76
6178 188
6179 36
6180 54
6181 26
6182 36
6183 146
6184 76
6185 26
6186 60
6187 76
6188 36
6189 7
6190 170
6191 140
6192 54
6193 76
6194 86
6195 129
6196 188
6197 36
6198 70
6199 170
6200 33
6201 142
6202 188
6203 77
6204 76
6205 53
6206 77
6207 28
6208 60
6209 243
6210 76
6211 100
6212 54
6213 36
6214 36
6215 100
6216 82
6217 77
6218 5
6219 76
6220 56
6221 77
6222 76
6223 76
6224 23
6225 222
6226 27
6227 26
6228 76
6229 241
6230 100
6231 204
6232 7
6233 64
6234 53
6235 26
6236 182
6237 53
6238 53
6239 53
6240 102
6241 29
6242 23
6243 76
6244 36
6245 36
6246 76
6247 59
6248 243
6249 181
6250 76
6251 59
6252 222
6253 131
6254 82
6255 91
6256 25
6257 3
6258 110
6259 110
6260 142
6261 102
6262 70
6263 76
6264 140
6265 29
6266 53
6267 272
6268 36
6269 102
6270 53
6271 185
6272 188
6273 142
6274 1028
6275 76
6276 791
6277 129
6278 182
6279 110
6280 138
6281 1191
6282 129
6283 100
6284 241
6285 76
6286 129
6287 86
6288 86
6289 86
6290 170
6291 170
6292 76
6293 76
6294 62
6295 3
6296 62
6297 76
6298 76
6299 82
6300 102
6301 69
6302 1160
6303 129
6304 27
6305 102
6306 23
6307 36
6308 76
6309 142
6310 91
6311 104
6312 5
6313 1091
6314 7
6315 140
6316 26
6317 28
6318 82
6319 1191
6320 29
6321 29
6322 27
6323 142
6324 3
6325 76
6326 53
6327 76
6328 188
6329 142
6330 26
6331 142
6332 129
6333 27
6334 23
6335 76
6336 170
6337 36
6338 36
6339 76
6340 76
6341 7
6342 26
6343 100
6344 210
6345 222
6346 53
6347 765
6348 5
6349 188
6350 129
6351 3
6352 1092
6353 1028
6354 129
6355 210
6356 76
6357 204
6358 11
6359 65
6360 50
6361 188
6362 188
6363 69
6364 188
6365 100
6366 110
6367 27
6368 27
6369 142
6370 100
6371 181
6372 129
6373 129
6374 100
6375 129
6376 76
6377 188
6378 129
6379 129
6380 129
6381 185
6382 76
6383 36
6384 129
6385 84
6386 27
6387 62
6388 129
6389 129
6390 103
6391 764
6392 18
6393 188
6394 84
6395 53
6396 134
6397 62
6398 5
6399 36
6400 188
6401 102
6402 76
6403 142
6404 102
6405 36
6406 77
6407 5
6408 29
6409 77
6410 188
6411 76
6412 170
6413 29
6414 186
6415 62
6416 62
6417 62
6418 62
6419 140
6420 5
6421 77
6422 62
6423 188
6424 181
6425 60
6426 28
6427 29
6428 50
6429 272
6430 76
6431 36
6432 27
6433 29
6434 23
6435 76
6436 131
6437 62
6438 77
6439 62
6440 76
6441 1
6442 23
6443 76
6444 272
6445 7
6446 8
6447 181
6448 77
6449 3
6450 86
6451 20
6452 146
6453 3
6454 52
6455 52
6456 188
6457 26
6458 222
6459 103
6460 3
6461 188
6462 26
6463 62
6464 69
6465 204
6466 40
6467 20
6468 23
6469 69
6470 76
6471 20
6472 62
6473 140
6474 18
6475 103
6476 20
6477 60
6478 28
6479 5
6480 20
6481 82
6482 188
6483 7
6484 262
6485 52
6486 20
6487 102
6488 76
6489 210
6490 27
6491 102
6492 23
6493 102
6494 188
6495 20
6496 12
6497 77
6498 229
6499 52
6500 100
6501 76
6502 20
6503 172
6504 1094
6505 188
6506 3
6507 142
6508 188
6509 3
6510 134
6511 36
6512 36
6513 102
6514 295
6515 27
6516 102
6517 1143
6518 103
6519 222
6520 204
6521 76
6522 69
6523 142
6524 76
6525 172
6526 222
6527 155
6528 94
6529 172
6530 20
6531 172
6532 172
6533 222
6534 1143
6535 142
6536 103
6537 20
6538 142
6539 91
6540 5
6541 102
6542 5
6543 262
6544 40
6545 53
6546 53
6547 86
6548 77
6549 172
6550 40
6551 86
6552 172
6553 142
6554 76
6555 23
6556 20
6557 103
6558 1110
6559 103
6560 142
6561 204
6562 20
6563 20
6564 188
6565 129
6566 76
6567 60
6568 5
6569 142
6570 272
6571 272
6572 54
6573 262
6574 188
6575 53
6576 188
6577 53
6578 110
6579 40
6580 188
6581 272
6582 170
6583 77
6584 36
6585 20
6586 48
6587 188
6588 1155
6589 102
6590 142
6591 41
6592 29
6593 100
6594 6
6595 30
6596 23
6597 77
6598 146
6599 210
6600 188
6601 23
6602 77
6603 3
6604 241
6605 204
6606 103
6607 57
6608 272
6609 20
6610 84
6611 40
6612 134
6613 91
6614 146
6615 100
6616 20
6617 20
6618 222
6619 7
6620 7
6621 262
6622 26
6623 188
6624 7
6625 48
6626 5
6627 8
6628 172
6629 272
6630 172
6631 39
6632 142
6633 112
6634 181
6635 172
6636 20
6637 77
6638 188
6639 262
6640 7
6641 77
6642 7
6643 100
6644 26
6645 106
6646 52
6647 222
6648 3
6649 295
6650 774
6651 811
6652 60
6653 21
6654 222
6655 774
6656 53
6657 204
6658 53
6659 5
6660 774
6661 102
6662 91
6663 40
6664 774
6665 181
6666 3
6667 210
6668 69
6669 142
6670 101
6671 27
6672 60
6673 103
6674 188
6675 60
6676 3
6677 1028
6678 774
6679 272
6680 29
6681 241
6682 222
6683 142
6684 102
6685 26
6686 53
6687 138
6688 774
6689 91
6690 210
6691 138
6692 18
6693 26
6694 104
6695 172
6696 188
6697 52
6698 188
6699 28
6700 140
6701 28
6702 774
6703 75
6704 1143
6705 23
6706 53
6707 86
6708 142
6709 1118
6710 186
6711 5
6712 172
6713 146
6714 102
6715 212
6716 26
6717 77
6718 5
6719 774
6720 100
6721 142
6722 100
6723 130
6724 27
6725 241
6726 28
6727 100
6728 188
6729 100
6730 142
6731 102
6732 20
6733 77
6734 100
6735 62
6736 82
6737 62
6738 272
6739 170
6740 26
6741 41
6742 82
6743 53
6744 62
6745 21
6746 272
6747 52
6748 774
6749 188
6750 262
6751 20
6752 48
6753 5
6754 146
6755 100
6756 1172
6757 77
6758 188
6759 52
6760 765
6761 241
6762 241
6763 48
6764 86
6765 100
6766 100
6767 26
6768 188
6769 26
6770 241
6771 5
6772 5
6773 5
6774 204
6775 140
6776 204
6777 77
6778 26
6779 21
6780 130
6781 1153
6782 204
6783 140
6784 140
6785 52
6786 82
6787 258
6788 28
6789 204
6790 100
6791 41
6792 204
6793 20
6794 21
6795 20
6796 3
6797 27
6798 77
6799 184
6800 26
6801 134
6802 184
6803 27
6804 18
6805 188
6806 21
6807 170
6808 138
6809 210
6810 238
6811 142
6812 18
6813 188
6814 54
6815 188
6816 77
6817 100
6818 262
6819 39
6820 172
6821 86
6822 188
6823 188
6824 59
6825 5
6826 82
6827 204
6828 204
6829 188
6830 77
6831 210
6832 91
6833 1028
6834 3
6835 100
6836 26
6837 184
6838 204
6839 1096
6840 3
6841 55
6842 82
6843 52
6844 184
6845 91
6846 188
6847 272
6848 52
6849 20
6850 26
6851 82
6852 27
6853 23
6854 26
6855 29
6856 155
6857 48
6858 91
6859 204
6860 204
6861 29
6862 23
6863 77
6864 40
6865 77
6866 82
6867 774
6868 28
6869 76
6870 76
6871 57
6872 103
6873 210
6874 5
6875 27
6876 971
6877 971
6878 222
6879 222
6880 26
6881 222
6882 188
6883 971
6884 69
6885 26
6886 170
6887 53
6888 86
6889 40
6890 100
6891 41
6892 91
6893 27
6894 188
6895 1155
6896 181
6897 48
6898 23
6899 28
6900 170
6901 27
6902 20
6903 204
6904 188
6905 102
6906 76
6907 188
6908 91
6909 20
6910 62
6911 48
6912 40
6913 62
6914 62
6915 27
6916 86
6917 77
6918 188
6919 188
6920 62
6921 77
6922 62
6923 91
6924 222
6925 91
6926 188
6927 188
6928 188
6929 40
6930 188
6931 188
6932 188
6933 188
6934 39
6935 210
6936 1028
6937 23
6938 77
6939 272
6940 45
6941 77
6942 48
6943 48
6944 48
6945 48
6946 77
6947 26
6948 76
6949 5
6950 48
6951 48
6952 140
6953 188
6954 204
6955 170
6956 210
6957 188
6958 77
6959 188
6960 82
6961 170
6962 21
6963 53
6964 188
6965 222
6966 204
6967 1153
6968 100
6969 102
6970 28
6971 26
6972 91
6973 31
6974 110
6975 53
6976 142
6977 5
6978 106
6979 188
6980 100
6981 7
6982 188
6983 142
6984 84
6985 188
6986 3
6987 12
6988 188
6989 172
6990 172
6991 262
6992 188
6993 172
6994 188
6995 188
6996 188
6997 5
6998 188
6999 77
7000 172
7001 188
7002 91
7003 188
7004 188
7005 188
7006 188
7007 106
7008 204
7009 77
7010 188
7011 188
7012 181
7013 23
7014 188
7015 3
7016 188
7017 188
7018 29
7019 94
7020 188
7021 272
7022 210
7023 1110
7024 188
7025 106
7026 188
7027 94
7028 94
7029 94
7030 94
7031 86
7032 188
7033 94
7034 86
7035 94
7036 188
7037 94
7038 188
7039 188
7040 94
7041 94
7042 106
7043 94
7044 94
7045 5
7046 94
7047 94
7048 94
7049 94
7050 31
7051 94
7052 188
7053 188
7054 188
7055 188
7056 188
7057 188
7058 188
7059 188
7060 188
7061 188
7062 94
7063 188
7064 188
7065 204
7066 188
7067 188
7068 188
7069 188
7070 188
7071 188
7072 188
7073 188
7074 23
7075 188
7076 188
7077 188
7078 94
7079 26
7080 188
7081 188
7082 188
7083 188
7084 188
7085 94
7086 94
7087 188
7088 188
7089 188
7090 146
7091 188
7092 188
7093 188
7094 94
7095 188
7096 188
7097 94
7098 188
7099 188
7100 188
7101 188
7102 188
7103 188
7104 188
7105 94
7106 188
7107 188
7108 188
7109 188
7110 188
7111 188
7112 188
7113 188
7114 94
7115 188
7116 188
7117 188
7118 188
7119 94
7120 94
7121 94
7122 188
7123 188
7124 188
7125 94
7126 188
7127 94
7128 188
7129 188
7130 188
7131 91
7132 188
7133 188
7134 188
7135 94
7136 100
7137 188
7138 100
7139 188
7140 94
7141 188
7142 188
7143 188
7144 188
7145 94
7146 188
7147 188
7148 1098
7149 188
7150 94
7151 188
7152 188
7153 188
7154 188
7155 188
7156 21
7157 188
7158 188
7159 188
7160 188
7161 94
7162 188
7163 188
7164 188
7165 204
7166 94
7167 188
7168 94
7169 188
7170 48
7171 188
7172 94
7173 94
7174 54
7175 222
7176 188
7177 94
7178 94
7179 188
7180 188
7181 188
7182 94
7183 94
7184 188
7185 94
7186 188
7187 94
7188 40
7189 94
7190 94
7191 188
7192 94
7193 94
7194 94
7195 94
7196 188
7197 94
7198 29
7199 142
7200 29
7201 94
7202 94
7203 188
7204 94
7205 188
7206 94
7207 23
7208 188
7209 188
7210 188
7211 188
7212 188
7213 188
7214 188
7215 188
7216 188
7217 188
7218 188
7219 94
7220 146
7221 94
7222 188
7223 86
7224 188
7225 188
7226 188
7227 28
7228 28
7229 188
7230 94
7231 26
7232 188
7233 94
7234 188
7235 188
7236 188
7237 188
7238 188
7239 188
7240 188
7241 188
7242 188
7243 188
7244 188
7245 94
7246 188
7247 188
7248 94
7249 28
7250 188
7251 94
7252 188
7253 94
7254 94
7255 188
7256 94
7257 94
7258 188
7259 3
7260 188
7261 188
7262 188
7263 188
7264 84
7265 188
7266 188
7267 188
7268 3
7269 188
7270 94
7271 94
7272 188
7273 94
7274 188
7275 142
7276 142
7277 188
7278 41
7279 94
7280 91
7281 3
7282 60
7283 780
7284 780
7285 94
7286 188
7287 94
7288 188
7289 100
7290 188
7291 204
7292 188
7293 94
7294 94
7295 94
7296 188
7297 188
7298 94
7299 188
7300 188
7301 94
7302 3
7303 188
7304 94
7305 94
7306 188
7307 188
7308 3
7309 188
7310 94
7311 188
7312 94
7313 210
7314 172
7315 1160
7316 188
7317 188
7318 52
7319 65
7320 94
7321 142
7322 94
7323 100
7324 188
7325 188
7326 188
7327 94
7328 188
7329 82
7330 57
7331 57
7332 94
7333 94
7334 65
7335 5
7336 94
7337 65
7338 188
7339 188
7340 188
7341 94
7342 188
7343 210
7344 188
7345 210
7346 65
7347 188
7348 60
7349 188
7350 103
7351 94
7352 188
7353 94
7354 204
7355 94
7356 94
7357 3
7358 91
7359 53
7360 52
7361 4
7362 94
7363 188
7364 188
7365 7
7366 210
7367 94
7368 188
7369 188
7370 1
7371 103
7372 188
7373 208
7374 60
7375 188
7376 188
7377 188
7378 77
7379 188
7380 170
7381 94
7382 222
7383 65
7384 7
7385 77
7386 188
7387 188
7388 62
7389 188
7390 188
7391 204
7392 103
7393 142
7394 77
7395 94
7396 100
7397 94
7398 20
7399 94
7400 3
7401 65
7402 65
7403 267
7404 272
7405 100
7406 204
7407 188
7408 222
7409 94
7410 204
7411 181
7412 188
7413 94
7414 188
7415 94
7416 94
7417 210
7418 94
7419 210
7420 20
7421 53
7422 94
7423 222
7424 41
7425 94
7426 94
7427 208
7428 62
7429 62
7430 62
7431 232
7432 188
7433 60
7434 62
7435 77
7436 188
7437 188
7438 94
7439 94
7440 94
7441 94
7442 94
7443 84
7444 188
7445 103
7446 77
7447 62
7448 7
7449 188
7450 94
7451 65
7452 62
7453 210
7454 3
7455 62
7456 60
7457 188
7458 188
7459 188
7460 100
7461 102
7462 204
7463 94
7464 62
7465 94
7466 62
7467 188
7468 62
7469 188
7470 94
7471 188
7472 142
7473 62
7474 188
7475 188
7476 204
7477 204
7478 94
7479 62
7480 188
7481 94
7482 94
7483 188
7484 188
7485 94
7486 82
7487 188
7488 188
7489 23
7490 65
7491 94
7492 188
7493 94
7494 188
7495 170
7496 94
7497 188
7498 188
7499 210
7500 204
7501 62
7502 188
7503 188
7504 3
7505 131
7506 30
7507 188
7508 188
7509 53
7510 94
7511 188
7512 188
7513 188
7514 3
7515 188
7516 188
7517 204
7518 30
7519 30
7520 3
7521 94
7522 188
7523 188
7524 188
7525 188
7526 188
7527 94
7528 30
7529 188
7530 774
7531 94
7532 188
7533 142
7534 188
7535 30
7536 62
7537 188
7538 188
7539 77
7540 188
7541 94
7542 103
7543 204
7544 30
7545 94
7546 188
7547 188
7548 100
7549 130
7550 188
7551 1141
7552 94
7553 188
7554 94
7555 272
7556 188
7557 210
7558 1118
7559 48
7560 100
7561 1099
7562 188
7563 188
7564 62
7565 129
7566 53
7567 188
7568 94
7569 77
7570 188
7571 188
7572 70
7573 204
7574 53
7575 188
7576 1100
7577 62
7578 94
7579 1141
7580 103
7581 54
7582 94
7583 188
7584 188
7585 188
7586 103
7587 188
