26558 741
26559 1463
26560 741
26561 2430
26562 1122
26563 1113
26564 258
26565 1295
26566 258
26567 11
26568 741
26569 11
26570 184
26571 2540
26572 1143
26573 1463
26574 1463
26575 1861
26576 1295
26577 52
26578 163
26579 741
26580 52
26581 258
26582 1937
26583 258
26584 12
26585 184
26586 295
26587 741
26588 258
26589 11
26590 741
26591 65
26592 741
26593 1108
26594 971
26595 1359
26596 138
26597 1397
26598 295
26599 2236
26600 258
26601 1266
26602 82
26603 2541
26604 69
26605 258
26606 1138
26607 1138
26608 1397
26609 1266
26610 1397
26611 1295
26612 1978
26613 295
26614 2211
26615 1463
26616 1266
26617 741
26618 1138
26619 1138
26620 1397
26621 1138
26622 2258
26623 69
26624 1295
26625 52
26626 295
26627 1978
26628 1978
26629 258
26630 11
26631 1138
26632 2263
26633 52
26634 11
26635 1489
26636 184
26637 11
26638 258
26639 295
26640 52
26641 295
26642 1113
26643 741
26644 11
26645 741
26646 2263
26647 258
26648 52
26649 184
26650 1143
26651 1113
26652 11
26653 1138
26654 1152
26655 163
26656 52
26657 1260
26658 1978
26659 295
26660 2236
26661 52
26662 741
26663 1133
26664 184
26665 52
26666 11
26667 1288
26668 129
26669 2595
26670 11
26671 2542
26672 53
26673 2403
26674 741
26675 1953
26676 214
26677 1138
26678 11
26679 2263
26680 1978
26681 1933
26682 741
26683 295
26684 27
26685 2543
26686 295
26687 2425
26688 295
26689 2236
26690 11
26691 1266
26692 741
26693 2425
26694 69
26695 1953
26696 741
26697 295
26698 295
26699 1978
26700 1397
26701 741
26702 2236
26703 1387
26704 1978
26705 741
26706 182
26707 2392
26708 258
26709 1387
26710 184
26711 741
26712 1068
26713 1953
26714 2233
26715 2236
26716 272
26717 1397
26718 204
26719 1387
26720 295
26721 1288
26722 1295
26723 204
26724 1138
26725 258
26726 741
26727 2595
26728 2426
26729 1133
26730 1359
26731 1295
26732 1463
26733 258
26734 1113
26735 295
26736 2211
26737 2211
26738 2186
26739 2236
26740 10
26741 1463
26742 1397
26743 243
26744 204
26745 1160
26746 184
26747 5
26748 258
26749 2426
26750 146
26751 82
26752 1387
26753 1387
26754 1387
26755 258
26756 182
26757 2426
26758 1387
26759 258
26760 258
26761 258
26762 2236
26763 89
26764 258
26765 52
26766 1359
26767 2233
26768 52
26769 11
26770 741
26771 1359
26772 272
26773 1138
26774 741
26775 33
26776 295
26777 295
26778 11
26779 11
26780 258
26781 258
26782 741
26783 741
26784 258
26785 1387
26786 258
26787 11
26788 741
26789 258
26790 1160
26791 23
26792 27
26793 52
26794 741
26795 2211
26796 295
26797 295
26798 1113
26799 1288
26800 741
26801 11
26802 2233
26803 741
26804 295
26805 11
26806 2211
26807 741
26808 11
26809 1397
26810 104
26811 741
26812 2263
26813 146
26814 146
26815 146
26816 258
26817 27
26818 258
26819 82
26820 1359
26821 2439
26822 2439
26823 258
26824 741
26825 11
26826 2544
26827 175
26828 258
26829 1463
26830 1397
26831 146
26832 3
26833 146
26834 12
26835 12
26836 258
26837 1966
26838 12
26839 1966
26840 11
26841 11
26842 741
26843 52
26844 258
26845 52
26846 258
26847 258
26848 258
26849 204
26850 1068
26851 258
26852 741
26853 741
26854 258
26855 1266
26856 295
26857 258
26858 52
26859 258
26860 48
26861 258
26862 741
26863 1359
26864 741
26865 1138
26866 741
26867 1266
26868 52
26869 1110
26870 184
26871 258
26872 11
26873 1387
26874 12
26875 258
26876 741
26877 2233
26878 1266
26879 1266
26880 77
26881 146
26882 1143
26883 258
26884 146
26885 2545
26886 741
26887 295
26888 1968
26889 104
26890 741
26891 33
26892 11
26893 295
26894 258
26895 1295
26896 11
26897 11
26898 741
26899 56
26900 1266
26901 295
26902 11
26903 1266
26904 741
26905 1138
26906 741
26907 52
26908 52
26909 184
26910 134
26911 1266
26912 1110
26913 11
26914 11
26915 1288
26916 163
26917 1397
26918 1260
26919 1260
26920 2236
26921 53
26922 2211
26923 1138
26924 204
26925 1138
26926 2430
26927 11
26928 741
26929 1397
26930 2236
26931 52
26932 741
26933 1786
26934 1397
26935 2236
26936 2546
26937 272
26938 1387
26939 2426
26940 2426
26941 1288
26942 2426
26943 1397
26944 2426
26945 2426
26946 2426
26947 741
26948 89
26949 1359
26950 741
26951 2236
26952 2426
26953 1387
26954 89
26955 258
26956 741
26957 1266
26958 1266
26959 1138
26960 1359
26961 52
26962 1160
26963 2210
26964 52
26965 2236
26966 2233
26967 53
26968 2426
26969 163
26970 741
26971 2210
26972 1485
26973 2547
26974 2426
26975 2236
26976 1107
26977 1966
26978 1953
26979 52
26980 741
26981 1966
26982 1143
26983 741
26984 2210
26985 1266
26986 258
26987 258
26988 1978
26989 2236
26990 1968
26991 295
26992 2236
26993 1266
26994 258
26995 2210
26996 1463
26997 2426
26998 11
26999 11
27000 2236
27001 741
27002 2233
27003 1138
27004 741
27005 2236
27006 741
27007 1966
27008 1266
27009 2426
27010 1266
27011 1138
27012 2430
27013 1978
27014 741
27015 1138
27016 295
27017 1138
27018 185
27019 2236
27020 741
27021 1138
27022 11
27023 258
27024 1138
27025 1138
27026 11
27027 1857
27028 2236
27029 2225
27030 2434
27031 204
27032 210
27033 2434
27034 1857
27035 2426
27036 1978
27037 91
27038 2236
27039 2233
27040 91
27041 91
27042 258
27043 127
27044 243
27045 163
27046 163
27047 1143
27048 2210
27049 91
27050 258
27051 1397
27052 2233
27053 1857
27054 2236
27055 11
27056 1966
27057 1266
27058 1138
27059 1295
27060 1979
27061 2430
27062 2236
27063 2211
27064 52
27065 1138
27066 2430
27067 2236
27068 1139
27069 2236
27070 2236
27071 2430
27072 69
27073 2236
27074 1968
27075 1397
27076 741
27077 2430
27078 1133
27079 741
27080 1266
27081 1635
27082 2236
27083 2211
27084 2236
27085 1857
27086 1266
27087 184
27088 1979
27089 27
27090 52
27091 2236
27092 1463
27093 2604
27094 52
27095 31
27096 272
27097 1387
27098 1463
27099 272
27100 91
27101 1266
27102 295
27103 1295
27104 295
27105 295
27106 272
27107 2430
27108 12
27109 2220
27110 741
27111 272
27112 741
27113 52
27114 52
27115 2236
27116 11
27117 741
27118 2548
27119 163
27120 2211
27121 28
27122 2549
27123 204
27124 2236
27125 741
27126 163
27127 1138
27128 741
27129 11
27130 2217
27131 23
27132 741
27133 741
27134 741
27135 163
27136 91
27137 146
27138 10
27139 258
27140 741
27141 2211
27142 741
27143 2236
27144 1463
27145 146
27146 2236
27147 2439
27148 2211
27149 258
27150 1979
27151 741
27152 1978
27153 2426
27154 1463
27155 272
27156 69
27157 1635
27158 2426
27159 1397
27160 741
27161 272
27162 741
27163 11
27164 258
27165 258
27166 741
27167 1463
27168 131
27169 741
27170 1786
27171 741
27172 184
27173 11
27174 258
27175 1138
27176 741
27177 1966
27178 163
27179 295
27180 741
27181 86
27182 258
27183 2426
27184 1359
27185 741
27186 204
27187 1463
27188 2210
27189 258
27190 258
27191 258
27192 741
27193 204
27194 1138
27195 2426
27196 2426
27197 1397
27198 741
27199 295
27200 3
27201 69
27202 258
27203 2211
27204 11
27205 2426
27206 146
27207 741
27208 52
27209 2426
27210 214
27211 1857
27212 295
27213 741
27214 1143
27215 295
27216 11
27217 2426
27218 134
27219 1359
27220 1138
27221 1106
27222 2210
27223 1359
27224 1397
27225 272
27226 971
27227 184
27228 1463
27229 741
27230 100
27231 1397
27232 258
27233 1978
27234 2236
27235 2426
27236 2426
27237 1138
27238 258
27239 11
27240 2211
27241 52
27242 258
27243 741
27244 2426
27245 258
27246 2426
27247 741
27248 1138
27249 2210
27250 741
27251 1359
27252 741
27253 741
27254 2236
27255 1463
27256 11
27257 741
27258 2236
27259 2426
27260 1979
27261 1966
27262 1966
27263 258
27264 258
27265 258
27266 258
27267 258
27268 2233
27269 11
27270 741
27271 52
27272 2426
27273 258
27274 1359
27275 11
27276 62
27277 1295
27278 741
27279 52
27280 258
27281 258
27282 1968
27283 258
27284 100
27285 258
27286 1359
27287 741
27288 204
27289 741
27290 258
27291 258
27292 741
27293 741
27294 741
27295 741
27296 2426
27297 2595
27298 204
27299 52
27300 2211
27301 295
27302 11
27303 12
27304 52
27305 1138
27306 741
27307 258
27308 146
27309 258
27310 258
27311 741
27312 52
27313 258
27314 1979
27315 11
27316 1397
27317 258
27318 11
27319 204
27320 1295
27321 258
27322 1397
27323 134
27324 258
27325 2426
27326 258
27327 146
27328 1138
27329 82
27330 2426
27331 2426
27332 2236
27333 146
27334 258
27335 146
27336 741
27337 258
27338 2426
27339 258
27340 258
27341 741
27342 258
27343 52
27344 258
27345 1130
27346 2426
27347 258
27348 52
27349 2426
27350 258
27351 2426
27352 11
27353 1966
27354 258
27355 11
27356 258
27357 258
27358 12
27359 741
27360 258
27361 2550
27362 3
27363 741
27364 1113
27365 2211
27366 741
27367 52
27368 11
27369 1493
27370 258
27371 741
27372 741
27373 1463
27374 258
27375 1138
27376 2551
27377 741
27378 1966
27379 2426
27380 2426
27381 2211
27382 2426
27383 741
27384 1387
27385 11
27386 2426
27387 741
27388 2426
27389 163
27390 2426
27391 741
27392 1463
27393 1861
27394 2217
27395 55
27396 741
27397 1110
27398 2552
27399 91
27400 2217
27401 77
27402 1143
27403 741
27404 163
27405 2236
27406 2553
27407 11
27408 295
27409 1966
27410 295
27411 1966
27412 2426
27413 2426
27414 2604
27415 2236
27416 184
27417 2426
27418 11
27419 10
27420 258
27421 2186
27422 1138
27423 295
27424 1359
27425 741
27426 1138
27427 272
27428 1138
27429 1138
27430 1138
27431 1463
27432 11
27433 2426
27434 2426
27435 2426
27436 741
27437 11
27438 11
27439 2426
27440 2426
27441 91
27442 2426
27443 741
27444 62
27445 741
27446 2426
27447 11
27448 2426
27449 2236
27450 1966
27451 11
27452 258
27453 2426
27454 1266
27455 1113
27456 2554
27457 11
27458 741
27459 91
27460 2426
27461 2426
27462 1861
27463 2211
27464 10
27465 258
27466 1953
27467 1397
27468 11
27469 1138
27470 52
27471 163
27472 11
27473 11
27474 1397
27475 204
27476 2555
27477 1138
27478 11
27479 295
27480 2426
27481 184
27482 100
27483 741
27484 146
27485 741
27486 110
27487 1266
27488 1978
27489 1397
27490 1978
27491 204
27492 1266
27493 2426
27494 1387
27495 2263
27496 163
27497 2186
27498 2186
27499 295
27500 1266
27501 1138
27502 1387
27503 204
27504 2426
27505 11
27506 2426
27507 52
27508 1138
27509 52
27510 52
27511 104
27512 104
27513 104
27514 104
27515 104
27516 104
27517 104
27518 104
27519 104
27520 104
27521 104
27522 104
27523 104
27524 104
27525 104
27526 104
27527 104
27528 104
27529 104
27530 104
27531 104
27532 104
27533 104
27534 104
27535 104
27536 104
27537 104
27538 104
27539 104
27540 104
27541 104
27542 104
27543 104
27544 104
27545 104
27546 104
27547 104
27548 104
27549 104
27550 104
27551 104
27552 104
27553 104
27554 104
27555 104
27556 104
27557 104
27558 104
27559 104
27560 104
27561 104
27562 104
27563 104
27564 104
27565 104
27566 104
27567 104
27568 104
27569 104
27570 104
27571 104
27572 104
27573 104
27574 104
27575 104
27576 104
27577 104
27578 104
27579 104
27580 104
27581 104
27582 104
27583 104
27584 104
27585 104
27586 104
27587 104
27588 104
27589 104
27590 104
27591 104
27592 104
27593 104
27594 104
27595 104
27596 104
27597 104
27598 1160
27599 104
27600 104
27601 104
27602 104
27603 104
27604 104
27605 104
27606 104
27607 104
27608 104
27609 104
27610 1387
27611 104
27612 104
27613 104
27614 104
27615 104
27616 104
27617 104
27618 104
27619 104
27620 104
27621 104
27622 104
27623 104
27624 104
27625 104
27626 104
27627 52
27628 104
27629 104
27630 104
27631 11
27632 104
27633 104
27634 204
27635 104
27636 104
27637 104
27638 104
27639 104
27640 104
27641 104
27642 104
27643 104
27644 104
27645 104
27646 104
27647 163
27648 104
27649 104
27650 104
27651 104
27652 52
27653 104
27654 104
27655 1143
27656 104
27657 104
27658 104
27659 741
27660 104
27661 104
27662 1160
27663 104
27664 104
27665 104
27666 104
27667 104
27668 104
27669 104
27670 104
27671 104
27672 204
27673 104
27674 243
27675 104
27676 104
27677 104
27678 104
27679 1966
27680 258
27681 104
27682 104
27683 243
27684 104
27685 1966
27686 104
27687 104
27688 2426
27689 104
27690 243
27691 104
27692 104
27693 104
27694 104
27695 104
27696 243
27697 104
27698 104
27699 104
27700 104
27701 243
27702 11
27703 104
27704 11
27705 243
27706 243
27707 104
27708 243
27709 12
27710 104
27711 52
27712 104
27713 104
27714 104
27715 104
27716 104
27717 104
27718 104
27719 104
27720 1266
27721 104
27722 104
27723 104
27724 104
27725 104
27726 1266
27727 1979
27728 33
27729 1979
27730 104
27731 104
27732 243
27733 69
27734 104
27735 1359
27736 104
27737 104
27738 104
27739 27
27740 104
27741 104
27742 104
27743 243
27744 104
27745 2439
27746 104
27747 104
27748 1266
27749 104
27750 104
27751 104
27752 104
27753 104
27754 104
27755 258
27756 104
27757 104
27758 104
27759 1359
27760 295
27761 104
27762 104
27763 295
27764 104
27765 295
27766 104
27767 104
27768 104
27769 295
27770 104
27771 238
27772 104
27773 295
27774 52
27775 104
27776 104
27777 104
27778 104
27779 1359
27780 131
27781 104
27782 104
27783 104
27784 104
27785 104
27786 11
27787 104
27788 2426
27789 104
27790 267
27791 104
27792 104
27793 267
27794 238
27795 2426
27796 104
27797 741
27798 1295
27799 741
27800 104
27801 104
27802 104
27803 10
27804 2426
27805 104
27806 104
27807 104
27808 741
27809 258
27810 104
27811 2211
27812 104
27813 104
27814 104
27815 104
27816 1397
27817 104
27818 741
27819 2556
27820 104
27821 104
27822 104
27823 104
27824 1387
27825 104
27826 188
27827 104
27828 104
27829 243
27830 104
27831 295
27832 104
27833 134
27834 2236
27835 104
27836 104
27837 104
27838 1138
27839 104
27840 104
27841 104
27842 741
27843 1266
27844 1397
27845 1463
27846 1978
27847 258
27848 104
27849 1978
27850 104
27851 104
27852 146
27853 104
27854 104
27855 741
27856 1138
27857 104
27858 104
27859 104
27860 104
27861 258
27862 104
27863 146
27864 11
27865 104
27866 258
27867 258
27868 104
27869 1978
27870 104
27871 104
27872 258
27873 2426
27874 295
27875 104
27876 104
27877 11
27878 204
27879 258
27880 258
27881 11
27882 104
27883 741
27884 741
27885 741
27886 104
27887 243
27888 163
27889 295
27890 741
27891 741
27892 11
27893 104
27894 204
27895 104
27896 741
27897 104
27898 1397
27899 741
27900 104
27901 971
27902 104
27903 69
27904 104
27905 741
27906 104
27907 104
27908 741
27909 2233
27910 104
27911 1138
27912 104
27913 163
27914 243
27915 104
27916 741
27917 104
27918 1295
27919 52
27920 1138
27921 258
27922 295
27923 104
27924 86
27925 741
27926 258
27927 104
27928 104
27929 1929
27930 69
27931 1937
27932 295
27933 104
27934 258
27935 258
27936 104
27937 104
27938 104
27939 1160
27940 104
27941 104
27942 104
27943 104
27944 741
27945 104
27946 104
27947 11
27948 243
27949 104
27950 104
27951 741
27952 182
27953 741
27954 741
27955 2266
27956 104
27957 104
27958 258
27959 741
27960 11
27961 741
27962 104
27963 1966
27964 1966
27965 1359
27966 1966
27967 1966
27968 82
27969 1966
27970 1138
27971 258
27972 1938
27973 104
27974 1138
27975 1359
27976 104
27977 258
27978 104
27979 741
27980 1953
27981 295
27982 2263
27983 104
27984 104
27985 2211
27986 741
27987 52
27988 104
27989 1359
27990 741
27991 182
27992 1359
27993 2557
27994 1463
27995 3
27996 104
27997 741
27998 31
27999 2250
28000 104
28001 104
28002 741
28003 2595
28004 104
28005 104
28006 1266
28007 11
28008 1953
28009 1359
28010 741
28011 104
28012 741
28013 295
28014 1138
28015 741
28016 295
28017 1359
28018 741
28019 11
28020 1966
28021 11
28022 82
28023 104
28024 12
28025 741
28026 295
28027 741
28028 1463
28029 741
28030 104
28031 1973
28032 1558
28033 238
28034 104
28035 1973
28036 52
28037 104
28038 52
28039 1979
28040 52
28041 258
28042 741
28043 741
28044 104
28045 1266
28046 741
28047 104
28048 11
28049 741
28050 11
28051 741
28052 104
28053 11
28054 741
28055 11
28056 11
28057 11
28058 241
28059 2233
28060 741
28061 1266
28062 295
28063 52
28064 104
28065 1979
28066 1266
28067 741
28068 104
28069 741
28070 104
28071 104
28072 104
28073 2211
28074 258
28075 1266
28076 258
28077 104
28078 104
28079 1493
28080 175
28081 204
28082 104
28083 1138
28084 2558
28085 258
28086 2186
28087 104
28088 52
28089 52
28090 52
28091 295
28092 258
28093 1359
28094 52
28095 104
28096 104
28097 741
28098 741
28099 104
28100 104
28101 258
28102 104
28103 82
28104 52
28105 1359
28106 104
28107 741
28108 82
28109 104
28110 104
28111 104
28112 2426
28113 2426
28114 104
28115 104
28116 204
28117 104
28118 52
28119 1387
28120 741
28121 2426
28122 2186
28123 104
28124 104
28125 104
28126 104
28127 104
28128 243
28129 104
28130 11
28131 1387
28132 65
28133 104
28134 741
28135 1359
28136 741
28137 11
28138 104
28139 2426
28140 2426
28141 21
28142 1138
28143 104
28144 2266
28145 2426
28146 104
28147 1138
28148 2426
28149 1953
28150 104
28151 1138
28152 104
28153 104
28154 104
28155 2233
28156 104
28157 104
28158 2186
28159 1463
28160 104
28161 1138
28162 741
28163 1138
28164 295
28165 1138
28166 1138
28167 2211
28168 1138
28169 1138
28170 2426
28171 2426
28172 2426
28173 1138
28174 1160
28175 104
28176 104
28177 104
28178 184
28179 741
28180 104
28181 1857
28182 1387
28183 11
28184 104
28185 1387
28186 1953
28187 1485
28188 1295
28189 21
28190 741
28191 20
28192 295
28193 1359
28194 741
28195 21
28196 104
28197 52
28198 204
28199 243
28200 204
28201 2426
28202 21
28203 104
28204 1138
28205 104
28206 1143
28207 104
28208 1138
28209 204
28210 1138
28211 1138
28212 1979
28213 146
28214 91
28215 102
28216 163
28217 1138
28218 104
28219 204
28220 104
28221 1359
28222 1110
28223 104
28224 1138
28225 1138
28226 2426
28227 2186
28228 204
28229 1138
28230 104
28231 1138
28232 1138
28233 1979
28234 184
28235 1138
28236 1359
28237 2211
28238 1138
28239 52
28240 1359
28241 1968
28242 11
28243 1978
28244 1110
28245 53
28246 1138
28247 1463
28248 1138
28249 91
28250 1463
28251 1138
28252 1397
28253 741
28254 102
28255 52
28256 2560
28257 2211
28258 741
28259 1359
28260 1138
28261 741
28262 1979
28263 741
28264 741
28265 1138
28266 11
28267 1138
28268 741
28269 104
28270 741
28271 1138
28272 741
28273 104
28274 741
28275 1138
28276 1143
28277 1138
28278 173
28279 104
28280 741
28281 1138
28282 741
28283 295
28284 28
28285 184
28286 2217
28287 1138
28288 11
28289 2426
28290 1387
28291 2236
28292 741
28293 295
28294 295
28295 12
28296 102
28297 104
28298 1937
28299 53
28300 295
28301 104
28302 741
28303 1160
28304 1968
28305 104
28306 52
28307 741
28308 1968
28309 1266
28310 204
28311 741
28312 104
28313 31
28314 1953
28315 104
28316 2174
28317 2426
28318 104
28319 104
28320 1138
28321 104
28322 1138
28323 112
28324 295
28325 1138
28326 2236
28327 2426
28328 82
28329 741
28330 100
28331 11
28332 2426
28333 104
28334 204
28335 2211
28336 23
28337 11
28338 741
28339 1786
28340 65
28341 104
28342 295
28343 11
28344 104
28345 163
28346 741
28347 741
28348 104
28349 1359
28350 163
28351 104
28352 272
28353 272
28354 104
28355 104
28356 104
28357 1485
28358 1359
28359 104
28360 2426
28361 104
28362 1359
28363 741
28364 1143
28365 272
28366 2426
28367 2426
28368 741
28369 741
28370 11
28371 1463
28372 104
28373 11
28374 295
28375 741
28376 11
28377 131
28378 1138
28379 1978
28380 204
28381 295
28382 295
28383 741
28384 104
28385 2225
28386 65
28387 1359
28388 2233
28389 2236
28390 12
28391 1953
28392 741
28393 2258
28394 104
28395 104
28396 1463
28397 204
28398 2426
28399 65
28400 2426
28401 134
28402 104
28403 1786
28404 82
28405 1138
28406 295
28407 741
28408 741
28409 1968
28410 295
28411 741
28412 741
28413 52
28414 1635
28415 2426
28416 2561
28417 1266
28418 2211
28419 48
28420 2263
28421 1978
28422 258
28423 2426
28424 1359
28425 741
28426 104
28427 1138
28428 1266
28429 1143
28430 1143
28431 2426
28432 12
28433 2211
28434 104
28435 1953
28436 1400
28437 741
28438 2258
28439 11
28440 1359
28441 2426
28442 11
28443 1359
28444 1397
28445 1397
28446 258
28447 741
28448 2604
28449 2426
28450 86
28451 1968
28452 295
28453 52
28454 1397
