5551 2138
5659 2558
5854 2344
475 2349
6049 2344
5332 2344
1343 2349
7791 2162
8606 2349
10157 2349
7993 2120
5889 2162
5350 2162
1085 2344
1980 2341
8286 30
6716 2138
10234 2121
724 2353
1561 2132
7904 2162
6737 2138
10638 2162
424 2344
4843 2162
1190 2120
10400 2162
6459 2162
1419 2162
544 2341
5499 2344
10454 2353
10856 2162
5163 2344
8476 2120
4281 2120
93 2344
10221 2138
2121 30
351 2349
3083 2138
7808 2162
2261 2120
8456 2349
1676 2344
9488 2120
3688 2162
1217 2138
8836 2121
7030 2162
3953 2344
4657 2138
748 2120
1347 2120
6282 1507
1803 2344
9355 2120
10057 2120
2135 30
10990 30
6309 2162
5135 2120
2442 2353
6628 2138
7798 2162
10750 683
10045 2120
10971 2162
5340 2120
1376 2349
9421 2162
819 2344
7396 2138
5689 2138
4547 2344
3439 2344
5813 1604
10791 2121
10666 2138
9251 2121
4186 2138
9659 2120
8564 2138
7028 2162
463 2344
7211 2112
4825 2344
10080 2120
86 2120
8254 2162
5981 30
8405 2120
4420 2349
2684 1483
9772 2120
9874 2341
3771 2344
5185 2162
5028 30
3542 2120
2002 2344
7234 2138
3921 2138
7503 2138
4318 2344
692 2162
153 2120
9969 2121
2854 2120
4954 2357
3572 2110
10966 2111
4297 2353
5881 2344
1683 2344
10576 2117
9850 2349
9291 2353
3217 2162
3486 2138
2709 2162
8625 2121
217 2344
2993 2344
2677 2162
1013 1886
2789 2162
10101 2162
182 2344
1326 2344
4654 2162
1974 2138
6379 2162
4272 2162
4284 2357
6670 2112
765 2344
5519 2349
3834 2121
3729 30
2519 2138
7180 2120
9278 2162
70 30
3088 2138
6594 2120
5677 2344
6364 2138
7154 2138
7178 2162
1084 2341
3503 2349
9928 2121
4099 2120
3791 2120
726 2353
10315 2120
4741 2120
3405 2344
6300 2138
11027 2121
10742 30
9122 2353
10432 2162
5269 2344
3614 2344
1521 2344
10784 2349
8644 2121
899 2349
6535 2344
3714 2138
3433 2162
6360 2120
4809 2120
5855 30
9723 2349
8496 2120
6734 2349
1091 30
434 2357
8253 2120
6260 2138
2734 2344
9711 2349
1208 30
2758 2120
7290 2120
4849 2344
9358 2162
4905 2120
8941 2162
8442 2121
5959 2349
4034 2344
908 2349
5 2162
1128 2120
556 2349
10860 2121
1922 2559
9565 2120
2968 2162
6478 2360
7520 2162
2477 2120
5786 2120
1967 2344
6542 2120
6948 2162
3962 2344
5795 2349
370 2344
8433 2162
1052 2120
49 2349
4548 2353
3425 20
201 2560
7755 2349
8849 2138
3296 2162
5108 2353
1030 2344
906 2344
4952 30
3754 2120
1910 2162
395 2344
8874 2120
4195 2344
9282 2561
3662 2162
4282 2162
4507 2138
4124 2344
1393 2344
1604 903
1682 2344
1116 2138
8777 2138
4386 2344
1054 2138
2867 2344
1181 2162
5621 2349
8659 2121
8251 2121
9624 2162
5389 2162
10290 2162
5485 2162
8358 2162
7136 2349
6144 2344
3189 2562
107 2344
3424 2162
2153 2353
10191 2349
2895 2138
6484 2344
9454 2138
845 2138
6444 2344
9051 2162
4739 2138
9144 2120
2609 2162
5839 2344
9214 2120
4043 2138
6717 2162
5740 2344
9299 2120
9267 2162
2666 2344
6770 2353
10385 2162
9388 683
1959 2120
10867 2120
3629 2344
6471 2162
1944 2120
4211 2162
8626 2120
222 2344
2145 2120
9636 2120
9452 2162
6080 1717
9166 2162
4970 2120
8798 2138
8240 2120
8915 2111
1577 2344
5311 2344
7433 1483
5805 2349
5143 2162
1231 2353
2714 2563
2150 2162
5325 2138
9135 2138
9626 2353
1079 2344
7416 2120
1799 2162
4177 2120
5540 2162
10303 2162
8004 2162
2988 2341
5561 2353
2778 2120
5281 2344
2131 2138
5709 2120
3827 1886
7226 2162
7637 2162
3524 30
4794 2138
4832 2344
10752 2162
2031 2120
361 2120
6404 2344
3238 2138
8921 2162
2451 2120
8751 2120
1262 2344
6682 2162
1810 2138
7434 2138
4817 30
4470 2353
4803 2349
2104 2162
10151 2162
5512 2353
1405 2353
11026 30
5314 30
8670 2162
6877 2162
1016 2344
8208 2353
10250 2162
697 2110
7013 30
6363 2138
346 2138
5672 2120
3818 30
10451 2162
4761 2344
6621 2138
6886 2120
336 1053
3214 2344
4571 2341
9053 2162
1432 2344
9085 2353
7371 2162
5181 2121
2479 2138
1144 903
6603 2344
8016 2138
8091 30
1825 2138
3010 2344
1124 2162
5791 2344
3669 2120
3889 2353
3774 2349
8339 30
4443 2112
1389 2564
1862 2138
849 2120
1755 2120
3016 2341
1310 2344
7667 2349
1948 2349
965 2344
8829 2353
10008 2565
10732 2138
1783 30
3393 2162
5312 2120
1828 2162
8396 2349
9677 2120
9692 2162
5364 2162
8441 2162
55 2349
5997 30
1390 2162
774 2344
2500 2162
5747 2138
2134 2120
9718 2121
1751 2344
1379 2120
4610 2341
142 2344
2355 2162
3528 2138
5528 2344
1209 2349
5126 2344
154 2162
5249 2120
8532 2121
4692 899
3278 2120
3090 2162
116 2162
9952 30
8780 2138
956 2120
8568 2138
5566 2138
6367 2138
8794 30
536 2344
795 2120
8769 2121
11080 2138
3440 2341
8655 2120
1007 2162
2556 2120
9404 2121
6211 1214
2025 2162
1543 2344
8227 2162
1427 2349
2583 2120
6082 2138
3388 2344
5095 2566
5366 2567
751 2162
2626 2353
8547 2138
3027 2120
2888 2344
7319 2349
3514 30
8128 2162
3286 2360
2543 2120
1012 30
2003 2138
3929 2344
4976 2344
805 2162
2764 2120
2323 2344
7601 2349
1036 903
7513 2138
9280 2353
7914 2162
7797 2120
9099 2120
2316 2138
10720 2121
4402 2344
8355 30
7470 2353
8277 2349
7193 2353
6293 2349
5153 2138
9642 2138
6806 2134
6689 2162
3957 2344
10983 2353
9683 2162
4828 2346
9207 2120
6756 2353
496 2568
4764 2162
9965 2162
8884 2162
3398 2349
8475 2121
10403 2121
2670 2344
3009 2344
11104 2120
8674 2138
7082 2120
3554 2120
10982 2113
9967 2162
2105 2162
379 2162
8537 2569
102 2344
1472 2344
10430 2120
1650 2138
10339 2353
4999 2353
4642 2162
5964 2162
994 2162
9953 2162
3430 2162
10480 2121
2007 2344
3742 2120
6854 2120
5012 2162
1724 2162
66 2349
3689 2120
8690 2138
1594 2120
468 2108
5940 2344
10520 2162
9792 2120
37 2570
10967 2162
3306 2344
5405 2162
6864 2353
9265 2120
7746 2138
5906 2344
5876 2138
4942 30
10399 2138
3535 2344
6453 2120
5060 2162
1028 2138
7042 2341
394 1604
6261 2349
1888 2120
5778 2120
3810 2138
9414 2120
10727 2120
378 30
4146 2357
10664 2111
1684 2344
9048 2341
4365 2344
7338 2349
4367 2357
10602 2121
8116 1703
2695 2138
6817 2162
7496 2138
10092 2138
784 2353
10710 2162
10844 2349
1663 2344
3131 2162
10580 2120
7294 2353
1069 2344
2638 2162
3196 2162
5829 2344
2706 2138
1421 2138
7929 2162
6283 2162
7149 2120
7711 2120
6284 2344
2983 2341
2351 2353
3574 2344
10705 2349
2048 2162
3768 2344
10452 2120
4756 2162
5458 2344
7440 2112
10291 2571
8991 2162
2774 2162
9867 2120
10336 2353
1867 2162
9749 2138
6526 2162
5442 2344
1371 2138
9846 30
5572 2349
4062 2120
3103 2120
7655 2341
2964 2120
3258 2120
3797 2343
10755 2138
3875 2349
7524 30
8439 2121
10021 2121
6021 2162
8237 2120
1551 2344
5300 2344
4842 2344
7224 2341
5053 2162
1746 30
5913 2344
8615 2138
1542 2138
6127 2120
2012 2344
6921 2120
1359 2344
3108 2162
3997 2120
7862 2120
10721 2162
8570 2121
1614 2162
2546 2120
5329 1055
10137 2162
8772 2121
4924 2344
9823 2120
7098 2162
4463 2120
4787 2120
7321 2120
7097 2138
10889 2349
4519 2349
10515 2113
3389 2138
5986 2120
9095 2162
8307 2120
621 2162
10858 30
9313 2353
94 899
841 2138
5670 2344
4668 2344
7235 2138
5443 2572
1595 2381
1730 676
7851 2109
5031 682
7715 2384
10643 2573
3166 682
3322 2574
4880 2384
10267 1059
2998 2162
4962 2385
7761 2575
4830 2385
2229 2381
6842 2576
4160 2109
8218 2344
1883 2384
