955 2625
9899 2926
573 2909
8319 696
4967 2908
4144 2909
3137 2625
2932 3222
3179 2911
4578 2929
3706 2914
1082 2915
8999 2385
3046 673
2487 2913
6677 2913
4051 2930
6058 2625
8967 2385
4904 2911
8108 2625
5686 2625
6568 2911
9128 2910
3176 2931
7954 2913
8924 2932
10751 2942
10201 2909
997 2911
1088 2915
9581 2625
9334 2929
8228 673
969 2907
7101 2385
3821 673
2175 2911
10044 2930
7803 2929
8295 2625
10302 2914
8344 673
1122 2944
1510 2914
10225 2908
7047 2934
3699 2914
459 2935
6607 2931
2170 2915
8176 2913
2865 2625
796 2911
6560 1476
2629 2911
3256 2625
271 2914
274 2930
3020 3223
10663 2625
3308 2909
7057 2935
10735 2625
10630 673
6690 2913
3477 2911
9290 2625
11067 2385
8918 2625
5774 2929
5756 2385
9804 3224
1823 2939
6917 2939
4933 673
9326 2913
2852 2914
7090 2625
3165 2930
7065 1476
2312 2930
8220 2914
9546 2913
7431 3225
5266 2915
5261 2942
2408 2915
5045 2935
4584 2913
2061 2929
6580 2907
7767 2911
7466 2913
867 2944
568 2911
2350 2915
280 2945
5487 2913
1259 1858
4694 2935
2950 2935
6171 2385
329 2946
10756 673
1418 2625
1904 2913
9945 2926
4992 2625
5040 2913
300 2934
5617 2914
10361 2385
7521 673
10870 2926
9890 2625
9621 2915
8645 2385
8523 2935
1123 2929
2788 673
7457 2911
6277 2625
1901 2932
2192 2907
8416 2625
789 2625
4758 2939
639 2911
3793 2910
5424 2911
804 2625
5086 2911
1285 2944
10573 1858
1232 2930
5420 673
9331 2914
4887 1476
9022 2913
10328 2915
1372 2942
10490 2909
6667 2385
8722 1858
5633 2385
5142 2911
5122 2911
11084 2914
8691 1476
2886 673
2313 2932
6115 2930
5414 2933
197 2909
8709 2930
7341 2625
3368 1057
3533 2910
5027 2909
9625 1705
6826 2385
8194 2930
3507 2915
6579 2625
4868 2946
288 673
8834 2915
8051 2915
6556 3226
543 673
5903 2625
2514 2944
10940 2385
10868 2909
10812 2952
2384 2935
3882 2929
5452 673
3746 2909
10740 2385
1831 2944
6834 2911
8209 2934
1401 2935
850 2939
5897 2625
1447 2939
10295 2385
5722 2908
8164 2942
9740 2935
3015 2939
2112 2913
823 2944
6625 2909
10347 1476
3678 2625
2334 2942
1842 1476
10975 2385
1747 2625
7901 2929
9717 2385
834 673
8394 674
8408 2942
7688 2913
2236 2911
4838 2625
7561 2911
8925 3227
3170 2910
5230 2929
3012 2946
4953 2926
4335 2625
6534 2912
1130 673
3299 1476
6319 673
8324 2913
5675 3228
2617 673
3038 2942
3177 2939
6065 673
7860 2932
6638 2913
4336 2915
2378 2952
9076 1476
505 2929
4237 2909
3127 2935
7677 2625
2914 2913
5225 2946
3372 2909
4701 2913
5960 2913
10318 1476
5465 2385
7963 2915
10059 2929
7583 2908
8962 2913
10797 2939
4057 2625
6435 2625
7654 2385
5624 673
6392 2930
27 673
2772 3229
5005 2385
5043 2385
275 1858
10980 2385
1563 2907
978 2625
2227 2930
7335 2625
1021 2909
5020 2935
122 2915
1086 673
10569 2625
7251 2907
2613 2910
8801 2385
1394 1476
7086 2932
10835 2930
1522 2930
7463 2625
10923 2935
5141 2909
10606 2930
5615 1476
3462 2935
8298 2909
3710 1396
10642 2625
7397 2910
8337 2625
8365 2931
3985 2939
4667 2909
4720 2915
10276 1476
451 2944
3289 2909
8081 2907
4327 2913
5879 673
2013 1476
7123 2929
7217 2385
1965 2930
2139 673
4783 2935
2460 2935
9292 2929
7840 673
320 2933
9059 678
5496 2385
7644 2942
9535 1198
1656 2942
7280 2915
8952 2385
7177 2385
10366 2929
5283 2952
4663 1476
1952 1476
7263 2914
1147 2935
3705 1476
6593 2385
5531 2625
9822 2942
3285 2929
10411 2935
1027 2625
9878 2942
2779 2909
2963 2930
6200 2932
2515 2930
10161 2625
8662 2913
1469 2915
7873 2907
9017 2909
7918 2939
9726 2385
9701 2914
3280 2912
4875 2930
10076 2385
6845 2913
7133 673
1482 2913
1535 2911
2141 2935
484 2915
4128 2935
301 2625
4191 2911
8084 2912
7413 2385
5514 2930
9066 2934
5989 2915
7165 2907
6416 2385
1772 2625
8249 2911
9845 2911
8840 2946
68 2907
10434 2930
6310 2907
1951 2909
773 2944
8461 3230
5608 2385
1080 2909
4292 2908
10298 2939
4069 2946
844 2930
2330 673
9415 2911
3844 2625
3192 2907
532 2930
6551 2911
2552 2952
10333 2385
5196 673
2008 1476
7881 2952
5536 2907
6397 2385
876 2625
2597 2946
6794 2929
1956 673
7917 2935
2154 2625
7629 2913
4407 2929
3208 2915
10845 2385
4802 2913
9567 2625
1754 2935
8714 2958
1219 1476
9868 673
2493 2944
2951 2913
832 2913
1342 2946
5241 2385
7717 2385
931 673
6076 2911
7464 2385
9200 3231
7836 3232
1168 2909
1450 2625
8994 2913
4285 2909
5267 2929
10899 2385
9012 2929
1623 2625
6570 2939
9279 2385
9703 3233
1094 673
3491 2929
263 2944
1560 2911
6447 2913
5745 2915
10960 2914
7850 2933
5176 2385
4194 2909
5923 2910
64 2932
5159 1476
7481 2625
9171 2913
4151 2929
4406 2625
11040 2911
2678 2625
3295 2625
8828 2934
3850 1476
3981 2913
6143 673
5244 2908
10484 2952
733 2911
2321 2945
6095 2930
1520 2625
5204 1476
5490 2946
31 2930
520 2911
1311 2930
3411 2625
6088 2939
8825 2935
6766 2914
6768 2911
1114 2625
8520 2913
7053 2907
6490 2625
3725 2930
3187 2909
10521 2915
8799 1057
7100 2385
8607 2909
2122 2913
5909 2625
2256 2935
6624 2934
4065 2913
2245 2944
8384 3234
4997 2909
11025 2625
9853 2625
2506 2908
3738 2914
958 2908
1767 3235
6231 3236
9271 2385
10131 2907
7451 1476
4176 2913
10649 2625
8809 2942
1858 2958
150 2625
4577 2930
871 2929
6329 2913
7870 2912
7051 3237
1812 2926
4627 2926
5974 2910
7462 2909
5639 2939
5055 2385
2634 2910
7167 2625
11028 2909
8760 2913
3365 2915
3945 2912
1978 2944
3276 2939
8524 2385
2605 2912
7821 2912
6010 2939
2165 1705
7833 3238
10934 2942
5477 2929
1460 2911
1046 2944
3014 2625
7232 2910
4114 2625
159 2930
2770 2907
5729 2385
8749 2929
4700 2913
9780 2385
7074 2625
388 2912
4886 2946
1196 2910
5222 2385
10275 2935
8526 2929
5579 2385
7540 2946
8162 2911
1766 2932
8786 2930
2488 2942
8500 2385
9215 2910
5571 2930
6066 2625
6966 2625
7949 2952
3198 2911
6776 2913
1861 2625
3504 2930
9400 2952
9725 2926
349 2915
8748 673
829 1057
8282 2385
3744 2946
8857 2929
3011 1476
1411 2942
2587 2625
7120 2894
5678 903
7766 2625
1388 1476
7627 2913
4202 2907
6581 673
2553 1476
6597 2385
8761 2385
5630 2385
10745 2913
5816 1476
9796 2911
8032 1858
4425 2942
8528 2625
9133 2909
1727 2944
6371 2913
4234 2911
10995 2946
5021 2385
4516 2907
8805 2911
3661 2911
7775 2625
5748 2911
9217 2930
7916 2915
2780 2911
4260 2911
5661 2912
2429 2944
10903 2931
8771 2625
9702 2914
10297 2911
6882 2910
9722 3239
549 2929
7332 2385
10854 2934
9237 673
9738 2385
653 2913
3965 2929
8146 673
896 2935
10585 1476
5826 2911
7773 2910
4979 2946
3912 2914
10402 2625
4461 1476
1211 2911
3837 2946
488 2926
9884 673
385 2942
7073 2909
10493 2913
2377 2944
9985 2914
7214 2942
1083 2911
4453 2926
10457 2625
4670 2913
1467 2944
5415 2385
5472 1476
4373 2914
2669 2625
7143 2942
10019 2911
5592 2911
6492 2385
2928 30
2447 2946
30 1476
8 1476
4246 2946
1916 2907
9548 2935
768 903
6192 2913
3037 673
4553 2915
5147 2909
2259 2625
2804 2942
1785 2909
3663 1476
2996 2934
839 2911
8635 2915
6799 2910
7225 2625
9440 2926
6781 2915
10794 3240
8966 889
4769 1493
981 1057
10635 3241
10113 2973
9067 3242
10248 1218
9607 674
9611 3243
2478 1218
1619 3244
8356 1218
4165 2944
9620 2973
4382 2974
7763 3245
2079 3246
5190 1057
8371 3247
7284 3248
5724 1493
281 2974
