9744 13
9745 118
9746 13
9747 25
9748 13
9749 4
9750 116
9751 109
9752 13
9753 37
9754 154
9755 86
9756 154
9757 13
9758 116
9759 91
9760 125
9761 37
9762 83
9763 81
9764 112
9765 86
9766 27
9767 184
9768 36
9769 13
9770 72
9771 27
9772 75
9773 99
9774 85
9775 74
9776 32
9777 101
9778 74
9779 9
9780 21
9781 13
9782 75
9783 68
9784 37
9785 86
9786 80
9787 56
9788 74
9789 55
9790 132
9791 68
9792 75
9793 129
9794 708
9795 23
9796 702
9797 33
9798 686
9799 669
9800 74
9801 113
9802 74
9803 666
9804 151
9805 23
9806 39
9807 9
9808 3
9809 4
9810 49
9811 132
9812 49
9813 31
9814 129
9815 77
9816 13
9817 112
9818 969
9819 189
9820 132
9821 1576
9822 680
9823 75
9824 24
9825 113
9826 24
9827 72
9828 39
9829 80
9830 132
9831 155
9832 969
9833 36
9834 694
9835 72
9836 86
9837 141
9838 901
9839 51
9840 112
9841 184
9842 8
9843 969
9844 74
9845 702
9846 44
9847 151
9848 38
9849 32
9850 44
9851 141
9852 24
9853 87
9854 13
9855 32
9856 155
9857 56
9858 112
9859 118
9860 104
9861 13
9862 74
9863 86
9864 31
9865 91
9866 55
9867 75
9868 26
9869 1382
9870 15
9871 77
9872 81
9873 969
9874 78
9875 118
9876 104
9877 151
9878 680
9879 132
9880 39
9881 189
9882 36
9883 11
9884 26
9885 113
9886 36
9887 74
9888 27
9889 132
9890 87
9891 79
9892 8
9893 132
9894 32
9895 708
9896 27
9897 141
9898 23
9899 695
9900 47
9901 689
9902 74
9903 68
9904 155
9905 49
9906 804
9907 13
9908 80
9909 3
9910 129
9911 146
9912 189
9913 148
9914 41
9915 148
9916 4
9917 80
9918 49
9919 116
9920 86
9921 666
9922 1105
9923 708
9924 86
9925 78
9926 13
9927 8
9928 16
9929 41
9930 109
9931 15
9932 13
9933 112
9934 2298
9935 99
9936 112
9937 144
9938 9
9939 113
9940 23
9941 33
9942 132
9943 91
9944 25
9945 695
9946 2299
9947 11
9948 3
9949 46
9950 10
9951 694
9952 44
9953 78
9954 189
9955 132
9956 9
9957 8
9958 666
9959 148
9960 8
9961 77
9962 34
9963 189
9964 41
9965 78
9966 68
9967 4
9968 74
9969 1511
9970 132
9971 13
9972 37
9973 56
9974 99
9975 116
9976 8
9977 34
9978 141
9979 1105
9980 13
9981 31
9982 11
9983 74
9984 129
9985 677
9986 184
9987 113
9988 901
9989 113
9990 141
9991 36
9992 99
9993 24
9994 99
9995 26
9996 39
9997 49
9998 9
9999 99
10000 116
10001 68
10002 13
10003 116
10004 155
10005 91
10006 129
10007 113
10008 4
10009 80
10010 85
10011 55
10012 132
10013 17
10014 142
10015 99
10016 132
10017 2300
10018 21
10019 702
10020 155
10021 16
10022 80
10023 39
10024 99
10025 80
10026 27
10027 99
10028 146
10029 55
10030 27
10031 75
10032 113
10033 1431
10034 41
10035 113
10036 23
10037 142
10038 112
10039 81
10040 34
10041 51
10042 13
10043 1576
10044 121
10045 75
10046 31
10047 15
10048 41
10049 81
10050 81
10051 63
10052 74
10053 31
10054 81
10055 99
10056 27
10057 75
10058 77
10059 691
10060 113
10061 74
10062 969
10063 141
10064 113
10065 104
10066 86
10067 86
10068 33
10069 80
10070 1105
10071 80
10072 56
10073 2301
10074 8
10075 37
10076 21
10077 148
10078 8
10079 104
10080 75
10081 51
10082 1102
10083 74
10084 49
10085 31
10086 13
10087 75
10088 31
10089 1096
10090 23
10091 56
10092 78
10093 37
10094 113
10095 74
10096 99
10097 49
10098 104
10099 153
10100 881
10101 4
10102 86
10103 669
10104 77
10105 694
10106 24
10107 1512
10108 1724
10109 27
10110 104
10111 8
10112 13
10113 1576
10114 969
10115 81
10116 31
10117 74
10118 689
10119 21
10120 132
10121 708
10122 49
10123 51
10124 85
10125 68
10126 25
10127 25
10128 39
10129 33
10130 79
10131 687
10132 37
10133 104
10134 23
10135 17
10136 72
10137 4
10138 32
10139 118
10140 81
10141 689
10142 77
10143 16
10144 74
10145 75
10146 33
10147 81
10148 99
10149 23
10150 116
10151 4
10152 81
10153 101
10154 99
10155 86
10156 24
10157 44
10158 74
10159 86
10160 132
10161 87
10162 32
10163 86
10164 80
10165 189
10166 31
10167 23
10168 1105
10169 24
10170 79
10171 113
10172 86
10173 33
10174 99
10175 116
10176 77
10177 113
10178 39
10179 13
10180 27
10181 969
10182 31
10183 21
10184 74
10185 13
10186 34
10187 74
10188 80
10189 74
10190 75
10191 44
10192 81
10193 116
10194 116
10195 10
10196 675
10197 151
10198 144
10199 666
10200 24
10201 137
10202 13
10203 154
10204 113
10205 55
10206 49
10207 56
10208 132
10209 85
10210 9
10211 708
10212 81
10213 41
10214 32
10215 113
10216 74
10217 113
10218 27
10219 109
10220 15
10221 4
10222 13
10223 32
10224 91
10225 677
10226 113
10227 8
10228 112
10229 9
10230 74
10231 141
10232 74
10233 37
10234 16
10235 91
10236 44
10237 81
10238 86
10239 73
10240 74
10241 132
10242 86
10243 708
10244 34
10245 37
10246 113
10247 4
10248 116
10249 32
10250 4
10251 109
10252 63
10253 99
10254 23
10255 74
10256 13
10257 49
10258 27
10259 81
10260 83
10261 15
10262 27
10263 2302
10264 31
10265 77
10266 8
10267 4
10268 3
10269 686
10270 91
10271 49
10272 33
10273 702
10274 79
10275 684
10276 151
10277 34
10278 8
10279 37
10280 686
10281 101
10282 23
10283 184
10284 80
10285 31
10286 56
10287 113
10288 11
10289 99
10290 4
10291 44
10292 49
10293 113
10294 55
10295 21
10296 33
10297 702
10298 802
10299 3
10300 189
10301 68
10302 677
10303 4
10304 34
10305 13
10306 31
10307 88
10308 2303
10309 5
10310 68
10311 1102
10312 74
10313 74
10314 74
10315 75
10316 41
10317 129
10318 151
10319 146
10320 8
10321 87
10322 116
10323 74
10324 81
10325 75
10326 132
10327 99
10328 100
10329 708
10330 27
10331 56
10332 27
10333 21
10334 2304
10335 3
10336 78
10337 25
10338 141
10339 78
10340 37
10341 47
10342 113
10343 113
10344 99
10345 8
10346 86
10347 151
10348 63
10349 132
10350 49
10351 46
10352 2305
10353 141
10354 2306
10355 68
10356 34
10357 11
10358 104
10359 85
10360 2307
10361 21
10362 1105
10363 91
10364 144
10365 99
10366 691
10367 17
10368 86
10369 118
10370 146
10371 75
10372 85
10373 669
10374 116
10375 86
10376 2308
10377 694
10378 9
10379 2309
10380 86
10381 27
10382 41
10383 74
10384 83
10385 78
10386 39
10387 116
10388 184
10389 969
10390 49
10391 68
10392 74
10393 27
10394 151
10395 38
10396 55
10397 51
10398 27
10399 4
10400 4
10401 39
10402 87
10403 16
10404 881
10405 72
10406 27
10407 33
10408 13
10409 129
10410 81
10411 684
10412 83
10413 27
10414 77
10415 116
10416 148
10417 80
10418 32
10419 2310
10420 116
10421 1105
10422 3
10423 8
10424 34
10425 9
10426 109
10427 27
10428 96
10429 99
10430 75
10431 44
10432 4
10433 25
10434 121
10435 686
10436 27
10437 8
10438 104
10439 104
