2502 147
2503 4
2504 63
2505 255
2506 31
2507 206
2508 10
2509 51
2510 10
2511 10
2512 20
2513 102
2514 94
2515 209
2516 65
2517 15
2518 35
2519 167
2520 167
2521 302
2522 1299
2523 140
2524 14
2525 10
2526 113
2527 65
2528 113
2529 10
2530 185
2531 147
2532 147
2533 19
2534 12
2535 1341
2536 65
2537 19
2538 31
2539 213
2540 31
2541 26
2542 255
2543 102
2544 2
2545 31
2546 147
2547 167
2548 15
2549 1363
2550 31
2551 147
2552 31
2553 213
2554 65
2555 37
2556 302
2557 31
2558 10
2559 65
2560 54
2561 113
2562 18
2563 110
2564 206
2565 147
2566 43
2567 1157
2568 25
2569 10
2570 206
2571 65
2572 1341
2573 147
2574 135
2575 5
2576 94
2577 131
2578 209
2579 186
2580 37
2581 19
2582 1
2583 10
2584 11
2585 21
2586 5
2587 206
2588 42
2589 115
2590 65
2591 1300
2592 36
2593 21
2594 65
2595 37
2596 65
2597 147
2598 185
2599 302
2600 51
2601 46
2602 57
2603 31
2604 130
2605 113
2606 20
2607 147
2608 65
2609 65
2610 1387
2611 63
2612 37
2613 36
2614 35
2615 251
2616 18
2617 65
2618 35
2619 30
2620 32
2621 21
2622 65
2623 19
2624 167
2625 25
2626 57
2627 10
2628 46
2629 63
2630 31
2631 102
2632 102
2633 65
2634 14
2635 21
2636 186
2637 302
2638 65
2639 37
2640 54
2641 1375
2642 302
2643 185
2644 63
2645 35
2646 37
2647 5
2648 255
2649 35
2650 185
2651 63
2652 32
2653 90
2654 31
2655 213
2656 15
2657 213
2658 65
2659 115
2660 302
2661 147
2662 140
2663 102
2664 65
2665 102
2666 147
2667 20
2668 65
2669 10
2670 206
2671 302
2672 21
2673 65
2674 245
2675 302
2676 10
2677 302
2678 251
2679 90
2680 10
2681 131
2682 1301
2683 1302
2684 153
2685 2
2686 113
2687 4
2688 31
2689 65
2690 86
2691 30
2692 167
2693 25
2694 86
2695 11
2696 113
2697 171
2698 102
2699 113
2700 186
2701 140
2702 36
2703 31
2704 30
2705 37
2706 15
2707 185
2708 37
2709 2
2710 31
2711 57
2712 37
2713 31
2714 12
2715 20
2716 213
2717 37
2718 30
2719 206
2720 255
2721 113
2722 65
2723 5
2724 4
2725 30
2726 167
2727 213
2728 255
2729 147
2730 213
2731 61
2732 5
2733 213
2734 65
2735 213
2736 251
2737 140
2738 37
2739 1376
2740 140
2741 54
2742 57
2743 54
2744 65
2745 19
2746 21
2747 86
2748 5
2749 115
2750 8
2751 115
2752 167
2753 5
2754 185
2755 130
2756 8
2757 57
2758 115
2759 153
2760 255
2761 209
2762 5
2763 185
2764 255
2765 213
2766 19
2767 147
2768 186
2769 37
2770 5
2771 65
2772 113
2773 5
2774 147
2775 147
2776 65
2777 8
2778 18
2779 90
2780 1382
2781 21
2782 255
2783 1375
2784 30
2785 57
2786 153
2787 11
2788 65
2789 1
2790 19
2791 65
2792 10
2793 86
2794 86
2795 65
2796 46
2797 63
2798 20
2799 18
2800 63
2801 147
2802 140
2803 21
2804 213
2805 65
2806 20
2807 20
2808 57
2809 1
2810 65
2811 37
2812 65
2813 1
2814 1303
2815 140
2816 10
2817 31
2818 10
2819 255
2820 140
2821 30
2822 251
2823 110
2824 31
2825 19
2826 110
2827 12
2828 5
2829 30
2830 35
2831 10
2832 5
2833 15
2834 1347
2835 302
2836 35
2837 21
2838 90
2839 206
2840 20
2841 110
2842 186
2843 31
2844 147
2845 147
2846 147
2847 46
2848 4
2849 147
2850 147
2851 302
2852 185
2853 35
2854 113
2855 5
2856 86
2857 872
2858 206
2859 1380
2860 7
2861 65
2862 255
2863 11
2864 15
2865 147
2866 153
2867 61
2868 10
2869 18
2870 302
2871 5
2872 65
2873 1387
2874 20
2875 30
2876 1363
2877 140
2878 113
2879 147
2880 148
2881 90
2882 14
2883 1157
2884 4
2885 167
2886 65
2887 21
2888 30
2889 14
2890 113
2891 94
2892 5
2893 36
2894 1191
2895 26
2896 206
2897 251
2898 891
2899 90
2900 26
2901 1357
2902 113
2903 1304
2904 12
2905 886
2906 171
2907 10
2908 21
2909 245
2910 65
2911 113
2912 112
2913 183
2914 30
2915 147
2916 54
2917 65
2918 185
2919 57
2920 5
2921 5
2922 10
2923 251
2924 19
2925 113
2926 46
2927 112
2928 14
2929 5
2930 21
2931 147
2932 14
2933 10
2934 1
2935 1
2936 86
2937 54
2938 30
2939 65
2940 213
2941 15
2942 213
2943 140
2944 2
2945 37
2946 31
2947 140
2948 31
2949 37
2950 31
2951 2
2952 18
2953 10
2954 147
2955 148
2956 213
2957 1305
2958 10
2959 167
2960 65
2961 1387
2962 147
2963 5
2964 1306
2965 26
2966 65
2967 90
2968 147
2969 251
2970 25
2971 31
2972 10
2973 1307
2974 12
2975 86
2976 213
2977 1308
2978 153
2979 46
2980 65
2981 12
2982 11
2983 167
2984 26
2985 185
2986 153
2987 186
2988 4
2989 113
2990 113
2991 167
2992 5
2993 37
2994 131
2995 5
2996 43
2997 251
2998 12
2999 115
3000 14
3001 11
3002 10
3003 213
3004 1309
3005 140
3006 12
3007 1
3008 20
3009 20
3010 20
3011 112
3012 63
3013 31
3014 19
3015 1397
3016 112
3017 43
3018 147
3019 1191
3020 31
3021 147
3022 147
3023 46
3024 20
3025 65
3026 65
3027 113
3028 113
3029 25
3030 113
3031 255
3032 147
3033 293
3034 30
3035 10
3036 31
3037 185
3038 213
3039 30
3040 1311
3041 153
3042 19
3043 147
3044 5
3045 35
3046 147
3047 65
3048 21
3049 5
3050 1
3051 302
3052 11
3053 10
3054 1
3055 38
3056 51
3057 63
3058 65
3059 147
3060 102
3061 213
3062 21
3063 113
3064 5
3065 102
3066 302
3067 11
3068 1376
3069 140
3070 46
3071 147
3072 115
3073 14
3074 30
3075 37
3076 245
3077 21
3078 2
3079 55
3080 26
3081 1312
3082 20
3083 10
3084 1
3085 54
3086 1370
3087 86
3088 20
3089 206
3090 147
3091 65
3092 5
3093 1313
3094 38
3095 255
3096 10
3097 20
3098 31
3099 31
3100 10
3101 1406
3102 147
3103 19
3104 148
3105 113
3106 54
3107 1314
3108 20
3109 1341
3110 30
3111 55
3112 185
3113 302
3114 65
3115 65
3116 31
3117 31
3118 245
3119 19
3120 135
3121 46
3122 86
3123 5
3124 167
3125 63
3126 54
3127 21
3128 185
3129 167
3130 113
3131 21
3132 21
3133 37
3134 20
3135 90
3136 12
3137 167
3138 1315
3139 21
3140 147
3141 10
3142 63
3143 153
3144 19
3145 37
3146 37
3147 5
3148 5
3149 10
3150 8
3151 213
3152 140
3153 19
3154 2
3155 147
3156 147
3157 206
3158 186
3159 65
3160 147
3161 2
3162 35
3163 147
3164 102
3165 302
3166 37
3167 30
3168 18
3169 185
3170 46
3171 1317
3172 18
3173 25
3174 25
3175 209
3176 110
3177 12
3178 110
3179 20
3180 183
3181 65
3182 209
3183 153
3184 61
3185 19
3186 65
3187 19
3188 65
3189 18
3190 94
3191 25
3192 30
3193 2
3194 26
3195 1375
3196 886
3197 54
3198 14
3199 213
3200 30
3201 147
3202 57
3203 35
3204 10
3205 19
3206 12
3207 148
3208 38
3209 113
3210 19
3211 153
3212 46
3213 11
3214 15
3215 113
3216 65
3217 37
3218 147
3219 140
3220 10
3221 46
3222 65
3223 35
3224 25
3225 1382
3226 113
3227 4
3228 90
3229 4
3230 147
3231 112
3232 5
3233 1
3234 302
3235 167
3236 63
3237 147
3238 5
3239 251
3240 112
3241 102
3242 302
3243 185
3244 115
3245 185
3246 1318
3247 147
3248 255
3249 1319
3250 185
3251 153
3252 113
3253 25
3254 19
3255 185
3256 153
3257 10
3258 140
3259 4
3260 35
3261 14
3262 94
3263 4
3264 30
3265 20
3266 113
3267 302
3268 135
3269 1387
3270 20
3271 245
3272 185
3273 65
3274 1178
3275 57
3276 102
3277 113
3278 112
3279 7
3280 213
3281 55
3282 1
3283 113
3284 20
3285 31
3286 255
3287 20
3288 1387
3289 21
3290 113
3291 886
3292 245
3293 167
3294 10
3295 30
3296 21
3297 102
3298 2
3299 206
3300 1191
3301 65
3302 5
3303 65
3304 112
3305 5
3306 63
3307 213
3308 30
3309 63
3310 31
3311 5
3312 147
3313 63
3314 1357
3315 5
3316 148
3317 65
3318 65
3319 1341
3320 113
3321 5
3322 213
3323 65
3324 63
3325 7
3326 147
3327 65
3328 25
3329 153
3330 11
3331 19
3332 213
3333 65
3334 113
3335 102
3336 65
3337 1321
3338 61
3339 886
3340 206
3341 51
3342 113
3343 35
3344 20
3345 113
3346 147
3347 213
3348 110
3349 12
3350 51
3351 140
3352 1406
3353 65
3354 21
3355 185
3356 30
3357 20
3358 65
3359 5
3360 1387
3361 1341
3362 10
3363 7
3364 186
3365 20
3366 5
3367 19
3368 90
3369 65
3370 57
3371 19
3372 8
3373 12
3374 94
3375 5
3376 10
3377 20
3378 185
3379 19
3380 206
3381 86
3382 31
3383 251
3384 140
3385 12
3386 37
3387 10
3388 213
3389 12
3390 38
3391 113
3392 12
3393 5
3394 10
3395 140
3396 63
3397 1397
3398 186
3399 43
3400 183
3401 1324
3402 209
3403 185
3404 55
3405 57
3406 18
3407 35
3408 206
3409 63
3410 251
3411 112
3412 206
3413 46
3414 65
3415 31
3416 10
3417 77
3418 110
3419 31
3420 35
3421 14
3422 30
3423 65
3424 15
3425 1325
3426 63
3427 31
3428 19
3429 5
3430 65
3431 26
3432 21
3433 186
3434 25
3435 1363
3436 213
3437 213
3438 113
3439 46
3440 1370
3441 115
3442 31
3443 213
3444 209
3445 57
3446 140
3447 63
3448 63
3449 57
3450 46
3451 209
3452 63
3453 10
3454 1
3455 245
3456 63
3457 63
3458 1
3459 147
3460 21
3461 209
3462 1
3463 90
3464 57
3465 57
3466 18
3467 2
3468 21
3469 31
3470 12
3471 20
3472 31
3473 18
3474 147
3475 147
3476 110
3477 185
3478 26
3479 167
3480 32
3481 11
3482 171
3483 11
3484 115
3485 140
3486 255
3487 37
3488 30
3489 90
3490 140
3491 213
3492 57
3493 35
3494 65
3495 21
3496 153
3497 153
3498 25
3499 30
3500 140
3501 1
3502 94
3503 302
3504 30
3505 1
3506 18
3507 167
3508 1
3509 302
3510 153
3511 5
3512 10
3513 36
3514 113
3515 255
3516 63
3517 65
3518 130
3519 18
3520 38
3521 5
3522 209
3523 10
3524 186
3525 1326
3526 5
3527 21
3528 65
3529 4
3530 46
3531 19
3532 20
3533 10
3534 32
3535 35
3536 20
3537 37
3538 213
3539 63
3540 21
3541 302
3542 209
3543 15
3544 46
3545 186
3546 10
3547 1327
3548 113
3549 21
3550 213
3551 30
3552 65
3553 302
3554 153
3555 57
3556 1328
3557 30
3558 213
3559 102
3560 147
3561 185
3562 245
3563 186
3564 147
3565 12
3566 21
3567 15
3568 65
3569 25
3570 65
3571 113
3572 63
3573 206
3574 1
3575 63
3576 51
3577 65
3578 31
3579 185
3580 1191
3581 36
3582 4
3583 115
3584 1
3585 63
3586 12
3587 15
3588 4
3589 35
3590 19
3591 30
3592 12
3593 65
3594 185
3595 147
3596 251
3597 10
3598 10
3599 31
3600 31
3601 19
3602 1
3603 19
3604 251
3605 113
3606 37
3607 113
3608 31
3609 251
3610 167
3611 191
3612 102
3613 30
3614 86
3615 1157
3616 30
3617 5
3618 167
3619 20
3620 20
3621 112
3622 1329
3623 19
3624 251
3625 25
3626 140
3627 25
3628 57
3629 54
3630 65
3631 113
3632 22
3633 110
3634 153
3635 186
3636 147
3637 30
3638 112
3639 5
3640 65
3641 61
3642 61
3643 37
3644 25
3645 302
3646 1330
3647 4
3648 213
3649 167
3650 30
3651 5
3652 37
3653 65
3654 12
3655 1
3656 51
3657 11
3658 12
3659 21
3660 245
3661 65
3662 46
3663 37
3664 51
3665 115
3666 65
3667 30
3668 21
3669 10
3670 113
3671 37
3672 5
3673 57
3674 245
3675 245
3676 1
3677 18
3678 21
3679 11
3680 20
3681 65
3682 46
3683 102
3684 15
3685 1331
3686 65
3687 11
3688 209
3689 206
3690 31
3691 31
3692 20
3693 20
3694 37
3695 37
3696 15
3697 2
3698 35
3699 113
3700 65
3701 10
3702 31
3703 20
3704 213
3705 2
3706 302
3707 31
3708 185
3709 35
3710 65
3711 11
3712 65
3713 65
3714 63
3715 38
3716 94
3717 35
3718 94
3719 245
3720 37
3721 17
3722 35
3723 65
3724 1347
3725 37
3726 255
3727 112
3728 12
3729 19
3730 213
3731 147
3732 37
3733 65
3734 35
3735 12
3736 302
3737 113
3738 1332
3739 30
3740 51
3741 148
3742 31
3743 115
3744 63
3745 15
3746 65
3747 11
3748 1380
3749 140
3750 20
3751 19
3752 302
