3336 47
3337 63
3338 13
3339 13
3340 16
3341 37
3342 23
3343 120
3344 8
3345 87
3346 27
3347 73
3348 119
3349 80
3350 120
3351 13
3352 59
3353 134
3354 81
3355 24
3356 31
3357 134
3358 102
3359 15
3360 134
3361 23
3362 13
3363 206
3364 105
3365 101
3366 36
3367 75
3368 1143
3369 81
3370 23
3371 51
3372 140
3373 17
3374 9
3375 44
3376 47
3377 239
3378 75
3379 16
3380 86
3381 13
3382 75
3383 41
3384 8
3385 87
3386 13
3387 143
3388 82
3389 4
3390 95
3391 127
3392 25
3393 79
3394 105
3395 76
3396 110
3397 105
3398 58
3399 34
3400 100
3401 3
3402 75
3403 100
3404 206
3405 82
3406 31
3407 213
3408 206
3409 3
3410 16
3411 118
3412 975
3413 75
3414 97
3415 34
3416 143
3417 34
3418 137
3419 16
3420 49
3421 32
3422 49
3423 165
3424 4
3425 55
3426 145
3427 1110
3428 81
3429 8
3430 4
3431 81
3432 33
3433 79
3434 16
3435 81
3436 154
3437 13
3438 25
3439 82
3440 16
3441 34
3442 37
3443 31
3444 798
3445 87
3446 47
3447 217
3448 39
3449 100
3450 75
3451 202
3452 55
3453 165
3454 100
3455 75
3456 201
3457 31
3458 113
3459 25
3460 25
3461 32
3462 203
3463 206
3464 75
3465 134
3466 213
3467 119
3468 137
3469 202
3470 137
3471 81
3472 77
3473 75
3474 131
3475 16
3476 88
3477 212
3478 75
3479 86
3480 784
3481 131
3482 151
3483 31
3484 33
3485 75
3486 4
3487 120
3488 16
3489 102
3490 27
3491 1175
3492 3
3493 134
3494 10
3495 99
3496 173
3497 59
3498 134
3499 10
3500 100
3501 51
3502 114
3503 58
3504 122
3505 73
3506 49
3507 101
3508 78
3509 1048
3510 87
3511 33
3512 8
3513 131
3514 58
3515 37
3516 157
3517 3
3518 26
3519 47
3520 100
3521 77
3522 34
3523 34
3524 58
3525 184
3526 1111
3527 31
3528 4
3529 75
3530 92
3531 13
3532 25
3533 883
3534 13
3535 82
3536 13
3537 137
3538 16
3539 33
3540 75
3541 206
3542 76
3543 86
3544 80
3545 23
3546 27
3547 34
3548 172
3549 39
3550 113
3551 41
3552 63
3553 52
3554 76
3555 39
3556 2
3557 206
3558 3
3559 134
3560 13
3561 49
3562 131
3563 110
3564 63
3565 73
3566 201
3567 33
3568 110
3569 34
3570 41
3571 143
3572 1143
3573 100
3574 82
3575 100
3576 218
3577 25
3578 92
3579 184
3580 27
3581 8
3582 3
3583 17
3584 49
3585 78
3586 75
3587 3
3588 68
3589 13
3590 798
3591 3
3592 100
3593 75
3594 173
3595 63
3596 59
3597 27
3598 39
3599 33
3600 120
3601 3
3602 13
3603 75
3604 114
3605 13
3606 56
3607 8
3608 41
3609 143
3610 217
3611 73
3612 47
3613 206
3614 82
3615 23
3616 33
3617 8
3618 100
3619 143
3620 75
3621 25
3622 16
3623 206
3624 213
3625 202
3626 110
3627 74
3628 49
3629 82
3630 41
3631 214
3632 76
3633 100
3634 214
3635 120
3636 137
3637 154
3638 32
3639 165
3640 47
3641 154
3642 55
3643 76
3644 34
3645 75
3646 16
3647 205
3648 100
3649 39
3650 143
3651 2
3652 206
3653 13
3654 173
3655 31
3656 202
3657 27
3658 77
3659 86
3660 165
3661 212
3662 79
3663 789
3664 75
3665 46
3666 76
3667 52
3668 113
3669 76
3670 797
3671 86
3672 33
3673 27
3674 16
3675 103
3676 39
3677 117
3678 118
3679 27
3680 75
3681 103
3682 31
3683 97
3684 146
3685 217
3686 8
3687 13
3688 4
3689 76
3690 75
3691 100
3692 13
3693 25
3694 80
3695 134
3696 149
3697 214
3698 127
3699 166
3700 47
3701 55
3702 73
3703 77
3704 76
3705 789
3706 166
3707 120
3708 11
3709 27
3710 1113
3711 23
3712 87
3713 13
3714 4
3715 31
3716 16
3717 113
3718 81
3719 8
3720 68
3721 3
3722 13
3723 39
3724 102
3725 122
3726 134
3727 27
3728 8
3729 58
3730 17
3731 134
3732 113
3733 893
3734 39
3735 3
3736 75
3737 3
3738 166
3739 114
3740 100
3741 151
3742 76
3743 110
3744 176
3745 154
3746 140
3747 1130
3748 74
3749 23
3750 21
3751 55
3752 3
3753 75
3754 76
3755 154
3756 49
3757 172
3758 25
3759 127
3760 117
3761 39
3762 134
3763 205
3764 78
3765 75
3766 134
3767 8
3768 82
3769 75
3770 114
3771 82
3772 75
3773 127
3774 44
3775 25
3776 21
3777 46
3778 81
3779 127
3780 13
3781 31
3782 100
3783 145
3784 39
3785 13
3786 807
3787 15
3788 100
3789 206
3790 16
3791 76
3792 13
3793 883
3794 128
3795 102
3796 75
3797 82
3798 206
3799 75
3800 113
3801 196
3802 37
3803 87
3804 173
3805 87
3806 137
3807 151
3808 81
3809 13
3810 4
3811 173
3812 39
3813 86
3814 206
3815 39
3816 55
3817 102
3818 58
3819 213
3820 807
3821 26
3822 86
3823 105
3824 76
3825 206
3826 3
3827 82
3828 113
3829 49
3830 86
3831 82
3832 11
3833 36
3834 82
3835 13
3836 25
3837 176
3838 120
3839 25
3840 219
3841 73
3842 86
3843 1130
3844 118
3845 137
3846 86
3847 12
3848 16
3849 31
3850 789
3851 92
3852 75
3853 1130
3854 113
3855 13
3856 49
3857 114
3858 9
3859 32
3860 3
3861 75
3862 100
3863 134
3864 39
3865 143
3866 8
3867 86
3868 1143
3869 103
3870 39
3871 31
3872 24
3873 102
3874 100
3875 44
3876 31
3877 114
3878 151
3879 21
3880 47
3881 206
3882 1212
3883 239
3884 27
3885 202
3886 113
3887 15
3888 100
3889 4
3890 9
3891 97
3892 25
3893 38
3894 39
3895 31
3896 16
3897 55
3898 75
3899 86
3900 13
3901 9
3902 114
3903 139
3904 1143
3905 21
3906 55
3907 39
3908 127
3909 75
3910 213
3911 75
3912 166
3913 2
3914 157
3915 23
3916 37
3917 143
3918 47
3919 1125
3920 126
3921 4
3922 86
3923 87
3924 86
3925 13
3926 126
3927 75
3928 206
3929 82
3930 75
3931 87
3932 51
3933 47
3934 100
3935 87
3936 81
3937 33
3938 75
3939 11
3940 81
3941 149
3942 105
3943 47
3944 154
3945 897
3946 23
3947 151
3948 41
3949 127
3950 1114
3951 49
3952 38
3953 82
3954 33
3955 82
3956 16
3957 798
3958 25
3959 213
3960 131
3961 25
3962 82
3963 206
3964 86
3965 1175
3966 37
3967 75
3968 92
3969 17
3970 905
3971 41
3972 92
3973 5
3974 27
3975 47
3976 8
3977 21
3978 218
3979 32
3980 76
3981 231
3982 134
3983 119
3984 100
3985 1138
3986 184
3987 201
3988 87
3989 56
3990 39
3991 17
3992 102
3993 23
3994 41
3995 151
3996 196
3997 76
3998 75
3999 23
4000 766
4001 201
4002 206
4003 27
4004 99
4005 86
4006 206
4007 64
4008 75
4009 131
4010 114
4011 102
4012 100
4013 213
4014 3
4015 127
4016 100
4017 8
4018 68
4019 55
4020 205
4021 206
4022 23
4023 34
4024 3
4025 218
4026 75
4027 131
4028 47
4029 16
4030 1125
4031 34
4032 134
4033 13
4034 82
4035 23
4036 25
4037 127
4038 8
4039 100
4040 114
4041 134
4042 87
4043 4
4044 86
4045 9
4046 196
4047 77
4048 114
4049 97
4050 100
4051 122
4052 807
4053 31
4054 131
4055 73
4056 143
4057 118
4058 201
4059 149
4060 114
4061 92
4062 76
4063 55
4064 103
4065 231
4066 206
4067 78
4068 24
4069 176
4070 146
4071 13
4072 105
4073 2
4074 17
4075 143
4076 25
4077 95
4078 202
4079 49
4080 196
4081 68
4082 39
4083 154
4084 134
4085 41
4086 114
4087 81
4088 101
4089 87
4090 46
4091 75
4092 196
4093 99
4094 100
4095 75
4096 15
4097 39
4098 39
4099 76
4100 100
4101 218
4102 100
4103 1130
4104 1143
4105 33
4106 47
4107 1125
4108 31
4109 92
4110 88
4111 134
4112 206
4113 81
4114 118
4115 31
4116 113
4117 114
4118 92
4119 31
4120 217
4121 51
4122 128
4123 75
4124 82
4125 114
4126 113
4127 11
4128 203
4129 17
4130 173
4131 75
4132 32
4133 37
4134 9
4135 13
4136 151
4137 36
4138 13
4139 134
4140 149
4141 13
4142 100
4143 143
4144 140
4145 120
4146 82
4147 31
4148 13
4149 75
4150 100
4151 1175
4152 1115
4153 127
4154 75
4155 80
4156 218
4157 134
4158 81
4159 51
4160 33
4161 206
4162 21
4163 151
4164 100
4165 202
4166 87
4167 49
4168 127
4169 47
4170 76
4171 17
4172 34
4173 47
4174 49
4175 75
4176 231
4177 76
4178 37
4179 784
4180 47
4181 3
4182 25
4183 75
4184 32
4185 10
4186 4
4187 13
4188 95
4189 68
4190 100
4191 212
4192 100
4193 27
4194 140
4195 82
4196 218
4197 13
4198 13
4199 3
4200 63
4201 23
4202 208
4203 120
4204 110
4205 127
4206 13
4207 782
4208 41
4209 113
4210 87
4211 4
4212 75
4213 75
4214 41
4215 87
4216 78
4217 37
4218 49
4219 143
4220 87
4221 21
4222 127
4223 49
4224 784
4225 8
4226 27
4227 105
4228 55
4229 68
4230 73
4231 218
4232 119
4233 8
4234 212
4235 95
4236 38
4237 140
4238 784
4239 173
4240 157
4241 32
4242 17
4243 100
4244 16
4245 100
4246 176
4247 87
4248 100
4249 119
4250 51
4251 27
4252 100
4253 196
4254 16
4255 3
4256 51
4257 16
4258 120
4259 87
4260 212
4261 24
4262 92
4263 137
4264 100
4265 154
4266 32
4267 100
4268 36
4269 75
4270 51
4271 998
4272 79
4273 13
4274 47
4275 8
4276 16
4277 41
4278 68
4279 76
4280 114
4281 76
4282 79
4283 114
4284 82
4285 140
4286 76
4287 25
4288 218
4289 76
4290 97
4291 49
4292 166
4293 33
4294 131
4295 34
4296 68
4297 5
4298 13
4299 784
4300 213
4301 117
4302 165
4303 145
4304 86
4305 21
4306 24
4307 73
4308 15
4309 25
4310 8
4311 206
4312 27
4313 25
4314 201
4315 41
4316 81
4317 31
4318 82
4319 119
4320 172
4321 149
4322 134
4323 81
4324 9
4325 80
4326 206
4327 231
4328 11
4329 13
4330 47
4331 32
4332 137
4333 75
4334 47
4335 118
4336 101
4337 34
4338 134
4339 113
4340 217
4341 41
4342 202
4343 17
4344 13
4345 32
4346 33
4347 41
4348 75
4349 16
4350 13
4351 37
4352 31
4353 100
4354 102
4355 33
4356 97
4357 47
4358 55
4359 134
4360 113
4361 137
4362 68
4363 206
4364 3
4365 82
4366 37
4367 82
4368 47
4369 11
4370 76
4371 218
4372 120
4373 166
4374 75
4375 86
4376 114
4377 143
4378 3
4379 75
4380 16
4381 156
4382 38
4383 134
4384 1130
4385 120
4386 82
4387 49
4388 127
4389 31
4390 100
4391 76
4392 41
4393 789
4394 1046
4395 81
4396 25
4397 75
4398 31
4399 784
4400 34
4401 784
4402 82
4403 127
4404 25
4405 87
4406 118
4407 1212
4408 75
4409 27
4410 975
4411 113
4412 36
4413 86
4414 56
4415 766
4416 213
4417 33
4418 13
4419 16
4420 44
4421 172
4422 75
4423 39
4424 55
4425 960
4426 114
4427 114
4428 33
4429 87
4430 99
4431 8
4432 105
4433 13
4434 31
4435 9
4436 55
4437 34
4438 206
4439 114
4440 36
4441 100
4442 217
4443 4
4444 8
4445 49
4446 87
4447 218
