13454 1533
13455 1626
13456 2890
13457 1626
13458 1626
13459 1626
13460 2169
13461 1355
13462 1626
13463 1355
13464 1355
13465 1626
13466 1626
13467 1914
13468 1626
13469 1355
13470 1355
13471 1626
13472 1626
13473 2693
13474 1626
13475 1533
13476 1626
13477 1626
13478 1355
13479 1626
13480 1626
13481 1626
13482 1626
13483 1626
13484 1350
13485 1626
13486 1355
13487 1626
13488 1626
13489 1626
13490 1626
13491 1626
13492 1355
13493 1626
13494 1626
13495 1626
13496 611
13497 1355
13498 1355
13499 1355
13500 1626
13501 1357
13502 1174
13503 1626
13504 1626
13505 1626
13506 1355
13507 1626
13508 1626
13509 1626
13510 1626
13511 1626
13512 1626
13513 1626
13514 1626
13515 1626
13516 1626
13517 1626
13518 1626
13519 2169
13520 1626
13521 1355
13522 1533
13523 1355
13524 1626
13525 1626
13526 1626
13527 1626
13528 1626
13529 1626
13530 1626
13531 1626
13532 1626
13533 1626
13534 1355
13535 1355
13536 1626
13537 443
13538 2892
13539 1355
13540 1626
13541 1626
13542 1626
13543 1914
13544 1626
13545 1626
13546 1626
13547 1533
13548 1626
13549 1626
13550 1626
13551 1355
13552 1626
13553 1626
13554 1355
13555 1626
13556 1533
13557 1626
13558 1626
13559 1626
13560 781
13561 1626
13562 1355
13563 1626
13564 1355
13565 1533
13566 1626
13567 1626
13568 1626
13569 1626
13570 1626
13571 1355
13572 1626
13573 1626
13574 2731
13575 1626
13576 1355
13577 1626
13578 1626
13579 2693
13580 2893
13581 1355
13582 1626
13583 1311
13584 1355
13585 1626
13586 1355
13587 1626
13588 1626
13589 1626
13590 1355
13591 1626
13592 1626
13593 1626
13594 1626
13595 1626
13596 1626
13597 1626
13598 1626
13599 1626
13600 1626
13601 1564
13602 611
13603 1914
13604 1626
13605 1355
13606 1626
13607 1626
13608 2169
13609 2894
13610 1626
13611 1626
13612 1626
13613 1355
13614 1626
13615 1533
13616 1914
13617 1355
13618 1626
13619 1626
13620 1626
13621 1626
13622 1355
13623 781
13624 1533
13625 1626
13626 1626
13627 1626
13628 1355
13629 1626
13630 1626
13631 1914
13632 1355
13633 1626
13634 1626
13635 1626
13636 1355
13637 1626
13638 1626
13639 1355
13640 1914
13641 1355
13642 1626
13643 1626
13644 1626
13645 1626
13646 1355
13647 1626
13648 1626
13649 1626
13650 1626
13651 1355
13652 1626
13653 1355
13654 1626
13655 1566
13656 1564
13657 1358
13658 2729
13659 1358
13660 1616
13661 1355
13662 1564
13663 2705
13664 1626
13665 8
13666 1616
13667 1616
13668 1626
13669 1358
13670 1566
13671 1616
13672 1355
13673 2895
13674 1850
13675 8
13676 2896
13677 1564
13678 1626
13679 1566
13680 1626
13681 1564
13682 1626
13683 1358
13684 1355
13685 836
13686 1566
13687 1626
13688 1626
13689 1626
13690 1358
13691 1566
13692 1358
13693 1564
13694 1566
13695 2705
13696 1355
13697 1566
13698 1626
13699 1358
13700 1358
13701 1616
13702 1616
13703 1358
13704 1566
13705 1564
13706 1358
13707 1358
13708 2897
13709 2729
13710 1566
13711 1358
13712 1564
13713 1616
13714 1564
13715 1566
13716 1616
13717 1358
13718 2715
13719 1900
13720 1564
13721 1564
13722 1626
13723 836
13724 1616
13725 1626
13726 2116
13727 1350
13728 1616
13729 2716
13730 2169
13731 1355
13732 1564
13733 1358
13734 2705
13735 1564
13736 1626
13737 1626
13738 1350
13739 836
13740 1616
13741 2705
13742 1564
13743 1626
13744 1358
13745 2718
13746 1616
13747 1350
13748 1566
13749 1616
13750 1566
13751 2705
13752 1619
13753 1358
13754 1616
13755 1626
13756 1566
13757 1566
13758 1626
13759 1626
13760 1358
13761 1350
13762 1564
13763 1626
13764 1626
13765 1358
13766 1626
13767 1626
13768 1626
13769 1358
13770 95
13771 1358
13772 1626
13773 1358
13774 1616
13775 1358
13776 1358
13777 1616
13778 1564
13779 2729
13780 1566
13781 1616
13782 1564
13783 1626
13784 1358
13785 1566
13786 1616
13787 1626
13788 1626
13789 2898
13790 1616
13791 836
13792 1616
13793 1358
13794 1358
13795 1616
13796 1358
13797 1626
13798 1626
13799 1358
13800 1355
13801 1564
13802 2729
13803 1616
13804 1626
13805 1626
13806 1358
13807 2729
13808 2116
13809 1564
13810 1626
13811 2729
13812 2729
13813 2899
13814 415
13815 1566
13816 1616
13817 1358
13818 2900
13819 1358
13820 1626
13821 2729
13822 1626
13823 1616
13824 1355
13825 1626
13826 1355
13827 2716
13828 1616
13829 2718
13830 1626
13831 1626
13832 1564
13833 1626
13834 1355
13835 1626
13836 1358
13837 1358
13838 1566
13839 1358
13840 1358
13841 1900
13842 2729
13843 1616
13844 1566
13845 1616
13846 1616
13847 1358
13848 1626
13849 1564
13850 1626
13851 1358
13852 1564
13853 2729
13854 1358
13855 1564
13856 1564
13857 1358
13858 1358
13859 1616
13860 1358
13861 1564
13862 2715
13863 1626
13864 1616
13865 1358
13866 1616
13867 1566
13868 1358
13869 2222
13870 2169
13871 1564
13872 2729
13873 1358
13874 2718
13875 1566
13876 1564
13877 1358
13878 2714
13879 1358
13880 2903
13881 1358
13882 1626
13883 1616
13884 1566
13885 1566
13886 1626
13887 1616
13888 1358
13889 1358
13890 1564
13891 1564
13892 1626
13893 1900
13894 1616
13895 1564
13896 1358
13897 1564
13898 1358
13899 1358
13900 1616
13901 1358
13902 2731
13903 1358
13904 1616
13905 1616
13906 1355
13907 1564
13908 1566
13909 1616
13910 2729
13911 1626
13912 1619
13913 1626
13914 1626
13915 2729
13916 2729
13917 2731
13918 2729
13919 4
13920 2729
13921 1626
13922 2729
13923 1626
13924 1626
13925 2729
13926 2729
13927 2731
13928 1626
13929 2729
13930 1626
13931 2733
13932 2729
13933 1626
13934 2729
13935 2729
13936 1626
13937 2729
13938 2729
13939 1626
13940 2904
13941 1619
13942 2729
13943 2729
13944 2936
13945 2729
13946 2731
13947 1619
13948 2729
13949 2731
13950 2733
13951 2731
13952 2729
13953 2905
13954 1626
13955 1626
13956 2729
13957 2729
13958 1626
13959 1619
13960 2729
13961 1626
13962 1619
13963 1626
13964 1626
13965 2731
13966 2729
13967 2729
13968 1626
13969 1626
13970 2729
13971 2729
13972 2729
13973 2731
13974 2731
13975 1626
13976 2733
13977 2729
13978 2729
13979 2729
13980 2729
13981 2729
13982 2729
13983 2729
13984 2731
13985 2729
13986 2729
13987 2733
13988 2729
13989 2729
13990 1914
13991 2729
13992 2729
13993 2731
13994 2729
13995 2729
13996 4
13997 2729
13998 1626
13999 2729
14000 2729
14001 2731
14002 2729
14003 2729
14004 2729
14005 2729
14006 2729
14007 1626
14008 2729
14009 1619
14010 1626
14011 2729
14012 1619
14013 1626
14014 2729
14015 2729
14016 2729
14017 1626
14018 2729
14019 2729
14020 2729
14021 2729
14022 2729
14023 2729
14024 2729
14025 2729
14026 2729
14027 2729
14028 2731
14029 1626
14030 2729
14031 1626
14032 2729
14033 2729
14034 2729
14035 1626
14036 2731
14037 797
14038 1626
14039 1626
14040 598
14041 2731
14042 1626
14043 2729
14044 1626
14045 2729
14046 2729
14047 2729
14048 2729
14049 2729
14050 2729
14051 2906
14052 2729
14053 2729
14054 1914
14055 1355
14056 1626
14057 2729
14058 2731
14059 2729
14060 2729
14061 1619
14062 2729
14063 2907
14064 2729
14065 1626
14066 2729
14067 2729
14068 1626
14069 2731
14070 2729
14071 2733
14072 2729
14073 2729
14074 2729
14075 1626
14076 2729
14077 1626
14078 2729
14079 1626
14080 2729
14081 1626
14082 2729
14083 2731
14084 2729
14085 2729
14086 2729
14087 2729
14088 1626
14089 1619
14090 2733
14091 2731
14092 2729
14093 2729
14094 2729
14095 1626
14096 2729
14097 2729
14098 1653
14099 2731
14100 2729
14101 2729
14102 1355
14103 1626
14104 2731
14105 2729
14106 2731
14107 2729
14108 2729
14109 2731
14110 2729
14111 2729
14112 1626
14113 1619
14114 1626
14115 2733
14116 2729
14117 2729
14118 2729
14119 1626
14120 2729
14121 2731
14122 2729
14123 1626
14124 2729
14125 2729
14126 2729
14127 2729
14128 2731
14129 1564
14130 2731
14131 2729
14132 2729
14133 2729
14134 2733
14135 2731
14136 2729
14137 2729
14138 2729
14139 1626
14140 2731
14141 2729
14142 2729
14143 2729
14144 2729
14145 2729
14146 1626
14147 2733
14148 1626
14149 1619
14150 2729
14151 2729
14152 2729
14153 2729
14154 2733
14155 2729
14156 1626
14157 2908
14158 1564
14159 1355
14160 1626
14161 1626
14162 2733
14163 2729
14164 1355
14165 1626
14166 1626
14167 2729
14168 2729
14169 2729
14170 1626
14171 1626
14172 2729
14173 1626
14174 2731
14175 1564
14176 2729
14177 2729
14178 2729
14179 1626
14180 2731
14181 2731
14182 2743
14183 1914
14184 1355
14185 2729
14186 1566
14187 1626
14188 2731
14189 1358
14190 1358
14191 1355
14192 2731
14193 2731
14194 1358
14195 1355
14196 2729
14197 2731
14198 2731
14199 2731
14200 2731
14201 1619
14202 2731
14203 2731
14204 2731
14205 1358
14206 1358
14207 2731
14208 2731
14209 2745
14210 2731
14211 2909
14212 2731
14213 1626
14214 2929
14215 2731
14216 1355
14217 2731
14218 1626
14219 2731
14220 2731
14221 1566
14222 2731
14223 1358
14224 2731
14225 1626
14226 2731
14227 1626
14228 2729
14229 2729
14230 2743
14231 2731
14232 2731
14233 1358
14234 2731
14235 2731
14236 2729
14237 2731
14238 1626
14239 2731
14240 1619
14241 2731
14242 1626
14243 2731
14244 2731
14245 2731
14246 2731
14247 2731
14248 1566
14249 2731
14250 2731
14251 614
14252 2731
14253 2731
14254 1566
14255 2731
14256 2731
14257 1355
14258 1626
14259 1355
14260 2731
14261 1355
14262 1626
14263 1358
14264 2731
14265 1358
14266 2731
14267 1355
14268 1566
14269 1355
14270 2731
14271 2731
14272 1358
14273 1355
14274 2910
14275 2731
14276 1355
14277 1358
14278 902
14279 1358
14280 2731
14281 2731
14282 2731
14283 1626
14284 2731
14285 2731
14286 1358
14287 2731
14288 2731
14289 1626
14290 2731
14291 2911
14292 1626
14293 2731
14294 2912
14295 2731
14296 1358
14297 2731
14298 2731
14299 2731
14300 1626
14301 1358
14302 2731
14303 2731
14304 1626
14305 1626
14306 2731
14307 1626
14308 2731
14309 1355
14310 2913
14311 2731
14312 2729
14313 2731
14314 1355
14315 1626
14316 1355
14317 2169
14318 2731
14319 2729
14320 2731
14321 1626
14322 2731
14323 1358
14324 2731
14325 2731
14326 1358
14327 2914
14328 1358
14329 2731
14330 1616
14331 1566
14332 1358
14333 2915
14334 2731
14335 1914
14336 1355
14337 1358
14338 1626
14339 1626
14340 1355
14341 2916
14342 1358
14343 2731
14344 1355
14345 2731
14346 1355
14347 2731
14348 1626
14349 1358
14350 1626
14351 2731
14352 1355
14353 2731
14354 2731
14355 1355
14356 2917
14357 2731
14358 2731
14359 2731
14360 2731
14361 2731
14362 2731
14363 2731
14364 2731
14365 2918
14366 2729
14367 1358
14368 2731
14369 2731
14370 1626
14371 1358
14372 2731
14373 1626
14374 2731
14375 2936
14376 2929
14377 1566
14378 1358
14379 1626
14380 2731
14381 1626
14382 1355
14383 2729
14384 1566
14385 1626
14386 2731
14387 1626
14388 2731
14389 2731
14390 2731
14391 2731
14392 1358
14393 1355
14394 2729
14395 2919
14396 1355
14397 1358
14398 2745
14399 2731
14400 2920
14401 1355
14402 1358
14403 1355
14404 1352
14405 1358
14406 1029
14407 1355
14408 1355
14409 1355
14410 1355
14411 2921
14412 641
14413 1358
14414 1355
