10882 1055
9373 903
623 672
7656 689
8945 903
1636 903
4141 903
1886 1057
3722 903
9111 689
11071 1060
8551 1059
1253 1060
1344 1060
7622 903
9261 9
10440 903
835 1055
891 1060
239 1060
8369 689
10893 689
384 9
2559 1060
9499 689
318 1060
5552 689
9179 903
5007 1060
7361 1055
4307 1055
1649 1055
953 1055
5226 903
11037 689
3242 1060
11090 9
4471 903
9023 1060
354 1060
1159 1060
1526 903
10587 1055
6380 689
4036 1060
9644 903
9035 1055
1368 903
9238 689
6728 1059
659 1055
3803 678
4214 689
6341 903
10196 1065
3892 1060
6187 903
5564 903
168 689
2123 1055
8943 1059
6057 1055
7146 1055
9387 903
2307 1065
2927 1067
7186 903
6970 903
5660 676
4076 1060
4182 1060
1243 1055
9538 903
10379 1069
3008 903
6146 903
9770 1055
5680 903
3693 1060
5455 689
8525 1055
4813 1059
3338 903
10850 1065
2396 1060
10042 903
4524 903
10929 903
8907 903
7932 903
5710 680
4989 1060
4712 1188
10905 1055
2148 1060
1562 1060
2700 689
9748 903
8898 9
9147 903
3855 903
7398 689
6555 1060
3215 689
3158 1060
7822 672
6182 1059
6033 903
708 1065
1443 1055
4001 1059
8281 689
7895 903
1395 689
1173 1055
6676 903
5864 903
9827 1055
9743 903
2057 12
7160 903
7620 1055
8637 689
2457 903
1838 1060
3195 903
2009 903
2222 903
3022 903
6000 903
5137 1060
8129 676
8107 903
5215 689
5326 903
4680 903
1514 1059
1705 1055
4602 1060
10728 903
1843 1055
4504 903
3113 1065
4313 1060
10962 674
9152 903
4959 903
6304 689
8935 1055
5640 689
9209 689
5486 903
6007 1189
7468 1059
9256 1074
5247 1059
6701 1059
3362 903
6720 1055
7445 1055
9311 1055
7907 1055
5164 1060
5227 903
9027 1059
3611 1055
6217 903
5625 1055
3240 689
6395 903
392 1075
3551 689
1628 672
5950 1057
1422 1060
8449 903
9816 903
8483 1060
8938 1055
959 1059
6239 903
6207 1055
4198 903
5832 903
2761 903
3987 1059
1263 1190
3201 1055
3925 903
9732 1191
4745 1060
4719 1059
9881 1059
5260 903
2977 1060
5148 903
2813 1060
10714 1065
8683 903
10526 903
3900 903
5886 903
8370 903
2070 1060
10211 1067
10671 903
10495 689
3021 1060
4058 1059
5162 1055
8117 1065
6070 903
10108 1055
6618 903
8453 903
348 1060
8468 903
8094 1059
5599 672
1621 903
2815 903
6636 903
7659 16
5868 903
8736 672
3692 903
10555 689
9244 1059
4298 903
10405 1055
2736 1060
6786 1055
4621 1055
7236 689
2257 903
960 1059
2327 1060
6474 903
690 689
8817 903
8517 1055
4894 903
1511 903
6083 9
7977 903
7582 903
1276 903
4273 903
5102 903
7810 1055
9044 903
4055 1055
2111 1060
5082 1060
9926 903
8235 1080
8973 903
9033 903
3297 689
1733 903
6175 9
5062 1060
283 1055
8201 903
3313 903
3102 689
3119 1060
6824 1060
1769 1057
2839 1060
729 1055
8484 903
8508 903
8933 1055
1759 1192
4314 1059
2367 903
2162 903
4960 1060
4477 1056
1587 903
5638 903
10256 903
7615 903
6619 1055
6711 1055
7479 903
10408 903
7320 903
2564 1060
8242 672
6155 9
8406 903
5901 903
6856 1060
3536 903
3958 1060
4897 903
3836 1060
9332 903
3589 903
2158 1060
7190 903
1879 903
4277 689
5136 1055
3685 1193
2610 903
1903 903
9337 903
6289 1059
8366 903
3167 903
175 1065
1169 903
5240 889
10537 1060
6539 1055
8486 1055
8982 903
5238 903
6835 903
7745 1055
161 1055
1585 1059
10219 1057
4747 903
1210 903
9980 903
4230 1055
5235 1060
1053 903
1933 689
5418 903
4138 903
9462 1059
848 678
5188 1060
7792 903
8412 689
3868 1060
8638 903
6617 689
7189 1055
6695 1055
6232 903
4916 1060
9930 9
8609 903
7161 1060
5480 903
8862 903
265 1080
10912 689
5560 903
5224 903
2994 903
2300 903
4033 903
8650 1055
4396 1060
10621 903
7886 903
1666 903
1681 1055
9233 689
7467 1065
6287 903
10508 1055
5388 1055
8264 1059
2518 903
10805 1065
4542 689
8720 903
5069 903
3459 1060
2863 1059
1698 903
2483 1055
2124 672
1491 903
1868 12
4337 12
2424 903
922 1060
5501 903
5769 1055
983 689
10906 903
6909 689
11003 1059
9003 903
2482 903
11072 903
9268 1055
3266 1065
1800 903
3602 903
4884 898
9353 903
7738 903
2399 1055
2503 1060
8669 903
5766 903
6153 1055
4526 1060
5362 903
10879 1055
7542 903
7162 903
4753 903
4085 689
4344 903
3780 903
1605 1060
7565 903
10185 903
4836 903
7171 1055
3437 903
8565 903
9514 1060
7858 903
9382 1055
2536 903
6119 903
1976 1194
7731 1080
8097 903
1292 1060
9375 1060
2936 903
2494 1080
3777 1069
8958 9
8078 903
2647 903
3066 1055
10316 689
7229 1055
6858 1059
3534 903
7846 1053
5107 1057
9508 689
1357 903
3301 903
10202 903
5077 1057
2405 1055
1822 903
1834 903
9746 903
9219 903
2821 903
3199 689
5453 903
2022 1053
3758 1060
294 1060
7941 903
6997 1059
6622 689
1452 689
6503 1055
9270 903
6411 903
3566 1059
7175 1055
972 689
8346 1059
10724 903
6584 903
9461 903
3531 903
1589 903
10592 903
9907 903
4647 903
5468 1055
2504 903
9088 903
3456 1059
9589 903
4483 903
2663 903
10979 903
6805 689
7757 903
3392 1060
10611 903
6006 689
81 1060
2359 689
9208 903
4209 1074
3438 1060
264 1065
2590 903
3702 1055
3961 1060
1972 903
8719 1059
441 1059
5812 903
10871 1055
10796 903
2517 898
3653 903
3204 1055
7191 898
1396 1055
2524 1060
4187 903
5173 1059
6660 903
10753 1059
2168 903
7027 1059
1279 1075
6819 903
6147 1055
9014 1055
1995 1060
3841 1055
3839 1060
3232 903
5087 1074
7555 1080
1859 903
910 1060
4309 1060
5024 689
8343 1059
5591 903
8229 903
9496 1060
4903 689
10707 903
5403 903
7425 1055
7325 689
2687 689
9345 903
1638 1060
3565 1055
5318 903
6752 672
5076 903
6069 1060
911 1060
6809 678
6865 903
1110 903
7903 1055
2937 903
5548 903
1313 1055
3347 1055
10136 1055
83 1055
661 1060
8095 1055
4588 1059
1516 903
7327 1055
3775 1060
5759 12
6592 903
3064 903
4455 1055
6263 1055
826 1060
3381 903
9194 1053
5301 1060
5568 672
8592 903
2827 1059
3230 903
9757 903
8824 1055
2028 903
1646 9
6836 672
8388 689
8429 1059
2110 1060
4734 903
3074 903
7938 903
2652 903
6914 1053
10619 1055
2502 1060
6678 9
7200 903
8685 903
9630 903
1406 903
852 1055
7877 903
26 1060
4601 903
9069 1195
1039 1060
8447 903
9159 903
4116 1074
2163 1060
10179 903
1273 903
710 689
5231 903
9352 903
6521 689
3339 903
3505 1055
7507 903
3698 1055
9912 1059
5971 903
4509 903
9835 1055
2571 1060
10002 903
2828 1065
3317 903
5662 1055
10633 689
7022 1059
3713 903
6710 903
7475 903
3809 903
7802 1196
7786 903
1309 12
7902 903
10533 9
6059 903
3608 689
1218 903
9377 1065
5023 903
115 1060
2254 1060
3532 1060
6107 892
9021 903
2086 689
143 9
9091 1055
9046 903
6515 903
4287 1060
3577 1060
7716 1060
5354 903
4208 689
9861 903
8263 1055
5036 903
10636 1055
1864 903
9558 1197
7292 1080
6116 689
1433 903
1975 903
1881 903
1749 1065
9422 1055
6983 903
2273 1060
1573 903
1691 689
3351 903
3386 903
1120 903
10830 903
3835 903
6154 903
10792 903
2755 1060
2902 1060
589 1060
6702 903
5665 903
6412 672
494 1198
3146 9
5734 903
4926 676
