3794 3
3795 48
3796 532
3797 0
3798 89
3799 175
3800 57
3801 295
3802 295
3803 40
3804 77
3805 243
3806 295
3807 48
3808 129
3809 295
3810 129
3811 127
3812 127
3813 5
3814 532
3815 532
3816 40
3817 175
3818 36
3819 36
3820 532
3821 5
3822 895
3823 531
3824 26
3825 5
3826 26
3827 3
3828 5
3829 62
3830 532
3831 131
3832 5
3833 532
3834 77
3835 29
3836 243
3837 243
3838 532
3839 69
3840 532
3841 55
3842 36
3843 48
3844 77
3845 100
3846 532
3847 140
3848 130
3849 10
3850 48
3851 184
3852 18
3853 48
3854 243
3855 26
3856 106
3857 138
3858 55
3859 5
3860 210
3861 70
3862 184
3863 184
3864 106
3865 26
3866 7
3867 48
3868 184
3869 48
3870 69
3871 184
3872 48
3873 30
3874 39
3875 184
3876 103
3877 48
3878 48
3879 532
3880 62
3881 184
3882 243
3883 77
3884 53
3885 77
3886 70
3887 106
3888 106
3889 106
3890 26
3891 106
3892 155
3893 76
3894 532
3895 155
3896 184
3897 210
3898 531
3899 10
3900 532
3901 140
3902 184
3903 103
3904 40
3905 184
3906 532
3907 532
3908 23
3909 532
3910 184
3911 4
3912 184
3913 33
3914 0
3915 184
3916 532
3917 77
3918 238
3919 77
3920 184
3921 532
3922 184
3923 62
3924 106
3925 36
3926 26
3927 106
3928 184
3929 146
3930 106
3931 512
3932 77
3933 69
3934 48
3935 155
3936 184
3937 27
3938 532
3939 48
3940 130
3941 262
3942 241
3943 222
3944 184
3945 102
3946 10
3947 532
3948 7
3949 82
3950 62
3951 91
3952 184
3953 900
3954 532
3955 29
3956 262
3957 55
3958 0
3959 102
3960 134
3961 69
3962 134
3963 102
3964 48
3965 134
3966 102
3967 53
3968 102
3969 134
3970 129
3971 48
3972 131
3973 184
3974 134
3975 23
3976 102
3977 4
3978 102
3979 155
3980 57
3981 134
3982 82
3983 103
3984 134
3985 184
3986 102
3987 48
3988 102
3989 134
3990 134
3991 102
3992 21
3993 532
3994 102
3995 134
3996 102
3997 843
3998 0
3999 69
4000 62
4001 134
4002 102
4003 155
4004 134
4005 55
4006 134
4007 184
4008 184
4009 102
4010 212
4011 102
4012 103
4013 48
4014 48
4015 48
4016 102
4017 48
4018 532
4019 48
4020 102
4021 134
4022 146
4023 102
4024 102
4025 75
4026 48
4027 134
4028 532
4029 48
4030 134
4031 48
4032 102
4033 48
4034 55
4035 76
4036 48
4037 170
4038 134
4039 48
4040 532
4041 134
4042 48
4043 3
4044 48
4045 48
4046 55
4047 48
4048 134
4049 48
4050 184
4051 184
4052 28
4053 48
4054 48
4055 48
4056 50
4057 48
4058 134
4059 75
4060 102
4061 48
4062 48
4063 48
4064 110
4065 36
4066 532
4067 188
4068 48
4069 48
4070 155
4071 77
4072 48
4073 102
4074 53
4075 48
4076 0
4077 184
4078 26
4079 48
4080 30
4081 102
4082 495
4083 55
4084 184
4085 134
4086 33
4087 5
4088 146
4089 188
4090 170
4091 532
4092 495
4093 243
4094 18
4095 48
4096 663
4097 53
4098 48
4099 243
4100 134
4101 86
4102 3
4103 102
4104 48
4105 64
4106 0
4107 134
4108 512
4109 3
4110 91
4111 48
4112 45
4113 170
4114 53
4115 91
4116 0
4117 0
4118 48
4119 532
4120 77
4121 134
4122 134
4123 48
4124 48
4125 48
4126 48
4127 100
4128 532
4129 129
4130 512
4131 48
4132 28
4133 1
4134 64
4135 23
4136 1
4137 48
4138 48
4139 3
4140 50
4141 129
4142 23
4143 0
4144 21
4145 30
4146 48
4147 48
4148 91
4149 23
4150 28
4151 532
4152 512
4153 129
4154 532
4155 532
4156 69
4157 26
4158 27
4159 18
4160 184
4161 188
4162 75
4163 532
4164 188
4165 54
4166 184
4167 129
4168 54
4169 60
4170 3
4171 41
4172 103
4173 103
4174 155
4175 512
4176 86
4177 188
4178 27
4179 23
4180 7
4181 5
4182 103
4183 103
4184 103
4185 103
4186 23
4187 103
4188 103
4189 184
4190 65
4191 75
4192 138
4193 65
4194 103
4195 48
4196 103
4197 65
4198 56
4199 18
4200 75
4201 69
4202 103
4203 91
4204 76
4205 903
4206 106
4207 210
4208 76
4209 129
4210 76
4211 76
4212 103
4213 102
4214 262
4215 48
4216 103
4217 76
4218 12
4219 54
4220 103
4221 28
4222 77
4223 3
4224 76
4225 57
4226 62
4227 907
4228 76
4229 77
4230 131
4231 184
4232 48
4233 91
4234 48
4235 100
4236 103
4237 103
4238 54
4239 102
4240 76
4241 103
4242 76
4243 7
4244 103
4245 103
4246 29
4247 103
4248 173
4249 48
4250 103
4251 5
4252 48
4253 7
4254 103
4255 103
4256 53
4257 103
4258 53
4259 76
4260 103
4261 130
4262 210
4263 54
4264 103
4265 864
4266 138
4267 23
4268 39
4269 86
4270 103
4271 103
4272 5
4273 103
4274 843
4275 69
4276 103
4277 48
4278 241
4279 29
4280 129
4281 103
4282 103
4283 103
4284 103
4285 868
4286 103
4287 103
4288 57
4289 3
4290 103
4291 28
4292 512
4293 103
4294 65
4295 103
4296 103
4297 103
4298 23
4299 75
4300 54
4301 103
4302 103
4303 512
4304 170
4305 870
4306 33
4307 184
4308 512
4309 103
4310 103
4311 103
4312 870
4313 134
4314 103
4315 103
4316 48
4317 103
4318 155
4319 48
4320 532
4321 854
4322 103
4323 62
4324 0
4325 103
4326 495
4327 127
4328 262
4329 76
4330 512
4331 103
4332 175
4333 103
4334 843
4335 512
4336 54
4337 103
4338 54
4339 512
4340 7
4341 54
4342 28
4343 48
4344 512
4345 495
4346 11
4347 12
4348 0
4349 100
4350 26
4351 26
4352 48
4353 210
4354 103
4355 48
4356 57
4357 295
4358 48
4359 131
4360 512
4361 210
4362 8
4363 215
4364 512
4365 103
4366 29
4367 23
4368 57
4369 28
4370 188
4371 215
4372 100
4373 11
4374 532
4375 512
4376 501
4377 103
4378 23
4379 103
4380 52
4381 267
4382 175
4383 146
4384 100
4385 103
4386 142
4387 57
4388 26
4389 82
4390 36
4391 77
4392 103
4393 512
4394 53
4395 30
4396 29
4397 103
4398 54
4399 243
4400 103
4401 155
4402 103
4403 103
4404 103
4405 103
4406 103
4407 103
4408 27
4409 501
4410 262
4411 184
4412 103
4413 103
4414 103
4415 103
4416 0
4417 0
4418 0
4419 36
4420 0
4421 84
4422 75
4423 0
4424 48
4425 0
4426 0
4427 0
4428 0
4429 0
4430 0
4431 0
4432 0
4433 0
4434 41
4435 0
4436 75
4437 0
4438 0
4439 0
4440 892
4441 82
4442 39
4443 76
4444 184
4445 184
4446 912
4447 103
4448 0
4449 140
4450 102
4451 870
4452 0
4453 0
4454 871
4455 77
4456 129
4457 103
4458 0
4459 0
4460 495
4461 103
4462 103
4463 100
4464 0
4465 0
4466 495
4467 512
4468 82
4469 0
4470 5
4471 0
4472 501
4473 501
4474 0
4475 0
4476 100
4477 103
4478 532
4479 103
4480 103
4481 54
4482 146
4483 59
4484 7
4485 57
4486 0
4487 0
4488 0
4489 5
4490 267
4491 21
4492 267
4493 29
4494 62
4495 100
4496 267
4497 170
4498 57
4499 0
4500 267
4501 222
4502 512
4503 0
4504 0
4505 52
4506 0
4507 53
4508 170
4509 142
4510 0
4511 0
4512 0
4513 0
4514 532
4515 0
4516 103
4517 184
4518 23
4519 0
4520 0
4521 155
4522 69
4523 0
4524 0
4525 512
4526 77
4527 65
4528 0
4529 142
4530 103
4531 54
4532 0
4533 77
4534 130
4535 0
4536 53
4537 100
4538 0
4539 53
4540 62
4541 222
4542 0
4543 0
4544 82
4545 40
4546 48
4547 48
4548 27
4549 5
4550 86
4551 77
4552 130
4553 512
4554 0
4555 512
4556 54
4557 222
4558 86
4559 18
4560 295
4561 7
4562 1
4563 56
4564 243
4565 0
4566 0
4567 54
4568 0
4569 62
4570 48
4571 0
4572 0
4573 134
4574 204
4575 0
4576 69
4577 204
4578 204
4579 52
4580 54
4581 48
4582 0
4583 0
4584 54
4585 5
4586 184
4587 64
4588 243
4589 0
4590 5
4591 103
4592 0
4593 188
4594 184
4595 0
4596 75
4597 56
4598 512
4599 854
4600 0
4601 0
4602 3
4603 65
4604 184
4605 184
4606 27
4607 100
4608 896
4609 103
4610 130
4611 512
4612 75
4613 30
4614 130
4615 906
4616 272
4617 130
4618 5
4619 0
4620 512
4621 204
4622 0
4623 184
4624 0
4625 86
4626 48
4627 0
4628 295
4629 12
4630 0
4631 54
4632 512
4633 103
4634 103
4635 77
4636 10
4637 0
4638 184
4639 0
4640 173
4641 0
4642 130
4643 854
4644 140
4645 0
4646 512
4647 3
4648 495
4649 512
4650 103
4651 65
4652 295
4653 130
4654 103
4655 130
4656 0
4657 27
4658 532
4659 532
4660 512
4661 91
4662 204
4663 54
4664 39
4665 532
4666 103
4667 512
4668 138
4669 48
4670 103
4671 155
4672 48
4673 0
4674 134
4675 103
4676 127
4677 774
4678 6
4679 155
4680 222
4681 905
4682 495
4683 7
4684 184
4685 12
4686 495
4687 103
4688 20
4689 0
4690 40
4691 680
4692 7
4693 267
4694 103
4695 103
4696 0
4697 155
4698 210
4699 222
4700 0
4701 155
4702 155
4703 53
4704 53
4705 33
4706 7
4707 188
4708 7
4709 185
4710 103
4711 184
4712 52
4713 103
4714 155
4715 5
4716 0
4717 495
4718 210
4719 902
4720 0
4721 142
4722 26
4723 0
4724 3
4725 103
4726 7
4727 100
4728 512
4729 184
4730 48
4731 188
4732 84
4733 3
4734 100
4735 100
4736 7
4737 62
4738 53
4739 50
4740 50
4741 23
4742 62
4743 512
4744 512
4745 243
4746 262
4747 53
4748 102
4749 0
4750 512
4751 23
4752 103
4753 130
4754 28
4755 155
4756 0
4757 7
4758 532
4759 495
4760 7
4761 23
4762 29
4763 0
4764 210
4765 512
4766 103
4767 28
4768 62
4769 0
4770 26
4771 913
4772 210
4773 84
4774 127
4775 155
4776 184
4777 512
4778 82
4779 76
4780 23
4781 86
4782 155
4783 512
4784 91
4785 4
4786 36
4787 155
4788 184
4789 103
4790 0
4791 6
4792 28
4793 102
4794 0
4795 139
4796 54
4797 36
4798 512
4799 532
4800 103
4801 0
4802 512
4803 222
4804 29
4805 86
4806 131
4807 48
4808 48
4809 53
4810 29
4811 100
4812 0
4813 0
4814 295
4815 130
4816 30
4817 188
4818 91
4819 243
4820 188
4821 39
4822 138
4823 131
4824 131
4825 100
4826 241
4827 62
4828 210
4829 69
4830 131
4831 185
4832 127
4833 0
4834 222
4835 532
4836 100
4837 7
4838 0
4839 897
4840 0
4841 3
4842 86
4843 222
4844 243
4845 7
4846 0
4847 103
4848 23
4849 222
4850 129
4851 0
4852 130
4853 40
4854 0
4855 28
4856 70
4857 142
4858 0
4859 53
4860 0
4861 170
4862 222
4863 3
4864 75
4865 262
4866 28
4867 210
4868 272
4869 210
4870 204
4871 210
4872 262
4873 532
4874 262
4875 130
4876 532
4877 103
4878 57
4879 30
4880 26
4881 7
4882 512
4883 170
4884 142
4885 7
4886 0
4887 0
4888 75
4889 18
4890 26
4891 0
4892 7
4893 262
4894 50
4895 914
4896 7
4897 210
4898 130
4899 210
4900 267
4901 77
4902 54
4903 30
4904 908
4905 5
4906 185
4907 512
4908 102
4909 241
4910 188
4911 149
4912 53
4913 130
4914 18
4915 7
4916 0
4917 267
4918 7
4919 3
4920 23
4921 53
4922 532
4923 100
4924 0
4925 0
4926 30
4927 210
4928 915
4929 131
4930 100
4931 77
4932 149
4933 131
4934 5
4935 30
4936 54
4937 512
4938 0
4939 3
4940 131
4941 129
4942 53
4943 30
4944 210
4945 29
4946 53
4947 232
4948 916
4949 532
4950 12
4951 53
4952 91
4953 134
4954 62
4955 272
4956 134
4957 184
4958 26
4959 267
4960 204
4961 5
4962 149
4963 103
4964 23
4965 175
4966 102
4967 23
4968 18
4969 204
4970 77
4971 210
4972 131
4973 142
4974 30
4975 30
4976 204
4977 103
4978 30
4979 59
4980 53
4981 103
4982 4
4983 82
4984 103
4985 185
4986 77
4987 53
4988 4
4989 185
4990 0
4991 0
4992 27
4993 768
4994 149
4995 138
4996 103
4997 102
4998 23
4999 30
5000 870
5001 14
5002 170
5003 149
5004 29
5005 904
5006 59
5007 131
5008 28
5009 5
5010 30
5011 112
5012 893
5013 184
5014 84
5015 532
5016 210
5017 212
5018 91
5019 82
5020 77
5021 82
5022 30
5023 30
5024 140
5025 103
5026 232
5027 532
5028 149
5029 155
5030 868
5031 27
5032 30
5033 86
5034 100
5035 0
5036 185
5037 30
5038 75
5039 131
5040 30
5041 267
5042 53
5043 30
5044 23
5045 127
5046 7
5047 272
5048 243
5049 103
5050 501
5051 48
5052 77
5053 241
5054 23
5055 26
5056 53
5057 295
5058 30
5059 4
5060 898
5061 173
5062 142
5063 0
5064 142
5065 532
5066 57
5067 129
5068 204
5069 139
5070 30
5071 18
5072 28
5073 77
5074 188
5075 532
5076 33
5077 917
5078 8
5079 103
5080 843
5081 185
5082 70
5083 188
5084 532
5085 5
5086 241
5087 10
5088 184
5089 27
5090 142
5091 53
5092 854
5093 100
5094 53
5095 204
5096 30
5097 129
5098 53
5099 184
5100 20
5101 39
5102 204
5103 204
5104 854
5105 91
5106 134
5107 5
5108 532
5109 30
5110 501
5111 149
5112 532
5113 27
5114 532
5115 210
5116 138
5117 23
5118 57
5119 26
5120 75
5121 100
5122 4
5123 23
5124 30
5125 222
5126 30
5127 33
5128 77
5129 140
5130 102
5131 30
5132 27
5133 4
5134 131
5135 30
5136 52
5137 23
5138 41
5139 26
5140 30
5141 75
5142 103
5143 30
5144 27
5145 188
5146 103
5147 918
5148 36
5149 77
5150 91
5151 53
5152 23
5153 53
5154 3
5155 33
5156 27
5157 532
5158 86
5159 4
5160 532
5161 267
5162 243
5163 894
5164 854
5165 185
5166 142
5167 36
5168 103
5169 86
5170 131
5171 36
5172 36
5173 86
5174 142
5175 142
5176 204
5177 36
5178 532
5179 36
5180 36
5181 909
5182 36
5183 184
5184 36
5185 532
5186 36
5187 36
5188 23
5189 77
5190 23
5191 919
5192 18
5193 100
5194 7
5195 91
5196 36
5197 131
5198 33
5199 29
5200 243
5201 36
5202 23
5203 103
5204 36
5205 138
5206 36
5207 142
5208 36
5209 222
5210 142
5211 36
5212 86
5213 86
5214 23
5215 76
5216 30
5217 28
5218 170
5219 77
5220 100
5221 23
5222 7
5223 62
5224 172
5225 172
5226 91
5227 172
5228 170
5229 26
5230 30
5231 53
5232 53
5233 26
5234 76
5235 142
5236 30
5237 36
5238 142
5239 26
5240 501
5241 184
5242 91
5243 495
5244 663
5245 142
5246 23
5247 86
5248 33
5249 532
5250 232
5251 142
5252 142
5253 232
5254 36
5255 131
5256 36
5257 5
5258 210
5259 36
5260 5
5261 920
5262 142
5263 76
5264 26
5265 140
5266 129
5267 5
5268 23
5269 212
5270 57
5271 82
5272 48
5273 854
5274 26
5275 131
5276 532
5277 222
5278 5
5279 140
5280 52
5281 36
5282 30
5283 36
5284 36
5285 30
5286 142
5287 86
5288 91
5289 18
5290 12
5291 76
5292 36
5293 30
5294 532
5295 532
5296 210
5297 36
5298 921
5299 185
5300 36
5301 210
5302 76
5303 30
5304 262
5305 142
5306 142
5307 142
5308 142
5309 873
5310 86
5311 142
5312 532
5313 3
5314 142
5315 5
5316 100
5317 142
5318 142
5319 142
5320 33
5321 532
5322 267
5323 142
5324 532
5325 30
5326 26
5327 142
5328 142
5329 142
5330 142
5331 142
5332 142
5333 142
5334 142
5335 142
5336 142
5337 142
5338 23
5339 142
5340 142
5341 142
5342 142
5343 142
5344 142
5345 142
5346 142
5347 82
5348 142
5349 131
5350 142
5351 142
5352 532
5353 101
5354 170
5355 100
5356 30
5357 922
5358 5
5359 77
5360 140
5361 142
5362 77
5363 142
5364 129
5365 142
5366 57
5367 142
5368 26
5369 142
5370 142
5371 142
5372 142
5373 142
5374 149
5375 142
5376 142
5377 142
5378 142
5379 142
5380 82
5381 901
5382 532
5383 41
5384 142
5385 142
5386 142
5387 142
5388 142
5389 62
5390 142
5391 142
5392 142
5393 36
5394 82
5395 76
5396 532
5397 532
5398 3
5399 272
5400 238
5401 142
5402 36
5403 142
5404 41
5405 142
5406 210
5407 142
5408 532
5409 142
5410 142
5411 76
5412 36
5413 36
5414 142
5415 142
5416 3
5417 173
5418 142
5419 173
5420 173
5421 173
5422 142
5423 82
5424 173
5425 30
5426 76
5427 173
5428 103
5429 103
5430 76
5431 142
5432 173
5433 173
5434 173
5435 142
5436 41
5437 142
5438 173
5439 222
5440 69
5441 142
5442 173
5443 100
5444 873
5445 173
5446 173
5447 69
5448 173
5449 142
5450 210
5451 173
5452 173
5453 149
5454 173
5455 173
5456 142
5457 173
5458 243
5459 768
5460 899
5461 173
5462 36
5463 142
5464 76
5465 33
5466 4
5467 188
5468 142
5469 142
5470 41
5471 173
5472 173
5473 871
5474 142
5475 173
5476 173
5477 142
5478 36
5479 142
5480 173
5481 532
5482 100
5483 101
5484 173
5485 204
5486 27
5487 173
5488 173
5489 14
5490 0
5491 77
5492 138
5493 173
5494 188
5495 173
5496 173
5497 140
5498 173
5499 142
5500 173
5501 243
5502 173
5503 173
5504 173
5505 142
5506 30
5507 783
5508 173
5509 142
5510 173
5511 204
5512 173
5513 173
5514 127
5515 173
5516 62
5517 75
5518 142
5519 53
5520 130
5521 53
5522 3
5523 140
5524 142
5525 142
5526 69
5527 680
5528 140
5529 149
5530 33
5531 532
5532 828
5533 5
5534 142
5535 75
5536 188
5537 267
5538 146
5539 76
5540 142
5541 30
5542 140
5543 142
5544 680
5545 532
5546 76
5547 100
5548 30
5549 12
5550 142
5551 204
5552 262
5553 39
5554 142
5555 188
5556 142
5557 70
5558 142
5559 181
5560 131
5561 210
5562 243
5563 295
5564 142
5565 241
5566 142
5567 76
5568 103
5569 39
5570 188
5571 210
5572 39
5573 30
5574 142
5575 188
5576 142
5577 70
5578 5
5579 102
5580 142
5581 26
5582 142
5583 129
5584 532
5585 142
5586 26
5587 142
5588 210
5589 142
5590 129
5591 680
5592 188
5593 155
5594 241
5595 65
5596 75
5597 142
5598 26
5599 39
5600 142
5601 532
5602 215
5603 89
5604 663
5605 112
5606 0
5607 77
5608 102
5609 27
5610 3
5611 27
5612 142
5613 142
5614 39
5615 142
5616 142
5617 52
5618 142
5619 243
5620 188
5621 142
5622 142
5623 142
5624 910
5625 77
5626 100
5627 864
5628 77
5629 86
5630 142
5631 86
5632 100
5633 26
5634 142
5635 27
5636 76
5637 129
5638 142
5639 76
5640 142
5641 142
5642 142
5643 175
5644 175
5645 142
5646 142
5647 77
5648 210
5649 59
5650 142
5651 142
5652 175
5653 680
5654 142
5655 77
5656 911
5657 26
5658 134
5659 142
5660 142
5661 272
5662 130
5663 142
5664 103
5665 212
5666 138
5667 131
5668 210
5669 142
5670 142
5671 142
5672 142
5673 142
5674 142
5675 142
5676 84
5677 923
5678 100
5679 828
5680 40
5681 53
5682 76
5683 86
5684 142
5685 142
5686 142
5687 27
5688 241
5689 142
5690 142
