2133 2219
2188 2055
3847 1821
8676 2051
2099 2205
2846 2055
1701 1815
9485 2205
3210 2051
8773 2014
5346 2222
929 2219
7857 2051
7035 2014
8411 2205
6905 2051
6797 2223
8348 2205
760 2205
9910 2051
895 2219
1957 1844
178 2051
1136 2055
10237 1841
4162 2055
9082 2013
1773 2205
9809 937
9941 2205
6839 2205
3488 2219
9763 1844
10274 2464
1961 2207
5475 1821
7478 2051
6798 2219
513 2055
3896 2219
8010 2219
6417 2205
3255 2051
476 2051
10404 2219
6165 2223
6335 2051
1665 2219
9263 2205
10834 2051
1494 2051
8008 2014
9503 2205
1756 2055
9533 2205
10317 2051
7369 1815
952 2051
11065 2054
9984 2051
4563 2205
284 2051
10262 2219
8860 2219
2816 2205
8288 2054
5500 2205
7083 2051
3970 2219
2578 2465
800 2055
9584 2205
2688 2219
10497 2051
879 1815
1887 2229
9305 2219
10509 2205
10563 2219
7018 1815
688 2051
4294 2051
1982 2219
9333 2205
11030 2219
5212 2054
1518 2205
5067 2205
8099 2222
4537 1815
5347 2051
7342 2016
3484 2205
11020 1815
1850 2054
9834 2054
622 2219
2 2205
2569 2055
5256 2054
2783 2051
2400 2051
128 2054
3509 2233
5577 2219
6860 2051
5872 2205
7286 2014
2306 2051
5011 1821
9371 2205
6264 2219
8939 2051
5113 2205
3521 2207
6900 2205
6733 2222
9381 2219
4975 2055
8284 2051
5804 2219
8283 2014
8996 2205
8230 2466
10410 937
6161 2051
7249 2219
1417 2219
7898 2205
4257 2222
10514 2054
5875 2205
5191 2051
696 2055
4226 2219
4840 1838
9501 2051
1549 2055
10519 2051
10743 1815
3075 2219
10054 2014
6382 2054
1717 2055
9158 2014
3567 2205
2862 809
3474 2051
10259 2014
7059 809
9180 2051
6803 2205
9793 2051
6994 2205
10692 2051
5343 1821
1165 2055
371 2051
3136 2051
10873 2051
3937 2205
2499 2219
3094 2054
2570 2051
7878 2014
2174 2054
1719 2223
8101 2014
10999 2014
306 2051
5460 2205
10049 2219
2823 2207
7584 2014
2742 2205
2766 2051
35 2205
6170 1815
6611 2051
10140 2014
7754 1815
7173 2205
10105 2054
1464 2055
6108 2205
4715 2055
9253 2014
2000 2219
50 1841
5409 2051
2981 2219
11035 2014
8006 1821
7423 2054
1212 2055
2649 2219
561 2055
10984 1061
2097 2051
10129 2205
7317 2014
3544 1815
7328 2014
2444 2219
10901 1815
6586 2054
5398 2051
8014 2054
4221 2055
7566 2205
10773 2051
1425 2205
1474 1821
6870 2014
4706 2219
10574 2014
10050 2014
5251 2054
3672 1815
6937 2205
1201 2051
10608 1815
7991 2205
5664 2205
404 2205
7295 2051
9107 2014
7984 2205
9255 2219
6160 2205
8341 1815
2381 2051
5921 937
2694 2233
10360 2235
10943 2205
4650 2055
2602 1815
9185 2205
3539 2205
759 2207
10152 2014
7444 2014
3639 2054
5704 2205
3423 2054
2637 1823
10068 2205
1847 2055
3169 2219
872 2222
6421 2051
1627 2205
10977 2014
5175 2205
5937 2219
2173 2054
5979 2205
7959 2205
6401 2223
7762 2219
4303 1814
4417 2205
137 2219
3184 2051
7511 2219
11068 2205
8713 2051
4865 2055
5310 2051
6334 2051
8778 1815
3032 2051
10839 2219
7961 611
10543 2014
9420 2219
1327 2054
1140 1815
10826 2205
2363 2205
5285 2219
5771 2222
4856 2055
3228 2205
7837 2219
9216 2014
8747 2219
8932 2205
9329 2051
7712 2014
6931 2205
2114 937
3129 2051
8844 2014
10377 2054
9615 2205
6634 2014
3954 2205
4293 1815
2080 2055
8122 2014
3703 2207
10504 1823
7185 1815
2960 2205
10146 2205
3511 2205
8745 2205
10192 2467
8730 2205
10965 2051
7658 2014
88 2207
5066 2223
1413 1815
22 2055
8192 2468
6128 2051
5282 2219
6800 2469
3831 937
10491 2219
10039 2014
258 2055
5948 2205
987 2207
4831 2055
5002 2205
224 2055
7256 2051
9104 2014
1042 2051
2362 2051
4660 2219
510 2205
4305 2055
5714 2219
2293 2219
5983 2051
9295 1815
814 2051
10535 2205
4027 2051
2908 2470
5607 1815
8980 2054
4565 2054
2753 1815
8904 2014
584 2055
8033 2219
4824 2051
2591 2051
7789 2205
200 2219
7721 2219
10407 2205
9951 2054
7872 2014
10272 2205
6442 2207
2455 2055
4491 1821
10324 2219
10483 2222
4465 2055
4009 2051
214 2055
9350 2051
1320 2051
10467 2014
9272 2205
5978 2205
9232 2206
9360 2219
7869 2219
3432 2205
10170 1815
2599 935
7145 2014
9258 2255
357 2055
10296 2205
8186 2014
8389 2471
5815 2219
3513 2051
6892 2205
9872 2014
10775 2014
1765 2055
10499 620
1612 2051
3481 2051
8257 1815
3249 2051
1941 2205
2956 2205
9396 2205
2563 1815
1946 2472
560 2235
3562 2051
4054 2051
10409 2051
3098 2219
8279 2219
10952 2054
3283 2205
6988 2219
6378 2223
9685 2014
3294 2205
2329 2219
6298 2219
1295 1821
8878 2219
3879 2055
7449 2205
555 1821
2722 2205
2721 2219
9645 2014
147 1815
9115 2051
10762 2473
3141 2222
7707 2474
3694 1815
10973 611
7578 1844
6872 2205
7016 2051
1539 2205
5376 2205
10641 2219
10861 2219
2573 2054
9762 1614
3750 2055
5408 937
961 2475
1895 2055
8414 1815
631 2054
9397 4
7168 1815
2035 2051
10645 2051
582 2207
2127 2055
1678 2051
1374 2051
2581 2051
1138 2205
9733 2219
9323 1815
10804 2222
3776 2055
6072 1815
2203 2205
6906 2205
2421 1844
6871 2205
9647 2219
2435 2205
6565 2051
10832 2205
8784 2205
3658 2207
7841 2051
5473 2476
3349 1815
8325 1815
10492 2219
9124 2014
6251 2223
2523 2051
189 2051
2393 2055
10877 2205
7302 2014
2397 2051
6373 2051
10130 1815
3977 2055
7125 2219
2657 2205
8598 2013
4944 620
1804 2055
7632 2014
7875 2014
1410 2054
6094 1815
2868 2055
345 1821
4915 2205
4325 1815
7603 2051
8462 2205
4669 1063
6962 2014
10212 2014
8000 2207
8256 2014
10173 2205
2087 2219
5970 1287
4586 2014
2298 2219
1955 615
3960 2051
9934 2477
2664 2205
8971 2051
10661 2014
9077 2219
187 2205
4355 2205
9576 2054
4674 2205
6873 2207
4155 1815
514 2055
4583 2054
7119 2205
3049 2205
6866 2205
3234 2205
455 2055
7532 2205
10453 2219
10107 2223
6450 2054
7504 2014
7861 2219
10147 2219
9641 1844
927 2205
1669 2205
9797 2205
232 2205
1905 2054
4047 2207
2793 2207
8855 2051
6081 2219
6186 2205
5757 2051
8160 2014
4778 2205
8177 2205
6587 2229
1497 2219
7360 2014
11036 2014
1151 2205
3905 2055
7589 2014
1725 1815
8027 2219
3616 2205
3327 2054
2805 2478
4533 2205
1781 2054
669 2222
3790 2219
13 1821
2522 2055
7593 2205
10006 2051
10100 2219
3472 2207
6649 2479
8877 2014
5315 2219
9891 1815
1674 2055
7127 2014
6048 1821
8125 2014
10924 2014
3599 2205
91 1815
2917 2207
10803 2054
4913 1815
9141 2027
10115 2014
4974 2205
8593 2014
6757 2205
6001 2205
9814 2051
3453 2054
3135 2051
2204 2205
8293 2014
9182 2051
2214 2051
7243 2054
5611 2480
2953 1815
1353 2051
7375 2014
1008 2054
10875 2205
6130 2207
5870 2205
1642 1815
4871 2222
8989 2222
5663 2051
7957 2054
5379 2051
8628 1815
456 2055
1814 2205
995 2055
5887 2054
11096 2222
2404 2051
2353 2051
3660 2054
10584 2054
8689 2207
907 1815
8466 2205
8400 2205
1014 2205
10703 2054
131 2207
3004 1821
5052 2219
8299 2205
7414 2219
2030 2219
9442 2014
8133 2054
1657 2051
1404 2205
2450 2205
2603 2051
363 2051
11105 2223
8181 2223
4589 2051
1109 1815
8502 2051
8311 2014
8867 2051
4896 2219
8046 2054
9392 2014
7259 2051
4806 1815
3434 2219
10913 2014
2579 1815
2472 1815
2771 2055
6326 2219
7533 2255
7196 2014
7484 2204
5118 2051
4105 2205
5890 1815
7608 1815
4428 2205
2819 2055
4346 2481
7034 2257
8530 3
3518 613
7585 2257
8342 2055
1793 613
10183 2055
489 2482
43 613
10524 2055
8656 2483
2708 2484
1854 2485
4773 2486
9349 2487
1236 2488
9342 2489
9720 2490
7401 2055
5539 2491
7947 613
