5004 147
5005 61
5006 209
5007 102
5008 35
5009 1
5010 30
5011 113
5012 65
5013 54
5014 21
5015 18
5016 12
5017 5
5018 94
5019 90
5020 213
5021 5
5022 191
5023 12
5024 1717
5025 65
5026 186
5027 25
5028 10
5029 140
5030 113
5031 65
5032 245
5033 35
5034 302
5035 1774
5036 5
5037 113
5038 65
5039 148
5040 140
5041 140
5042 251
5043 31
5044 11
5045 1764
5046 65
5047 113
5048 65
5049 30
5050 113
5051 213
5052 186
5053 5
5054 37
5055 1779
5056 10
5057 61
5058 30
5059 36
5060 5
5061 113
5062 31
5063 86
5064 65
5065 206
5066 37
5067 12
5068 12
5069 113
5070 30
5071 10
5072 21
5073 113
5074 18
5075 25
5076 63
5077 20
5078 65
5079 113
5080 1
5081 153
5082 31
5083 147
5084 213
5085 1718
5086 31
5087 5
5088 90
5089 112
5090 5
5091 19
5092 51
5093 5
5094 1376
5095 1719
5096 185
5097 63
5098 186
5099 113
5100 8
5101 213
5102 31
5103 113
5104 20
5105 171
5106 153
5107 31
5108 206
5109 1
5110 209
5111 140
5112 213
5113 209
5114 213
5115 135
5116 140
5117 5
5118 1795
5119 130
5120 302
5121 251
5122 65
5123 35
5124 90
5125 147
5126 1341
5127 186
5128 57
5129 15
5130 167
5131 251
5132 245
5133 183
5134 147
5135 90
5136 1
5137 147
5138 5
5139 153
5140 19
5141 5
5142 113
5143 5
5144 1
5145 1157
5146 94
5147 90
5148 10
5149 185
5150 46
5151 65
5152 1
5153 19
5154 30
5155 113
5156 17
5157 35
5158 5
5159 147
5160 35
5161 36
5162 113
5163 63
5164 302
5165 171
5166 147
5167 302
5168 55
5169 51
5170 2
5171 30
5172 57
5173 90
5174 30
5175 51
5176 1721
5177 51
5178 186
5179 14
5180 35
5181 113
5182 1775
5183 65
5184 147
5185 31
5186 94
5187 90
5188 94
5189 1
5190 1795
5191 185
5192 51
5193 113
5194 31
5195 140
5196 61
5197 51
5198 135
5199 15
5200 19
5201 94
5202 302
5203 31
5204 113
5205 5
5206 31
5207 213
5208 1722
5209 18
5210 31
5211 186
5212 147
5213 251
5214 51
5215 35
5216 113
5217 65
5218 183
5219 131
5220 7
5221 30
5222 113
5223 167
5224 65
5225 12
5226 57
5227 5
5228 36
5229 55
5230 185
5231 7
5232 11
5233 51
5234 130
5235 65
5236 185
5237 153
5238 32
5239 37
5240 11
5241 63
5242 46
5243 65
5244 879
5245 46
5246 54
5247 185
5248 886
5249 31
5250 35
5251 20
5252 102
5253 1723
5254 25
5255 113
5256 102
5257 251
5258 65
5259 1795
5260 21
5261 147
5262 21
5263 11
5264 31
5265 10
5266 113
5267 42
5268 10
5269 10
5270 147
5271 7
5272 20
5273 14
5274 90
5275 147
5276 30
5277 102
5278 20
5279 255
5280 302
5281 37
5282 5
5283 63
5284 113
5285 206
5286 65
5287 35
5288 65
5289 147
5290 35
5291 65
5292 140
5293 19
5294 1
5295 213
5296 17
5297 185
5298 113
5299 31
5300 57
5301 251
5302 10
5303 255
5304 65
5305 90
5306 65
5307 255
5308 213
5309 57
5310 140
5311 147
5312 5
5313 5
5314 1584
5315 147
5316 35
5317 135
5318 65
5319 255
5320 5
5321 113
5322 12
5323 65
5324 7
5325 209
5326 25
5327 147
5328 37
5329 10
5330 113
5331 245
5332 251
5333 147
5334 57
5335 65
5336 255
5337 1341
5338 31
5339 245
5340 147
5341 1724
5342 17
5343 57
5344 10
5345 147
5346 63
5347 147
5348 65
5349 19
5350 18
5351 94
5352 25
5353 886
5354 5
5355 94
5356 1749
5357 5
5358 21
5359 113
5360 11
5361 35
5362 185
5363 7
5364 65
5365 31
5366 113
5367 65
5368 209
5369 10
5370 1
5371 20
5372 185
5373 37
5374 1795
5375 10
5376 255
5377 1376
5378 147
5379 21
5380 19
5381 30
5382 38
5383 31
5384 46
5385 5
5386 90
5387 10
5388 2
5389 113
5390 19
5391 251
5392 1782
5393 63
5394 302
5395 5
5396 25
5397 20
5398 147
5399 113
5400 19
5401 31
5402 63
5403 55
5404 19
5405 63
5406 12
5407 65
5408 4
5409 65
5410 65
5411 63
5412 4
5413 37
5414 38
5415 19
5416 65
5417 5
5418 113
5419 2
5420 302
5421 55
5422 7
5423 94
5424 302
5425 31
5426 20
5427 245
5428 113
5429 21
5430 113
5431 1341
5432 113
5433 12
5434 65
5435 1826
5436 63
5437 1725
5438 209
5439 113
5440 65
5441 140
5442 21
5443 20
5444 31
5445 110
5446 2
5447 65
5448 213
5449 65
5450 5
5451 245
5452 245
5453 94
5454 113
5455 30
5456 19
5457 5
5458 19
5459 65
5460 213
5461 135
5462 37
5463 113
5464 183
5465 186
5466 110
5467 185
5468 1726
5469 54
5470 35
5471 102
5472 65
5473 147
5474 38
5475 135
5476 65
5477 10
5478 10
5479 51
5480 206
5481 1805
5482 18
5483 1
5484 255
5485 302
5486 213
5487 15
5488 36
5489 255
5490 1774
5491 140
5492 147
5493 35
5494 113
5495 31
5496 36
5497 113
5498 1
5499 113
5500 65
5501 171
5502 12
5503 37
5504 10
5505 1778
5506 255
5507 90
5508 18
5509 30
5510 148
5511 20
5512 213
5513 2
5514 5
5515 25
5516 113
5517 26
5518 251
5519 63
5520 51
5521 113
5522 46
5523 1
5524 209
5525 1774
5526 135
5527 147
5528 302
5529 35
5530 51
5531 57
5532 31
5533 90
5534 140
5535 63
5536 94
5537 30
5538 90
5539 86
5540 1584
5541 147
5542 12
5543 183
5544 147
5545 147
5546 30
5547 31
5548 63
5549 185
5550 255
5551 255
5552 5
5553 206
5554 19
5555 113
5556 30
5557 5
5558 90
5559 167
5560 35
5561 1727
5562 1728
5563 65
5564 30
5565 5
5566 20
5567 31
5568 21
5569 21
5570 65
5571 1341
5572 37
5573 5
5574 102
5575 102
5576 30
5577 19
5578 5
5579 147
5580 5
5581 19
5582 38
5583 15
5584 153
5585 213
5586 1
5587 65
5588 30
5589 25
5590 37
5591 1762
5592 213
5593 209
5594 90
5595 213
5596 1
5597 10
5598 19
5599 94
5600 65
5601 30
5602 25
5603 140
5604 37
5605 102
5606 31
5607 90
5608 1774
5609 63
5610 46
5611 113
5612 213
5613 20
5614 115
5615 35
5616 31
5617 37
5618 1828
5619 113
5620 167
5621 65
5622 213
5623 65
5624 51
5625 1779
5626 20
5627 5
5628 10
5629 10
5630 4
5631 8
5632 65
5633 35
5634 206
5635 302
5636 43
5637 17
5638 90
5639 35
5640 1
5641 10
5642 65
5643 113
5644 1774
5645 186
5646 35
5647 1775
5648 102
5649 1805
5650 112
5651 183
5652 10
5653 302
5654 65
5655 140
5656 147
5657 65
5658 38
5659 167
5660 30
5661 113
5662 167
5663 30
5664 10
5665 206
5666 19
5667 245
5668 19
5669 1157
5670 19
5671 20
5672 57
5673 213
5674 5
5675 30
5676 10
5677 113
5678 11
5679 65
5680 148
5681 251
5682 12
5683 113
5684 10
5685 10
5686 1
5687 65
5688 5
5689 31
5690 5
5691 206
5692 30
5693 19
5694 65
5695 206
5696 255
5697 5
5698 886
5699 147
5700 65
5701 90
5702 113
5703 35
5704 1779
5705 186
5706 12
5707 19
5708 65
5709 14
5710 857
5711 302
5712 31
5713 1
5714 11
5715 37
5716 19
5717 10
5718 25
5719 110
5720 19
5721 31
5722 54
5723 94
5724 206
5725 1729
5726 113
5727 65
5728 19
5729 65
5730 113
5731 51
5732 65
5733 135
5734 20
5735 1730
5736 147
5737 22
5738 20
5739 186
5740 7
5741 113
5742 1774
5743 25
5744 1773
5745 113
5746 213
5747 1
5748 147
5749 11
5750 90
5751 63
5752 21
5753 147
5754 51
5755 213
5756 30
5757 147
5758 65
5759 65
5760 65
5761 1157
5762 21
5763 113
5764 113
5765 5
5766 213
5767 113
5768 37
5769 31
5770 63
5771 1762
5772 5
5773 12
5774 46
5775 10
5776 31
5777 186
5778 30
5779 113
5780 147
5781 147
5782 18
5783 31
5784 86
5785 10
5786 1819
5787 19
5788 21
5789 20
5790 245
5791 147
5792 35
5793 113
5794 251
5795 213
5796 20
5797 37
5798 63
5799 209
5800 35
5801 1731
5802 113
5803 1795
5804 57
5805 20
5806 147
5807 20
5808 213
5809 2
5810 30
5811 5
5812 30
5813 35
5814 30
5815 102
5816 206
5817 102
5818 63
5819 302
5820 5
5821 90
5822 186
5823 65
5824 20
5825 21
5826 90
5827 131
5828 147
5829 63
5830 19
5831 5
5832 61
5833 57
5834 1764
5835 51
5836 21
5837 90
5838 10
5839 90
5840 11
5841 51
5842 54
5843 5
5844 148
5845 30
5846 112
5847 20
5848 46
5849 302
5850 5
5851 1
5852 10
5853 113
5854 886
5855 213
5856 57
5857 65
5858 5
5859 140
5860 112
5861 90
5862 113
5863 140
5864 65
5865 1732
5866 135
5867 110
5868 30
5869 5
5870 102
5871 1
5872 186
5873 12
5874 90
5875 55
5876 57
5877 10
5878 302
5879 209
5880 1733
5881 213
5882 102
5883 12
5884 65
5885 57
5886 10
5887 10
5888 21
5889 10
5890 46
5891 209
5892 30
5893 1749
5894 57
5895 113
5896 37
5897 15
5898 10
5899 19
5900 1775
5901 65
5902 37
5903 1734
5904 63
5905 37
5906 38
5907 21
5908 37
5909 65
5910 131
5911 1
5912 113
5913 183
5914 206
5915 1788
5916 1788
5917 153
5918 206
5919 185
5920 65
5921 10
5922 148
5923 90
5924 10
5925 1735
5926 113
5927 147
5928 65
5929 14
5930 30
5931 1341
5932 112
5933 31
5934 147
5935 14
5936 255
5937 65
5938 20
5939 302
5940 15
5941 63
5942 2
5943 86
5944 1779
5945 94
5946 35
5947 113
5948 26
5949 25
5950 1
5951 255
5952 10
5953 1
5954 131
5955 12
5956 65
5957 11
5958 35
5959 30
5960 113
5961 10
5962 21
5963 213
5964 25
5965 19
5966 20
5967 37
5968 1736
5969 209
5970 167
5971 31
5972 5
5973 31
5974 5
5975 113
5976 209
5977 37
5978 7
5979 10
5980 5
5981 209
5982 1
5983 30
5984 12
5985 25
5986 65
5987 186
5988 35
5989 57
5990 63
5991 148
5992 1737
5993 186
5994 5
5995 1773
5996 112
5997 65
5998 857
5999 11
6000 1774
6001 186
6002 36
6003 31
6004 37
6005 135
6006 10
6007 46
6008 113
6009 113
6010 10
6011 65
6012 255
6013 15
6014 31
6015 21
6016 1747
6017 1
6018 57
6019 147
6020 90
6021 147
6022 12
6023 94
6024 46
6025 35
6026 209
6027 131
6028 65
6029 37
6030 11
6031 11
6032 21
6033 54
6034 19
6035 10
6036 1819
6037 1778
6038 65
6039 90
6040 63
6041 255
6042 113
6043 57
6044 140
6045 10
6046 5
6047 7
6048 251
6049 25
6050 37
6051 37
6052 110
6053 65
6054 20
6055 185
6056 25
6057 251
6058 10
6059 11
6060 1157
6061 1
6062 251
6063 90
6064 30
6065 21
6066 131
6067 51
6068 302
6069 51
6070 31
6071 1
6072 245
6073 185
6074 171
6075 102
6076 113
6077 140
6078 20
6079 57
6080 21
6081 1738
6082 302
6083 1788
6084 209
6085 167
6086 26
6087 21
6088 19
6089 10
6090 7
6091 302
6092 209
6093 7
6094 32
6095 10
6096 65
6097 113
6098 5
6099 65
6100 46
6101 65
6102 18
6103 65
6104 25
6105 63
6106 18
6107 26
6108 65
6109 209
6110 54
6111 20
6112 1357
6113 94
6114 209
6115 5
6116 5
6117 1
6118 5
6119 302
6120 20
6121 113
6122 10
6123 65
6124 115
6125 20
6126 65
6127 131
6128 20
6129 57
6130 18
6131 57
6132 1782
6133 1739
6134 5
6135 35
6136 35
6137 12
6138 55
6139 57
6140 90
6141 113
6142 302
6143 25
6144 18
6145 302
6146 63
6147 26
6148 65
6149 206
6150 64
6151 31
6152 12
6153 31
6154 113
6155 51
6156 147
6157 110
6158 886
6159 206
6160 1387
6161 102
6162 213
6163 37
6164 5
6165 57
6166 46
6167 65
6168 20
6169 63
6170 31
6171 94
6172 57
6173 1157
6174 25
6175 7
6176 135
6177 255
6178 18
6179 55
6180 65
6181 1826
6182 1740
6183 30
6184 12
6185 10
6186 90
6187 32
6188 1741
6189 1828
6190 21
6191 46
6192 8
6193 7
6194 90
6195 30
6196 30
6197 65
6198 113
6199 255
6200 37
6201 14
6202 185
6203 90
6204 1747
6205 147
6206 302
6207 65
6208 10
6209 147
6210 20
6211 19
6212 5
6213 57
6214 35
6215 65
6216 167
6217 10
6218 10
6219 147
6220 20
6221 31
6222 1742
6223 57
6224 147
6225 35
6226 147
6227 153
6228 140
6229 65
6230 5
6231 206
6232 302
6233 65
6234 20
6235 37
6236 10
6237 1743
6238 153
6239 31
6240 77
6241 10
6242 879
6243 213
6244 10
6245 302
6246 251
6247 1387
6248 37
6249 1
6250 213
6251 1744
6252 94
6253 251
6254 11
