1251 46
1252 130
1253 51
1254 255
1255 32
1256 18
1257 65
1258 20
1259 57
1260 35
1261 46
1262 38
1263 5
1264 10
1265 11
1266 65
1267 12
1268 21
1269 65
1270 894
1271 65
1272 65
1273 25
1274 140
1275 10
1276 12
1277 209
1278 10
1279 19
1280 31
1281 61
1282 86
1283 2
1284 36
1285 102
1286 90
1287 12
1288 255
1289 12
1290 51
1291 1
1292 1
1293 51
1294 35
1295 90
1296 46
1297 94
1298 183
1299 57
1300 7
1301 1
1302 57
1303 19
1304 30
1305 31
1306 25
1307 57
1308 65
1309 147
1310 147
1311 147
1312 54
1313 18
1314 57
1315 20
1316 63
1317 113
1318 65
1319 46
1320 65
1321 113
1322 185
1323 113
1324 255
1325 183
1326 2
1327 148
1328 63
1329 879
1330 10
1331 65
1332 1161
1333 46
1334 31
1335 31
1336 113
1337 213
1338 30
1339 1088
1340 186
1341 1166
1342 857
1343 147
1344 35
1345 255
1346 183
1347 65
1348 12
1349 102
1350 11
1351 15
1352 1089
1353 302
1354 19
1355 185
1356 206
1357 57
1358 26
1359 17
1360 61
1361 57
1362 65
1363 102
1364 55
1365 25
1366 140
1367 113
1368 8
1369 185
1370 19
1371 302
1372 65
1373 183
1374 12
1375 19
1376 65
1377 1
1378 5
1379 115
1380 10
1381 12
1382 5
1383 57
1384 113
1385 4
1386 113
1387 12
1388 20
1389 206
1390 46
1391 55
1392 12
1393 147
1394 37
1395 30
1396 1090
1397 18
1398 2
1399 140
1400 65
1401 186
1402 36
1403 19
1404 857
1405 113
1406 57
1407 46
1408 65
1409 4
1410 31
1411 65
1412 4
1413 1
1414 153
1415 113
1416 213
1417 140
1418 167
1419 21
1420 5
1421 302
1422 147
1423 113
1424 113
1425 38
1426 5
1427 153
1428 5
1429 65
1430 213
1431 30
1432 140
1433 147
1434 140
1435 245
1436 17
1437 30
1438 36
1439 147
1440 110
1441 255
1442 46
1443 54
1444 5
1445 140
1446 20
1447 7
1448 21
1449 65
1450 113
1451 19
1452 5
1453 46
1454 1091
1455 20
1456 90
1457 19
1458 36
1459 20
1460 63
1461 18
1462 1092
1463 10
1464 908
1465 908
1466 186
1467 115
1468 2
1469 57
1470 32
1471 131
1472 245
1473 12
1474 10
1475 12
1476 10
1477 32
1478 2
1479 140
1480 209
1481 140
1482 54
1483 113
1484 19
1485 209
1486 11
1487 63
1488 8
1489 37
1490 57
1491 5
1492 10
1493 31
1494 113
1495 55
1496 21
1497 186
1498 5
1499 1
1500 185
1501 65
1502 5
1503 30
1504 10
1505 65
1506 94
1507 251
1508 5
1509 20
1510 94
1511 245
1512 30
1513 46
1514 2
1515 32
1516 30
1517 30
1518 147
1519 90
1520 115
1521 54
1522 30
1523 147
1524 2
1525 10
1526 113
1527 90
1528 213
1529 11
1530 5
1531 206
1532 206
1533 20
1534 302
1535 115
1536 11
1537 10
1538 94
1539 30
1540 37
1541 94
1542 12
1543 65
1544 245
1545 94
1546 1093
1547 65
1548 12
1549 206
1550 10
1551 65
1552 855
1553 245
1554 57
1555 90
1556 15
1557 35
1558 2
1559 63
1560 19
1561 57
1562 167
1563 57
1564 148
1565 148
1566 206
1567 115
1568 5
1569 65
1570 37
1571 12
1572 5
1573 10
1574 5
1575 10
1576 1094
1577 65
1578 65
1579 11
1580 5
1581 167
1582 251
1583 113
1584 209
1585 302
1586 32
1587 14
1588 65
1589 21
1590 19
1591 11
1592 113
1593 35
1594 113
1595 19
1596 251
1597 2
1598 2
1599 185
1600 14
1601 113
1602 251
1603 302
1604 21
1605 31
1606 10
1607 7
1608 115
1609 63
1610 245
1611 255
1612 140
1613 10
1614 147
1615 1157
1616 46
1617 302
1618 94
1619 113
1620 147
1621 32
1622 15
1623 213
1624 1095
1625 65
1626 57
1627 21
1628 206
1629 19
1630 35
1631 21
1632 20
1633 20
1634 15
1635 20
1636 183
1637 20
1638 251
1639 5
1640 302
1641 185
1642 113
1643 38
1644 77
1645 186
1646 31
1647 31
1648 65
1649 35
1650 20
1651 206
1652 245
1653 2
1654 167
1655 113
1656 21
1657 4
1658 65
1659 131
1660 2
1661 46
1662 115
1663 186
1664 22
1665 19
1666 19
1667 63
1668 35
1669 19
1670 31
1671 31
1672 1
1673 5
1674 213
1675 140
1676 1
1677 31
1678 1096
1679 147
1680 21
1681 65
1682 57
1683 63
1684 171
1685 131
1686 35
1687 255
1688 36
1689 135
1690 25
1691 57
1692 14
1693 12
1694 36
1695 20
1696 65
1697 213
1698 1166
1699 36
1700 147
1701 21
1702 183
1703 65
1704 1191
1705 185
1706 206
1707 131
1708 115
1709 20
1710 140
1711 31
1712 140
1713 1
1714 255
1715 206
1716 18
1717 113
1718 20
1719 20
1720 255
1721 10
1722 185
1723 302
1724 65
1725 35
1726 115
1727 15
1728 5
1729 35
1730 15
1731 65
1732 11
1733 63
1734 15
1735 206
1736 37
1737 57
1738 113
1739 32
1740 61
1741 38
1742 138
1743 5
1744 11
1745 245
1746 57
1747 147
1748 43
1749 63
1750 1097
1751 21
1752 54
1753 5
1754 102
1755 153
1756 113
1757 65
1758 54
1759 51
1760 1098
1761 135
1762 65
1763 10
1764 46
1765 64
1766 61
1767 10
1768 21
1769 186
1770 140
1771 20
1772 185
1773 206
1774 113
1775 113
1776 46
1777 19
1778 138
1779 32
1780 147
1781 37
1782 63
1783 54
1784 65
1785 1178
1786 1
1787 5
1788 57
1789 65
1790 65
1791 19
1792 130
1793 112
1794 183
1795 5
1796 5
1797 113
1798 65
1799 65
1800 1
1801 30
1802 15
1803 20
1804 90
1805 5
1806 112
1807 38
1808 1099
1809 181
1810 185
1811 65
1812 10
1813 31
1814 1
1815 38
1816 26
1817 38
1818 31
1819 255
1820 65
1821 38
1822 94
1823 183
1824 94
1825 140
1826 10
1827 1
1828 31
1829 1
1830 147
1831 113
1832 113
1833 30
1834 5
1835 5
1836 32
1837 302
1838 30
1839 857
1840 10
1841 147
1842 206
1843 245
1844 25
1845 51
1846 147
1847 31
1848 18
1849 113
1850 30
1851 5
1852 10
1853 46
1854 138
1855 213
1856 11
1857 102
1858 18
1859 18
1860 302
1861 209
1862 21
1863 37
1864 15
1865 10
1866 46
1867 8
1868 35
1869 20
1870 140
1871 140
1872 1
1873 46
1874 37
1875 5
1876 12
1877 57
1878 25
1879 19
1880 113
1881 255
1882 140
1883 51
1884 1100
1885 183
1886 26
1887 57
1888 57
1889 302
1890 38
1891 10
1892 54
1893 31
1894 77
1895 131
1896 25
1897 131
1898 46
1899 19
1900 46
1901 57
1902 10
1903 37
1904 63
1905 112
1906 20
1907 21
1908 213
1909 10
1910 1101
1911 10
1912 15
1913 153
1914 102
1915 37
1916 32
1917 302
1918 12
1919 148
1920 31
1921 171
1922 65
1923 12
1924 140
1925 206
1926 37
1927 102
1928 255
1929 65
1930 43
1931 57
1932 10
1933 1188
1934 10
1935 65
1936 209
1937 20
1938 112
1939 37
1940 10
1941 35
1942 43
1943 35
1944 57
1945 37
1946 2
1947 1
1948 130
1949 1178
1950 19
1951 186
1952 209
1953 191
1954 302
1955 65
1956 131
1957 183
1958 110
1959 46
1960 251
1961 5
1962 11
1963 36
1964 46
1965 185
1966 35
1967 209
1968 140
1969 302
1970 209
1971 245
1972 12
1973 61
1974 113
1975 11
1976 1
1977 12
1978 36
1979 113
1980 10
1981 54
1982 5
1983 57
1984 147
1985 38
1986 14
1987 36
1988 57
1989 65
1990 63
1991 245
1992 20
1993 110
1994 113
1995 10
1996 63
1997 10
1998 35
1999 57
2000 65
2001 54
2002 1
2003 1
2004 18
2005 54
2006 10
2007 21
2008 25
2009 12
2010 886
2011 57
2012 12
2013 302
2014 1102
2015 113
2016 30
2017 135
2018 15
2019 90
2020 209
2021 18
2022 153
2023 55
2024 113
2025 19
2026 65
2027 879
2028 4
2029 19
2030 20
2031 857
2032 35
2033 5
2034 1191
2035 206
2036 35
2037 10
2038 245
2039 113
2040 61
2041 113
2042 37
2043 302
2044 57
2045 31
2046 35
2047 302
2048 213
2049 19
2050 113
2051 30
2052 102
2053 15
2054 138
2055 26
2056 185
2057 65
2058 1
2059 61
2060 21
2061 25
2062 37
2063 302
2064 113
2065 102
2066 37
2067 55
2068 54
2069 38
2070 5
2071 4
2072 46
2073 35
2074 255
2075 102
2076 255
2077 1191
2078 46
2079 5
2080 15
2081 113
2082 30
2083 20
2084 1178
2085 131
2086 113
2087 112
2088 30
2089 86
2090 25
2091 65
2092 213
2093 11
2094 37
2095 140
2096 57
2097 30
2098 21
2099 153
2100 153
2101 57
2102 183
2103 140
2104 183
2105 2
2106 57
2107 213
2108 206
2109 19
2110 61
2111 65
2112 55
2113 1103
2114 63
2115 12
2116 10
2117 1
2118 14
2119 31
2120 102
2121 1
2122 36
2123 206
2124 90
2125 63
2126 32
2127 63
2128 147
2129 147
2130 20
2131 15
2132 63
2133 255
2134 5
2135 186
2136 18
2137 183
2138 186
2139 5
2140 1157
2141 54
2142 1178
2143 183
2144 12
2145 10
2146 35
2147 213
2148 57
2149 65
2150 5
2151 35
2152 147
2153 147
2154 94
2155 12
2156 65
2157 5
2158 1191
2159 19
2160 90
2161 209
2162 25
2163 11
2164 54
2165 19
2166 65
2167 183
2168 37
2169 54
2170 10
2171 1104
2172 10
2173 1
2174 65
2175 185
2176 54
2177 245
2178 138
2179 1
2180 11
2181 209
2182 147
2183 251
2184 19
2185 213
2186 65
2187 54
2188 55
2189 213
2190 57
2191 12
2192 65
2193 302
2194 112
2195 1105
2196 94
2197 113
2198 14
2199 5
2200 57
2201 213
2202 147
2203 32
2204 10
2205 65
2206 30
2207 5
2208 1
2209 1
2210 10
2211 183
2212 167
2213 20
2214 10
2215 31
2216 14
2217 11
2218 37
2219 1106
2220 65
2221 209
2222 20
2223 63
2224 10
2225 31
2226 35
2227 1107
2228 147
2229 110
2230 19
2231 206
2232 185
2233 5
2234 37
2235 19
2236 37
2237 1
2238 4
2239 15
2240 1108
2241 186
2242 855
2243 251
2244 1
2245 213
2246 209
2247 147
2248 113
2249 130
2250 37
2251 65
2252 147
2253 57
2254 30
2255 302
2256 25
2257 1109
2258 15
2259 147
2260 113
2261 183
2262 113
2263 255
2264 21
2265 5
2266 185
2267 51
2268 12
2269 140
2270 31
2271 302
2272 167
2273 245
2274 147
2275 31
2276 113
2277 31
2278 140
2279 10
2280 36
2281 51
2282 65
2283 113
2284 38
2285 57
2286 10
2287 18
2288 32
2289 1
2290 213
2291 140
2292 183
2293 65
2294 302
2295 183
2296 54
2297 140
2298 65
2299 90
2300 115
2301 20
2302 113
2303 167
2304 25
2305 65
2306 167
2307 1110
2308 113
2309 1111
2310 63
2311 65
2312 148
2313 94
2314 18
2315 209
2316 1
2317 25
2318 54
2319 31
2320 37
2321 19
2322 113
2323 54
2324 147
2325 19
2326 4
2327 61
2328 31
2329 15
2330 37
2331 5
2332 57
2333 54
2334 302
2335 21
2336 185
2337 35
2338 19
2339 20
2340 153
2341 1112
2342 1
2343 113
2344 65
2345 183
2346 1113
2347 65
2348 65
2349 20
2350 5
2351 140
2352 113
2353 65
2354 1
2355 31
2356 206
2357 5
2358 113
2359 61
2360 36
2361 54
2362 35
2363 183
2364 30
2365 36
2366 90
2367 113
2368 18
2369 55
2370 1114
2371 20
2372 113
2373 21
2374 10
2375 167
2376 25
2377 21
2378 302
2379 1
2380 46
2381 894
2382 12
2383 115
2384 5
2385 37
2386 209
2387 1188
2388 206
2389 1115
2390 130
2391 19
2392 102
2393 21
2394 20
2395 113
2396 153
2397 302
2398 943
2399 209
2400 2
2401 113
2402 302
2403 147
2404 1161
2405 37
2406 20
2407 943
2408 943
2409 4
2410 61
2411 5
2412 113
2413 148
2414 10
2415 54
2416 147
2417 113
2418 65
2419 5
2420 37
2421 113
2422 20
2423 5
2424 213
2425 12
2426 1116
2427 11
2428 15
2429 255
2430 153
2431 57
2432 63
2433 113
2434 209
2435 19
2436 61
2437 255
2438 1117
2439 11
2440 209
2441 10
2442 147
2443 46
2444 113
2445 4
2446 1118
2447 15
2448 1
2449 64
2450 1119
2451 30
2452 113
2453 18
2454 302
2455 65
2456 12
2457 115
2458 37
2459 37
2460 26
2461 213
2462 20
2463 65
2464 63
2465 46
2466 110
2467 110
2468 5
2469 213
2470 206
2471 57
2472 115
2473 1
2474 37
2475 25
2476 1
2477 37
2478 25
2479 147
2480 209
2481 35
2482 10
2483 131
2484 30
2485 20
2486 191
2487 36
2488 46
2489 10
2490 63
2491 206
2492 38
2493 1120
2494 55
2495 20
2496 131
2497 37
2498 11
2499 113
2500 102
2501 31
