4084 3057
10048 934
4693 1303
9188 656
6149 629
1297 3064
663 622
273 2840
181 3057
7293 3066
407 622
7920 656
4025 3064
2979 798
7056 629
3357 1412
10825 3066
170 3068
2260 3033
8268 3
7969 2840
9674 3064
1290 1303
3994 629
5444 1303
1548 656
1228 3068
4045 798
9120 2840
7067 1303
4917 3033
7192 3064
1787 1303
5905 3065
9929 629
1726 3066
10218 1303
4231 3064
7764 2840
7096 1303
3414 3033
10153 2840
5124 798
9157 629
495 3068
3390 656
209 3033
10550 1303
9563 3057
10398 1303
3696 622
7913 629
7884 656
8660 3057
2675 622
5106 3066
4873 2840
2800 1412
2705 2840
4696 629
7749 629
1685 2840
10502 3070
3731 1412
9297 3064
2225 3064
4251 1303
9509 629
1648 1479
9235 629
8002 1286
1989 958
2527 3064
8818 2840
6500 3065
7769 629
3498 3057
7447 798
6112 3068
3978 3064
5476 798
3277 798
169 629
9705 1303
5990 1303
10210 798
4409 1303
8710 1636
9328 656
1689 13
3884 3066
3490 1303
4134 798
5180 3066
7322 3064
10246 958
7526 629
7897 1412
7376 3065
5918 2840
3346 1303
6014 798
5945 2840
8203 2840
9018 1412
8649 629
5649 656
3374 798
3920 1048
9541 3064
7129 3068
2484 1412
6205 3033
6469 3066
118 3033
10213 629
2480 3064
9914 629
6305 1303
2074 622
7130 629
9205 3068
4196 3064
9819 3064
2859 3064
1323 3064
10382 3065
10425 798
10465 3066
1387 622
1045 3077
5652 2840
1051 622
9301 1303
9379 798
4156 3064
6387 622
3159 2840
2473 3066
2760 622
5105 3064
6749 3066
11108 1303
10208 1412
1966 622
3783 3057
10970 622
342 1303
7046 3064
10880 1303
2001 2840
915 2840
654 798
190 656
785 2840
10716 622
6600 3066
1142 2840
10487 3066
10815 798
6347 622
6294 622
781 656
8037 656
6918 622
7438 3066
3794 629
9310 3077
2116 958
4235 656
6096 656
633 3064
6022 3066
6982 3065
6727 3064
601 1303
4634 3070
2063 1412
6646 1412
5337 629
365 798
4716 3064
7710 622
4312 3066
67 656
1296 3064
3683 3033
6279 2840
6027 656
7556 3066
1103 622
4748 1303
1624 798
10691 622
1945 3068
10640 629
5980 622
9240 629
1246 3057
4049 3033
10736 622
8936 3033
3115 622
10667 622
8427 1303
9493 622
220 622
9955 656
3873 2840
4823 3033
7261 3064
3858 798
2702 629
3709 1303
4759 3057
10847 2840
5653 2840
10030 1303
9473 622
632 629
1891 3057
7616 3066
1215 3033
10689 3033
7272 3066
2085 1303
2585 3064
7703 3033
389 3066
9964 629
1000 2840
5657 622
4545 656
10034 629
10028 3077
2049 3033
6924 622
7942 622
10300 3064
9766 1303
6467 656
6222 3064
2084 656
4188 656
3926 3068
2836 3057
10949 1303
6788 622
7378 798
7997 3064
4371 3064
8327 3057
8661 2840
6415 3033
1238 2840
10968 3064
7812 798
4544 629
7495 3066
6370 3065
1570 798
756 622
10510 3033
11070 656
6665 3064
8410 3066
4435 798
1099 656
270 798
9482 3064
4321 622
9553 2840
6384 629
4393 3104
6517 3057
3040 3066
10914 622
7780 1303
6150 3066
2768 3068
4946 3066
2978 2840
4315 934
4460 3068
2685 3066
10898 3057
9911 622
4751 3057
11006 1303
4788 2840
2577 622
9108 1303
2177 629
7384 3064
10496 656
5911 3068
5273 629
173 629
2152 2840
10026 1303
8673 1303
3263 3065
753 3066
10678 622
6396 3064
7823 656
10428 3033
1081 629
8378 3064
3352 656
5316 1303
10702 3033
2073 3066
6713 798
1659 2840
114 656
7863 1303
6426 798
679 3066
7635 13
7684 656
8454 3066
6012 629
2283 3066
5963 1303
6455 656
10406 1303
5693 798
7740 3066
276 629
9444 3066
7166 798
7501 1303
6605 656
5381 3066
9956 798
4041 3057
6237 629
7472 3066
2407 3057
6984 1303
6524 3057
5054 1303
7282 798
4288 3064
28 3066
7927 2840
1431 3057
6028 3066
4991 622
6290 629
10120 3057
4122 629
8708 3068
5006 2487
7187 1303
6008 3066
10464 3064
5525 3057
5874 798
7231 629
8648 656
4354 2840
3941 622
10109 3066
1774 656
5554 622
1137 656
4324 798
4805 3064
4623 629
3907 1412
8375 629
10695 622
11008 1303
2249 798
8354 3064
2272 3077
3059 656
7276 629
7031 622
2874 798
9339 1303
3948 629
2857 798
234 629
2898 3057
2808 1412
8677 798
9460 3066
246 798
4675 2510
3891 3033
7825 3068
293 629
9164 3033
10258 1303
10413 1303
2075 3033
10603 3064
5014 622
9318 3064
3657 3066
747 3068
9686 3066
9168 629
5800 798
5669 2840
7596 622
2681 3065
4101 3064
2697 3064
5355 3068
6893 2840
10165 3064
6385 798
9556 656
9176 3064
1798 1412
1986 3068
8471 3035
3724 2840
10281 2840
7303 629
7880 622
1485 3064
9020 3066
2930 1398
5749 629
6480 622
6533 656
8700 1303
4850 1613
7491 3033
10620 622
9627 629
7409 1303
1796 3057
5867 3064
1519 798
4003 3066
8115 3033
2643 1303
461 798
1249 1303
6061 3064
5762 622
2108 629
3100 656
10769 2207
6639 622
9888 3066
4474 656
3597 3066
10583 656
223 1303
2794 3064
10764 2840
1191 3033
9398 2487
10056 3066
4356 3033
1071 3064
7686 622
8377 3033
8841 622
3630 629
8977 656
8290 3105
9694 622
3596 656
9896 1303
9110 3066
7306 622
2296 3106
225 656
9050 798
6894 622
5083 3064
9463 2840
798 3065
5851 3066
4290 3033
5957 3033
4717 656
10937 798
1133 1303
1885 3064
436 622
10474 3033
813 3033
1618 3064
9709 798
5849 622
7628 3068
6236 629
4 1303
7874 3066
4883 629
2913 798
9366 629
10393 1303
11095 7
2921 1412
6949 2550
3992 2840
8577 3064
9151 656
8452 1303
1324 3064
3288 3066
4447 3064
10525 3064
1912 629
125 1303
8757 3033
2511 622
9901 1814
3811 958
558 3064
10841 629
7696 3033
10236 2203
8929 798
1582 958
521 656
7994 622
7474 656
3358 2840
2593 3066
5100 958
1207 1295
979 958
7817 629
10370 622
645 3033
1620 3066
6992 656
4204 3065
10330 1303
3546 1303
3576 3064
9963 3064
2340 3066
8023 1303
8717 629
10319 622
1047 1303
9954 3064
8386 629
6203 798
8172 3057
9932 1828
4689 622
6787 798
10229 798
9561 1303
2984 798
391 3068
4157 3057
5177 2840
1835 1412
2094 3068
680 3033
6126 3064
6991 1608
655 1303
7960 3064
9938 798
3727 3066
3817 2840
8894 2509
9807 798
672 3066
9530 3057
3580 3066
735 3066
6563 3066
5820 3066
10332 3066
8558 629
466 3066
3971 629
1498 622
9275 622
10427 3066
10725 3033
5114 629
5214 1303
7443 622
2703 3066
10570 1303
4607 622
5772 3068
3497 656
9675 798
3279 1303
3068 1412
9153 3064
8474 3066
1286 622
9118 629
6252 1303
6148 3057
10864 3065
7579 656
6773 3066
1257 629
3587 1303
5149 622
4077 656
5738 3065
3121 798
3078 622
8047 2840
10754 798
6795 3068
2899 629
3353 3057
7664 2840
2241 3064
6922 3064
9695 798
5377 3066
8515 1412
8210 1303
3795 2840
9445 3033
4528 3066
4810 629
2786 3057
4059 622
3726 3057
3089 3057
9231 798
4864 3066
5883 656
9605 3066
3570 629
7640 3077
3396 3065
8619 3066
4635 2840
8643 798
6885 1821
10713 809
5022 3066
10381 1303
9777 2840
268 798
7104 3066
8744 622
3673 3066
5701 629
700 937
4011 2840
2230 614
9592 3066
3383 958
6136 798
10503 1303
6389 622
10530 1303
7304 3068
7946 3033
9074 3066
10180 1303
4557 629
9998 798
10511 1412
