14415 1650
14416 1566
14417 1626
14418 2945
14419 2942
14420 1355
14421 1626
14422 1355
14423 2943
14424 1650
14425 1626
14426 1352
14427 1355
14428 2729
14429 2942
14430 1355
14431 2945
14432 2945
14433 1352
14434 1355
14435 2945
14436 1355
14437 1355
14438 1650
14439 2942
14440 2942
14441 2946
14442 1650
14443 1355
14444 1355
14445 2948
14446 1355
14447 1355
14448 2949
14449 2950
14450 1650
14451 1650
14452 1626
14453 1355
14454 2945
14455 1355
14456 1626
14457 1650
14458 2948
14459 1355
14460 1355
14461 1650
14462 1355
14463 1355
14464 1355
14465 1355
14466 1355
14467 2945
14468 1355
14469 1355
14470 2948
14471 1355
14472 1355
14473 1355
14474 1355
14475 3090
14476 1626
14477 3091
14478 1626
14479 1352
14480 1626
14481 2942
14482 1626
14483 3092
14484 2942
14485 2948
14486 1355
14487 1355
14488 1355
14489 1626
14490 1355
14491 1626
14492 1352
14493 1355
14494 1650
14495 1626
14496 1355
14497 1355
14498 1650
14499 1352
14500 1355
14501 1626
14502 1650
14503 1650
14504 1355
14505 2948
14506 1355
14507 2948
14508 2945
14509 1355
14510 1355
14511 1355
14512 1352
14513 2945
14514 1650
14515 1355
14516 1900
14517 474
14518 1355
14519 1914
14520 2942
14521 1650
14522 1626
14523 1650
14524 1650
14525 2942
14526 1626
14527 1650
14528 2945
14529 2949
14530 1650
14531 1355
14532 1352
14533 2945
14534 1355
14535 2948
14536 1355
14537 1626
14538 1355
14539 1355
14540 2942
14541 2945
14542 1355
14543 3093
14544 1355
14545 2943
14546 1650
14547 1626
14548 1355
14549 1355
14550 1352
14551 1626
14552 1355
14553 1355
14554 1355
14555 2950
14556 791
14557 1358
14558 2946
14559 1355
14560 1626
14561 1626
14562 1626
14563 1650
14564 1355
14565 1355
14566 1355
14567 1355
14568 1021
14569 1355
14570 1626
14571 1650
14572 1626
14573 1355
14574 2961
14575 1650
14576 1355
14577 1355
14578 1355
14579 1626
14580 1650
14581 2942
14582 2942
14583 1355
14584 1355
14585 1348
14586 1355
14587 1566
14588 1650
14589 1650
14590 1626
14591 1355
14592 2943
14593 2948
14594 1626
14595 1626
14596 1352
14597 2948
14598 1355
14599 1355
14600 2945
14601 3013
14602 1355
14603 1355
14604 1355
14605 1650
14606 1626
14607 1650
14608 1355
14609 474
14610 1626
14611 1355
14612 1626
14613 1626
14614 1626
14615 1626
14616 2948
14617 2945
14618 1355
14619 1626
14620 1352
14621 1626
14622 1626
14623 1355
14624 1355
14625 1626
14626 1650
14627 1650
14628 1355
14629 1355
14630 2942
14631 1650
14632 1626
14633 2942
14634 1355
14635 1355
14636 2942
14637 1650
14638 3096
14639 1355
14640 1355
14641 2900
14642 2729
14643 2961
14644 1566
14645 2961
14646 2729
14647 2963
14648 1358
14649 2908
14650 1355
14651 2908
14652 1566
14653 1566
14654 3097
14655 1566
14656 2900
14657 1533
14658 1566
14659 2908
14660 3098
14661 1900
14662 1352
14663 1566
14664 1566
14665 8
14666 2967
14667 2112
14668 2969
14669 2970
14670 2908
14671 1653
14672 1566
14673 1610
14674 1900
14675 2731
14676 1566
14677 2908
14678 2908
14679 2972
14680 2970
14681 1626
14682 1355
14683 2900
14684 2908
14685 1355
14686 1900
14687 1566
14688 2641
14689 1566
14690 1358
14691 1566
14692 836
14693 2705
14694 1566
14695 1566
14696 1352
14697 1358
14698 2970
14699 2908
14700 1564
14701 3100
14702 2908
14703 1355
14704 1566
14705 2969
14706 2908
14707 2908
14708 2975
14709 1653
14710 1199
14711 1355
14712 2731
14713 2908
14714 8
14715 1355
14716 2942
14717 2729
14718 2961
14719 1566
14720 1900
14721 2908
14722 2908
14723 2908
14724 2908
14725 1900
14726 2908
14727 1566
14728 1355
14729 2961
14730 2729
14731 2908
14732 1900
14733 2729
14734 2729
14735 2908
14736 1900
14737 2908
14738 2908
14739 2641
14740 2729
14741 2908
14742 1566
14743 1355
14744 8
14745 1566
14746 791
14747 1900
14748 2908
14749 2908
14750 33
14751 2908
14752 1352
14753 1566
14754 1355
14755 2908
14756 2970
14757 2641
14758 2908
14759 2961
14760 2169
14761 2908
14762 2908
14763 1566
14764 2975
14765 1566
14766 2908
14767 1626
14768 1566
14769 1566
14770 1626
14771 1566
14772 2908
14773 1900
14774 8
14775 2961
14776 2908
14777 2641
14778 2908
14779 2908
14780 2908
14781 2908
14782 1616
14783 2908
14784 1355
14785 2908
14786 2908
14787 2967
14788 2908
14789 2908
14790 1566
14791 2908
14792 2908
14793 2908
14794 1355
14795 2908
14796 2972
14797 1355
14798 8
14799 2908
14800 2963
14801 2731
14802 2908
14803 3101
14804 2908
14805 1566
14806 2908
14807 2961
14808 2641
14809 2961
14810 1355
14811 2908
14812 1355
14813 3102
14814 1355
14815 2731
14816 2908
14817 1358
14818 2961
14819 2729
14820 2908
14821 2908
14822 2729
14823 2961
14824 2729
14825 2961
14826 2961
14827 1566
14828 1566
14829 1355
14830 2729
14831 2908
14832 2908
14833 2961
14834 2908
14835 1355
14836 2900
14837 2908
14838 2961
14839 2729
14840 1900
14841 1900
14842 1566
14843 2641
14844 2908
14845 2908
14846 1566
14847 1566
14848 2731
14849 1566
14850 1355
14851 2961
14852 2908
14853 1566
14854 1900
14855 2970
14856 1626
14857 3103
14858 2731
14859 2900
14860 2961
14861 1900
14862 8
14863 2908
14864 1566
14865 1566
14866 2908
14867 2961
14868 2908
14869 2908
14870 2970
14871 2961
14872 2908
14873 2900
14874 836
14875 1358
14876 2961
14877 2908
14878 2908
14879 2731
14880 2731
14881 2985
14882 2988
14883 2731
14884 1626
14885 1626
14886 2731
14887 1626
14888 2731
14889 2731
14890 2731
14891 2731
14892 2731
14893 2731
14894 2731
14895 2729
14896 2731
14897 3117
14898 2731
14899 2731
14900 2988
14901 3117
14902 2731
14903 1619
14904 2731
14905 872
14906 2729
14907 1626
14908 2731
14909 2731
14910 874
14911 2731
14912 2731
14913 1626
14914 2729
14915 2731
14916 872
14917 1626
14918 2731
14919 2985
14920 29
14921 2731
14922 2985
14923 2731
14924 2731
14925 2731
14926 2731
14927 2985
14928 872
14929 2731
14930 2908
14931 2731
14932 1566
14933 2731
14934 2731
14935 2731
14936 2729
14937 2731
14938 2731
14939 1626
14940 2731
14941 2729
14942 1610
14943 2731
14944 2729
14945 2988
14946 1566
14947 2731
14948 2731
14949 2731
14950 2729
14951 2905
14952 2729
14953 29
14954 2731
14955 2731
14956 2731
14957 2729
14958 872
14959 1626
14960 2731
14961 2729
14962 2731
14963 2731
14964 2731
14965 2731
14966 2731
14967 1566
14968 2985
14969 2731
14970 2988
14971 1626
14972 1626
14973 2731
14974 1626
14975 1626
14976 1626
14977 2985
14978 3104
14979 2908
14980 2731
14981 872
14982 2988
14983 2731
14984 2731
14985 1626
14986 2729
14987 1626
14988 1566
14989 2731
14990 2731
14991 2988
14992 2988
14993 2731
14994 2908
14995 2731
14996 2731
14997 1626
14998 1626
14999 2731
15000 2985
15001 2731
15002 2731
15003 2905
15004 2729
15005 2731
15006 2729
15007 2731
15008 2731
15009 2729
15010 1626
15011 1626
15012 2731
15013 1626
15014 1626
15015 2731
15016 2731
15017 2985
15018 2729
15019 1626
15020 1566
15021 2731
15022 1626
15023 2729
15024 2731
15025 1566
15026 2729
15027 2731
15028 2731
15029 2729
15030 2908
15031 2908
15032 2731
15033 2731
15034 2729
15035 2731
15036 2731
15037 2729
15038 2988
15039 2731
15040 29
15041 872
15042 2731
15043 2731
15044 2729
15045 2731
15046 2731
15047 2729
15048 2731
15049 2731
15050 2731
15051 2731
15052 1626
15053 2731
15054 2731
15055 1626
15056 2731
15057 2731
15058 1626
15059 2729
15060 1566
15061 2731
15062 2731
15063 2985
15064 2731
15065 2731
15066 1626
15067 2675
15068 2731
15069 1626
15070 2729
15071 2731
15072 2729
15073 2985
15074 2731
15075 1626
15076 905
15077 1566
15078 2908
15079 2729
15080 2729
15081 2729
15082 2731
15083 2731
15084 1626
15085 2731
15086 2731
15087 29
15088 1619
15089 3105
15090 2729
15091 2731
15092 2729
15093 2731
15094 2731
15095 2731
15096 2731
15097 2731
15098 2731
15099 2729
15100 2731
15101 2731
15102 2112
15103 3001
15104 2988
15105 1021
15106 3002
15107 3002
15108 2729
15109 3004
15110 2731
15111 1021
15112 2729
15113 1355
15114 2729
15115 2729
15116 3006
15117 1021
15118 415
15119 2729
15120 1900
15121 1021
15122 2112
15123 1021
15124 1355
15125 2112
15126 2112
15127 1021
15128 1021
15129 2729
15130 3001
15131 2112
15132 3001
15133 1626
15134 2729
15135 3008
15136 2729
15137 2729
15138 1355
15139 2731
15140 3106
15141 1021
15142 2729
15143 1626
15144 1021
15145 1626
15146 1021
15147 1900
15148 3001
15149 2729
15150 2729
15151 3001
15152 3001
15153 2729
15154 2731
15155 2112
15156 1021
15157 2112
15158 3001
15159 1021
15160 1021
15161 2729
15162 1355
15163 1626
15164 2729
15165 438
15166 1626
15167 3001
15168 1021
15169 2729
15170 2731
15171 2729
15172 2731
15173 1626
15174 1021
15175 3001
15176 1021
15177 2729
15178 1021
15179 2729
15180 1021
15181 1355
15182 1021
15183 1021
15184 2112
15185 2731
15186 2729
15187 1626
15188 2731
15189 2729
15190 2729
15191 2729
15192 2729
15193 1021
15194 1533
15195 2729
15196 3013
15197 1626
15198 2729
15199 1626
15200 2729
15201 2729
15202 1021
15203 2729
15204 3002
15205 1626
15206 1355
15207 2729
15208 2731
15209 2112
15210 1626
15211 1021
15212 1021
15213 1626
15214 3001
15215 2729
15216 1021
15217 1021
15218 3002
15219 2729
15220 1021
15221 1021
15222 2729
15223 1355
15224 1021
15225 1021
15226 3001
15227 2729
15228 2729
15229 1021
15230 1355
15231 1021
15232 3107
15233 3001
15234 2731
15235 2729
15236 2729
15237 3001
15238 1021
15239 3001
15240 2729
15241 2112
15242 3006
15243 2988
15244 1626
15245 2729
15246 2729
15247 2729
15248 2731
15249 3001
15250 3013
15251 3016
15252 3001
15253 438
15254 415
15255 2729
15256 1900
15257 2731
15258 1021
15259 2729
15260 2729
15261 2729
15262 2729
15263 2729
15264 2988
15265 3008
15266 3002
15267 1021
15268 2112
15269 2731
15270 3006
15271 2729
15272 1021
15273 1564
15274 2729
15275 2729
15276 1021
15277 1355
15278 2731
15279 2729
15280 1021
15281 1021
15282 2729
15283 2729
15284 3001
15285 1021
15286 3006
15287 1355
15288 2729
15289 2729
15290 1355
15291 2729
15292 2729
15293 1021
15294 2112
15295 1199
15296 2112
15297 1626
15298 2729
15299 3001
15300 3004
15301 2731
15302 1021
15303 2729
15304 2988
15305 3001
15306 1021
15307 1021
15308 2729
15309 2729
15310 2729
15311 1021
15312 1626
15313 1021
15314 3001
15315 1021
15316 2729
15317 2729
15318 2729
15319 2729
15320 3001
15321 2729
15322 2112
15323 1626
15324 1021
15325 2729
15326 2729
15327 3001
15328 2112
15329 2729
15330 1021
15331 1021
15332 3016
15333 2729
15334 2731
15335 1021
15336 1021
15337 2112
15338 2112
15339 1355
15340 3001
15341 2729
15342 3001
15343 2729
15344 2729
15345 2112
15346 1021
15347 2729
15348 2731
15349 1350
15350 2729
15351 2729
15352 2729
15353 3001
15354 2731
15355 2112
15356 3002
