8757 213
8758 65
8759 65
8760 147
8761 2389
8762 113
8763 94
8764 1
8765 65
8766 147
8767 65
8768 54
8769 2495
8770 1566
8771 65
8772 302
8773 251
8774 302
8775 20
8776 2
8777 63
8778 147
8779 63
8780 2391
8781 113
8782 65
8783 206
8784 206
8785 186
8786 185
8787 63
8788 206
8789 185
8790 20
8791 32
8792 65
8793 2392
8794 140
8795 302
8796 63
8797 65
8798 90
8799 302
8800 63
8801 153
8802 94
8803 17
8804 63
8805 5
8806 12
8807 302
8808 7
8809 251
8810 209
8811 31
8812 63
8813 251
8814 46
8815 65
8816 51
8817 140
8818 213
8819 63
8820 185
8821 147
8822 110
8823 2393
8824 63
8825 148
8826 153
8827 65
8828 251
8829 147
8830 31
8831 130
8832 206
8833 5
8834 7
8835 245
8836 30
8837 90
8838 140
8839 140
8840 46
8841 213
8842 57
8843 2463
8844 113
8845 30
8846 5
8847 65
8848 46
8849 140
8850 51
8851 302
8852 65
8853 209
8854 90
8855 2468
8856 5
8857 65
8858 90
8859 147
8860 63
8861 1
8862 30
8863 1341
8864 2394
8865 251
8866 5
8867 65
8868 30
8869 147
8870 186
8871 213
8872 36
8873 2450
8874 65
8875 206
8876 102
8877 35
8878 25
8879 10
8880 209
8881 879
8882 5
8883 302
8884 302
8885 185
8886 12
8887 65
8888 206
8889 21
8890 51
8891 65
8892 140
8893 90
8894 65
8895 5
8896 5
8897 65
8898 94
8899 1
8900 206
8901 140
8902 2462
8903 131
8904 38
8905 186
8906 1
8907 302
8908 12
8909 147
8910 5
8911 65
8912 7
8913 46
8914 1
8915 1
8916 213
8917 14
8918 51
8919 35
8920 26
8921 20
8922 255
8923 65
8924 113
8925 20
8926 148
8927 5
8928 2483
8929 302
8930 147
8931 25
8932 20
8933 65
8934 46
8935 65
8936 63
8937 5
8938 63
8939 57
8940 30
8941 65
8942 30
8943 46
8944 46
8945 181
8946 37
8947 63
8948 36
8949 1157
8950 31
8951 65
8952 65
8953 31
8954 209
8955 11
8956 147
8957 302
8958 186
8959 46
8960 209
8961 63
8962 2
8963 51
8964 26
8965 2463
8966 183
8967 31
8968 31
8969 63
8970 30
8971 5
8972 302
8973 113
8974 186
8975 35
8976 11
8977 57
8978 65
8979 113
8980 5
8981 113
8982 886
8983 65
8984 65
8985 1157
8986 21
8987 2469
8988 213
8989 31
8990 31
8991 5
8992 65
8993 113
8994 10
8995 2478
8996 1
8997 213
8998 185
8999 251
9000 30
9001 35
9002 186
9003 102
9004 113
9005 2395
9006 102
9007 113
9008 213
9009 1191
9010 148
9011 302
9012 5
9013 31
9014 147
9015 51
9016 2428
9017 140
9018 112
9019 65
9020 140
9021 113
9022 2226
9023 46
9024 7
9025 46
9026 30
9027 63
9028 31
9029 2397
9030 65
9031 140
9032 46
9033 37
9034 63
9035 31
9036 31
9037 12
9038 10
9039 251
9040 171
9041 251
9042 147
9043 255
9044 20
9045 30
9046 206
9047 31
9048 113
9049 185
9050 113
9051 20
9052 147
9053 7
9054 14
9055 213
9056 25
9057 65
9058 94
9059 153
9060 167
9061 31
9062 5
9063 25
9064 131
9065 147
9066 879
9067 14
9068 206
9069 65
9070 21
9071 2429
9072 213
9073 57
9074 94
9075 302
9076 63
9077 130
9078 1994
9079 302
9080 185
9081 37
9082 65
9083 65
9084 25
9085 46
9086 110
9087 2482
9088 185
9089 20
9090 57
9091 1157
9092 206
9093 65
9094 65
9095 213
9096 5
9097 2398
9098 35
9099 5
9100 147
9101 65
9102 7
9103 113
9104 65
9105 857
9106 65
9107 130
9108 255
9109 2399
9110 138
9111 2400
9112 65
9113 206
9114 186
9115 147
9116 213
9117 255
9118 26
9119 147
9120 65
9121 10
9122 183
9123 37
9124 302
9125 5
9126 14
9127 46
9128 90
9129 31
9130 46
9131 94
9132 46
9133 206
9134 57
9135 36
9136 186
9137 140
9138 65
9139 112
9140 147
9141 115
9142 140
9143 1611
9144 7
9145 2
9146 206
9147 63
9148 65
9149 65
9150 11
9151 102
9152 140
9153 130
9154 21
9155 57
9156 140
9157 5
9158 147
9159 147
9160 63
9161 21
9162 147
9163 185
9164 14
9165 209
9166 46
9167 26
9168 209
9169 15
9170 30
9171 65
9172 94
9173 57
9174 130
9175 54
9176 2402
9177 1157
9178 35
9179 302
9180 5
9181 65
9182 167
9183 206
9184 140
9185 255
9186 1
9187 31
9188 148
9189 21
9190 94
9191 51
9192 43
9193 1
9194 167
9195 20
9196 35
9197 140
9198 63
9199 102
9200 65
9201 30
9202 94
9203 5
9204 65
9205 31
9206 113
9207 167
9208 65
9209 167
9210 209
9211 30
9212 21
9213 31
9214 46
9215 213
9216 90
9217 140
9218 35
9219 206
9220 147
9221 94
9222 2403
9223 5
9224 213
9225 5
9226 302
9227 30
9228 147
9229 206
9230 110
9231 15
9232 886
9233 140
9234 51
9235 186
9236 46
9237 11
9238 186
9239 2457
9240 63
9241 2404
9242 209
9243 2405
9244 25
9245 185
9246 5
9247 65
9248 147
9249 209
9250 130
9251 31
9252 1
9253 65
9254 25
9255 302
9256 94
9257 11
9258 31
9259 251
9260 185
9261 186
9262 11
9263 1
9264 113
9265 30
9266 1
9267 37
9268 1
9269 25
9270 1
9271 14
9272 11
9273 153
9274 1191
9275 31
9276 31
9277 90
9278 112
9279 2406
9280 94
9281 135
9282 113
9283 148
9284 185
9285 171
9286 1
9287 30
9288 25
9289 12
9290 31
9291 209
9292 130
9293 2408
9294 112
9295 51
9296 65
9297 63
9298 302
9299 90
9300 30
9301 130
9302 63
9303 5
9304 63
9305 140
9306 31
9307 57
9308 94
9309 20
9310 1
9311 148
9312 30
9313 20
9314 54
9315 11
9316 31
9317 31
9318 65
9319 5
9320 63
9321 302
9322 113
9323 302
9324 147
9325 30
9326 31
9327 302
9328 5
9329 206
9330 206
9331 5
9332 147
9333 65
9334 147
9335 51
9336 65
9337 140
9338 1
9339 251
9340 140
9341 30
9342 4
9343 186
9344 63
9345 31
9346 147
9347 213
9348 140
9349 186
9350 2409
9351 147
9352 1
9353 57
9354 94
9355 37
9356 110
9357 213
9358 130
9359 2
9360 51
9361 5
9362 21
9363 115
9364 65
9365 65
9366 65
9367 31
9368 185
9369 185
9370 51
9371 65
9372 115
9373 14
9374 181
9375 11
9376 2
9377 63
9378 31
9379 147
9380 90
9381 21
9382 5
9383 1
9384 90
9385 2410
9386 65
9387 65
9388 185
9389 7
9390 25
9391 65
9392 57
9393 61
9394 213
9395 46
9396 51
9397 2411
9398 130
9399 147
9400 209
9401 35
9402 51
9403 102
9404 30
9405 206
9406 65
9407 147
9408 1552
9409 5
9410 302
9411 110
9412 213
9413 94
9414 185
9415 57
9416 19
9417 2495
9418 90
9419 25
9420 1997
9421 251
9422 140
9423 31
9424 1997
9425 31
9426 206
9427 46
9428 213
9429 90
9430 30
9431 147
9432 25
9433 209
9434 206
9435 31
9436 130
9437 153
9438 206
9439 302
9440 94
9441 15
9442 213
9443 167
9444 171
9445 90
9446 10
9447 147
9448 113
9449 167
9450 5
9451 113
9452 65
9453 63
9454 54
9455 5
9456 65
9457 206
9458 140
9459 2218
9460 65
9461 65
9462 183
9463 2226
9464 65
9465 213
9466 7
9467 183
9468 5
9469 1191
9470 20
9471 186
9472 302
9473 65
9474 147
9475 46
9476 1191
9477 18
9478 37
9479 63
9480 206
9481 65
9482 20
9483 186
9484 65
9485 26
9486 63
9487 65
9488 90
9489 113
9490 65
9491 110
9492 57
9493 186
9494 5
9495 130
9496 63
9497 1
9498 302
9499 140
9500 113
9501 18
9502 5
9503 191
9504 2218
9505 112
9506 147
9507 147
9508 65
9509 26
9510 186
9511 1382
9512 65
9513 140
9514 65
9515 65
9516 11
9517 46
9518 30
9519 90
9520 57
9521 65
9522 46
9523 102
9524 26
9525 2
9526 2492
9527 15
9528 25
9529 30
9530 2412
9531 46
9532 112
9533 11
9534 113
9535 90
9536 302
9537 113
9538 2429
9539 46
9540 113
9541 153
9542 31
9543 20
9544 31
9545 2469
9546 213
9547 302
9548 185
9549 206
9550 57
9551 31
9552 65
9553 213
9554 2483
9555 186
9556 94
9557 1
9558 857
9559 94
9560 51
9561 206
9562 1774
9563 30
9564 65
9565 113
9566 130
9567 26
9568 147
9569 94
9570 209
9571 186
9572 206
9573 147
9574 148
9575 63
9576 90
9577 5
9578 90
9579 886
9580 7
9581 35
9582 5
9583 7
9584 302
9585 7
9586 2413
9587 65
9588 5
9589 302
9590 46
9591 186
9592 30
9593 112
9594 213
9595 30
9596 20
9597 138
9598 2414
9599 11
9600 30
9601 302
9602 65
9603 2496
9604 302
9605 130
9606 2490
9607 2457
9608 130
9609 140
9610 185
9611 11
9612 130
9613 30
9614 65
9615 110
9616 25
9617 14
9618 186
9619 147
9620 206
9621 30
9622 209
9623 130
9624 148
9625 251
9626 65
9627 12
9628 1
9629 65
9630 2492
9631 147
9632 31
9633 113
9634 112
9635 2415
9636 31
9637 186
9638 251
9639 2483
9640 46
9641 7
9642 1997
9643 113
9644 206
9645 25
9646 185
9647 206
9648 5
9649 147
9650 302
9651 186
9652 130
9653 186
9654 65
9655 90
9656 102
9657 206
9658 2416
9659 2495
9660 65
9661 57
9662 185
9663 30
9664 183
9665 7
9666 2490
9667 2468
9668 46
9669 148
9670 7
9671 206
9672 63
9673 46
9674 113
9675 25
9676 147
9677 147
9678 21
9679 113
9680 153
9681 30
9682 90
9683 131
9684 213
9685 206
9686 21
9687 20
9688 186
9689 25
9690 183
9691 36
9692 879
9693 65
9694 30
9695 30
9696 185
9697 25
9698 147
9699 2469
9700 115
9701 65
9702 65
9703 113
9704 94
9705 147
9706 147
9707 7
9708 5
9709 147
9710 65
9711 113
9712 63
9713 140
9714 2450
9715 5
9716 57
9717 213
9718 2469
9719 147
9720 31
9721 1631
9722 65
9723 147
9724 2417
9725 302
9726 302
9727 12
9728 2462
9729 65
9730 5
9731 167
9732 25
9733 213
9734 209
9735 7
9736 20
9737 113
9738 90
9739 213
9740 5
9741 31
9742 102
9743 147
9744 30
9745 57
9746 213
9747 183
9748 113
9749 1805
9750 148
9751 206
9752 2469
9753 31
9754 130
9755 183
9756 20
9757 2496
9758 63
9759 36
9760 1
9761 46
9762 20
9763 4
9764 94
9765 5
9766 1
9767 2428
9768 30
9769 35
9770 35
9771 65
9772 2
9773 8
9774 20
9775 5
9776 31
9777 31
9778 206
9779 251
9780 186
9781 30
9782 251
9783 25
9784 5
9785 7
9786 2478
9787 30
9788 206
9789 30
9790 30
9791 186
9792 147
9793 90
9794 31
9795 65
9796 148
9797 113
9798 209
9799 90
9800 51
9801 113
9802 302
9803 7
9804 213
9805 65
9806 113
9807 63
9808 2
9809 5
9810 94
9811 20
9812 186
9813 302
9814 46
9815 167
9816 31
9817 14
9818 31
9819 15
9820 2469
9821 18
9822 63
9823 113
9824 302
9825 213
9826 30
9827 185
9828 37
9829 2418
9830 57
9831 2463
9832 113
9833 302
9834 31
9835 31
9836 46
9837 31
9838 186
9839 57
9840 147
9841 185
9842 2420
9843 213
9844 209
9845 65
9846 1566
9847 46
9848 7
9849 94
9850 113
9851 65
9852 1161
9853 113
9854 5
9855 65
9856 25
9857 147
9858 51
9859 20
9860 2453
9861 147
9862 147
9863 1
9864 65
9865 185
9866 20
9867 2421
9868 31
9869 167
9870 65
9871 20
9872 130
9873 302
9874 11
9875 147
9876 31
9877 31
9878 186
9879 113
9880 147
9881 112
9882 147
9883 213
9884 65
9885 20
9886 2453
9887 90
9888 1571
9889 31
9890 17
9891 2496
9892 886
9893 186
9894 113
9895 147
9896 18
9897 31
9898 65
9899 5
9900 183
9901 26
9902 65
9903 11
9904 113
9905 209
9906 25
9907 147
9908 1
9909 147
9910 1616
9911 31
9912 110
9913 19
9914 5
9915 90
9916 1191
9917 54
9918 35
9919 65
9920 31
9921 2422
9922 19
9923 65
9924 112
9925 135
9926 30
9927 186
9928 1380
9929 35
9930 2482
9931 148
9932 1547
9933 147
9934 140
9935 38
9936 65
9937 17
9938 30
9939 147
9940 21
9941 302
9942 20
9943 94
9944 113
9945 31
9946 879
9947 1
9948 31
9949 112
9950 147
9951 148
9952 2423
9953 63
9954 31
9955 7
9956 38
9957 31
9958 1
9959 1
9960 21
9961 2424
9962 7
9963 2425
9964 140
9965 43
9966 302
9967 7
9968 147
9969 20
9970 94
9971 35
9972 90
9973 5
9974 2426
9975 46
9976 206
9977 213
9978 148
9979 57
9980 135
9981 57
9982 1157
9983 38
9984 11
9985 20
9986 147
9987 31
9988 63
9989 302
9990 113
9991 113
9992 5
9993 11
9994 2483
9995 255
9996 186
9997 31
9998 2009
9999 5
10000 11
10001 55
10002 65
10003 2483
10004 302
10005 7
10006 2478
10007 213
