17514 147
17515 186
17516 147
17517 147
17518 186
17519 1
17520 186
17521 147
17522 2226
17523 206
17524 147
17525 2
17526 209
17527 147
17528 110
17529 4330
17530 147
17531 209
17532 148
17533 147
17534 1994
17535 54
17536 35
17537 46
17538 4338
17539 37
17540 206
17541 206
17542 113
17543 186
17544 15
17545 147
17546 4288
17547 147
17548 38
17549 167
17550 186
17551 186
17552 251
17553 113
17554 4289
17555 113
17556 206
17557 1566
17558 209
17559 186
17560 147
17561 186
17562 4338
17563 113
17564 1994
17565 302
17566 15
17567 186
17568 879
17569 147
17570 25
17571 4290
17572 147
17573 115
17574 186
17575 37
17576 2226
17577 25
17578 147
17579 4291
17580 147
17581 886
17582 209
17583 2761
17584 206
17585 1
17586 302
17587 14
17588 30
17589 186
17590 4356
17591 102
17592 113
17593 26
17594 147
17595 147
17596 30
17597 113
17598 57
17599 886
17600 186
17601 147
17602 51
17603 147
17604 186
17605 35
17606 167
17607 102
17608 31
17609 46
17610 206
17611 147
17612 147
17613 4356
17614 206
17615 1166
17616 147
17617 302
17618 186
17619 147
17620 302
17621 147
17622 113
17623 135
17624 20
17625 209
17626 51
17627 43
17628 2761
17629 1406
17630 37
17631 135
17632 302
17633 879
17634 1191
17635 186
17636 26
17637 147
17638 115
17639 186
17640 302
17641 51
17642 302
17643 65
17644 51
17645 185
17646 206
17647 147
17648 51
17649 135
17650 147
17651 46
17652 147
17653 147
17654 879
17655 147
17656 186
17657 51
17658 186
17659 46
17660 147
17661 46
17662 185
17663 147
17664 147
17665 153
17666 255
17667 147
17668 213
17669 1994
17670 302
17671 30
17672 147
17673 115
17674 186
17675 186
17676 12
17677 147
17678 1157
17679 147
17680 65
17681 4292
17682 147
17683 186
17684 206
17685 191
17686 113
17687 90
17688 102
17689 1994
17690 46
17691 302
17692 186
17693 51
17694 42
17695 113
17696 2761
17697 113
17698 46
17699 1994
17700 51
17701 113
17702 26
17703 186
17704 302
17705 65
17706 113
17707 147
17708 1997
17709 113
17710 186
17711 113
17712 4335
17713 1157
17714 147
17715 112
17716 14
17717 147
17718 65
17719 1994
17720 1406
17721 1994
17722 302
17723 147
17724 302
17725 206
17726 113
17727 209
17728 302
17729 186
17730 35
17731 35
17732 879
17733 113
17734 2813
17735 113
17736 86
17737 213
17738 147
17739 186
17740 147
17741 35
17742 86
17743 37
17744 147
17745 37
17746 5
17747 186
17748 209
17749 77
17750 2226
17751 113
17752 5
17753 1994
17754 147
17755 171
17756 32
17757 147
17758 186
17759 147
17760 7
17761 51
17762 302
17763 46
17764 255
17765 206
17766 147
17767 135
17768 46
17769 186
17770 206
17771 186
17772 186
17773 186
17774 186
17775 2813
17776 251
17777 2226
17778 186
17779 185
17780 302
17781 255
17782 147
17783 186
17784 113
17785 51
17786 2761
17787 206
17788 206
17789 86
17790 206
17791 1157
17792 186
17793 51
17794 185
17795 54
17796 147
17797 186
17798 14
17799 147
17800 30
17801 4335
17802 302
17803 46
17804 46
17805 42
17806 186
17807 147
17808 206
17809 1997
17810 51
17811 51
17812 147
17813 147
17814 5
17815 206
17816 147
17817 186
17818 206
17819 206
17820 186
17821 5
17822 147
17823 110
17824 147
17825 4352
17826 32
17827 186
17828 206
17829 51
17830 186
17831 186
17832 206
17833 63
17834 1
17835 2761
17836 186
17837 186
17838 186
17839 113
17840 255
17841 879
17842 147
17843 209
17844 26
17845 2226
17846 51
17847 2469
17848 147
17849 147
17850 86
17851 147
17852 1157
17853 186
17854 4293
17855 113
17856 186
17857 186
17858 4294
17859 213
17860 186
17861 147
17862 113
17863 55
17864 147
17865 147
17866 4397
17867 4295
17868 54
17869 113
17870 147
17871 186
17872 186
17873 186
17874 4296
17875 153
17876 4297
17877 110
17878 113
17879 186
17880 1566
17881 90
17882 147
17883 86
17884 1341
17885 51
17886 55
17887 51
17888 186
17889 147
17890 147
17891 147
17892 2226
17893 147
17894 147
17895 51
17896 147
17897 1
17898 51
17899 17
17900 147
17901 186
17902 113
17903 857
17904 15
17905 35
17906 147
17907 251
17908 51
17909 147
17910 147
17911 147
17912 46
17913 4356
17914 51
17915 186
17916 251
17917 51
17918 51
17919 186
17920 1157
17921 113
17922 206
17923 213
17924 209
17925 51
17926 55
17927 147
17928 7
17929 115
17930 37
17931 30
17932 186
17933 54
17934 86
17935 213
17936 186
17937 186
17938 51
17939 186
17940 113
17941 51
17942 209
17943 886
17944 2226
17945 51
17946 2226
17947 51
17948 1997
17949 2469
17950 37
17951 186
17952 7
17953 1191
17954 171
17955 57
17956 113
17957 15
17958 185
17959 186
17960 186
17961 1994
17962 26
17963 37
17964 46
17965 37
17966 879
17967 113
17968 86
17969 113
17970 51
17971 102
17972 206
17973 46
17974 112
17975 102
17976 2813
17977 38
17978 19
17979 186
17980 147
17981 22
17982 1191
17983 94
17984 206
17985 1994
17986 140
17987 209
17988 186
17989 879
17990 46
17991 2226
17992 186
17993 3617
17994 51
17995 186
17996 186
17997 186
17998 46
17999 46
18000 46
18001 115
18002 185
18003 251
18004 113
18005 63
18006 186
18007 37
18008 51
18009 206
18010 185
18011 185
18012 186
18013 112
18014 51
18015 112
18016 147
18017 2226
18018 94
18019 21
18020 113
18021 2226
18022 147
18023 57
18024 46
18025 57
18026 147
18027 86
18028 186
18029 7
18030 113
18031 1191
18032 112
18033 46
18034 147
18035 206
18036 186
18037 37
18038 251
18039 2813
18040 46
18041 102
18042 57
18043 186
18044 51
18045 206
18046 46
18047 147
18048 209
18049 186
18050 186
18051 186
18052 46
18053 186
18054 147
18055 15
18056 4298
18057 113
18058 115
18059 879
18060 186
18061 186
18062 46
18063 46
18064 186
18065 36
18066 4366
18067 206
18068 1566
18069 1997
18070 46
18071 245
18072 186
18073 4126
18074 1584
18075 206
18076 113
18077 209
18078 186
18079 46
18080 113
18081 110
18082 35
18083 51
18084 879
18085 1
18086 1
18087 115
18088 113
18089 113
18090 206
18091 186
18092 113
18093 185
18094 886
18095 90
18096 186
18097 113
18098 37
18099 1157
18100 147
18101 51
18102 186
18103 1157
18104 51
18105 51
18106 86
18107 90
18108 186
18109 186
18110 112
18111 113
18112 186
18113 30
18114 37
18115 185
18116 147
18117 186
18118 1775
18119 186
18120 110
18121 113
18122 51
18123 20
18124 51
18125 185
18126 147
18127 17
18128 186
18129 113
18130 112
18131 206
18132 38
18133 186
18134 51
18135 65
18136 20
18137 186
18138 37
18139 57
18140 186
18141 113
18142 113
18143 57
18144 4299
18145 209
18146 20
18147 2469
18148 65
18149 86
18150 206
18151 186
18152 186
18153 886
18154 255
18155 186
18156 37
18157 4300
18158 4330
18159 51
18160 147
18161 1157
18162 46
18163 113
18164 206
18165 186
18166 113
18167 1566
18168 17
18169 30
18170 115
18171 186
18172 113
18173 185
18174 186
18175 12
18176 2761
18177 147
18178 113
18179 147
18180 113
18181 186
18182 51
18183 186
18184 186
18185 1994
18186 51
18187 186
18188 185
18189 26
18190 131
18191 206
18192 86
18193 2469
18194 206
18195 186
18196 186
18197 186
18198 206
18199 206
18200 206
18201 1566
18202 879
18203 51
18204 186
18205 147
18206 17
18207 86
18208 12
18209 186
18210 206
18211 186
18212 112
18213 147
18214 112
18215 147
18216 186
18217 186
18218 113
18219 186
18220 90
18221 167
18222 55
18223 1191
18224 186
18225 1775
18226 886
18227 37
18228 4323
18229 65
18230 186
18231 186
18232 113
18233 1191
18234 2469
18235 1191
18236 147
18237 186
18238 113
18239 94
18240 147
18241 37
18242 4301
18243 206
18244 186
18245 1
18246 26
18247 886
18248 51
18249 886
18250 5
18251 167
18252 4302
18253 113
18254 112
18255 1566
18256 147
18257 886
18258 147
18259 51
18260 206
18261 186
18262 186
18263 1775
18264 186
18265 147
18266 147
18267 4303
18268 886
18269 2226
18270 186
18271 94
18272 186
18273 167
18274 186
18275 113
18276 65
18277 186
18278 4352
18279 185
18280 113
18281 51
18282 185
18283 147
18284 1191
18285 186
18286 115
18287 206
18288 147
18289 65
18290 206
18291 1191
18292 115
18293 302
18294 147
18295 209
18296 185
18297 186
18298 90
18299 86
18300 185
18301 1994
18302 37
18303 147
18304 147
18305 886
18306 186
18307 4304
18308 147
18309 115
18310 186
18311 4368
18312 86
18313 65
18314 1157
18315 302
18316 1994
18317 147
18318 65
18319 886
18320 186
18321 186
18322 206
18323 115
18324 186
18325 1994
18326 4305
18327 17
18328 51
18329 206
18330 186
18331 51
18332 1994
18333 43
18334 113
18335 1994
18336 879
18337 4306
18338 4397
18339 51
18340 147
18341 2761
18342 10
18343 1994
18344 43
18345 1191
18346 185
18347 302
18348 147
18349 26
18350 1994
18351 51
18352 209
18353 57
18354 17
18355 19
18356 2226
18357 147
18358 186
18359 206
18360 1191
18361 51
18362 147
18363 186
18364 51
18365 17
18366 186
18367 10
18368 51
18369 186
18370 206
18371 1566
18372 186
18373 1191
18374 185
18375 57
18376 153
18377 1581
18378 2200
18379 31
18380 186
18381 57
18382 185
18383 51
18384 185
18385 4308
18386 886
18387 147
18388 4309
18389 147
18390 186
18391 206
18392 77
18393 186
18394 1994
18395 147
18396 186
18397 4366
18398 186
18399 51
18400 51
18401 186
18402 206
18403 186
18404 147
18405 206
18406 17
18407 185
18408 20
18409 185
18410 55
18411 51
18412 2226
18413 1157
18414 213
18415 57
18416 147
18417 185
18418 46
18419 86
18420 148
18421 209
18422 185
18423 2226
18424 147
18425 140
18426 886
18427 1
18428 206
18429 153
18430 113
18431 886
18432 186
18433 17
18434 8
18435 86
18436 46
18437 209
18438 147
18439 886
18440 209
18441 186
18442 65
18443 1994
18444 886
18445 1994
18446 147
18447 1994
18448 37
18449 886
18450 1779
18451 1994
18452 251
18453 65
18454 147
18455 17
18456 51
18457 186
18458 1191
18459 186
18460 55
18461 206
18462 57
18463 147
18464 115
18465 63
18466 5
18467 186
18468 206
18469 886
18470 140
18471 186
18472 113
18473 302
18474 206
18475 1997
18476 147
18477 185
18478 1157
18479 147
18480 51
18481 147
18482 209
18483 147
18484 209
18485 1
18486 12
18487 147
18488 51
18489 206
18490 115
18491 1997
18492 4323
18493 206
18494 186
18495 186
18496 147
18497 185
18498 147
18499 185
18500 879
18501 206
18502 206
18503 185
18504 4368
18505 20
18506 12
18507 186
18508 147
18509 879
18510 51
18511 4310
18512 147
18513 186
18514 147
18515 186
18516 32
18517 147
18518 186
18519 147
18520 54
18521 51
18522 51
18523 51
18524 251
18525 63
18526 51
18527 879
18528 51
18529 51
18530 46
18531 147
18532 147
18533 4
18534 26
18535 185
18536 51
18537 51
18538 147
18539 57
18540 147
18541 1166
18542 879
18543 51
18544 17
18545 251
18546 186
18547 35
18548 255
18549 209
18550 186
18551 51
18552 147
18553 148
18554 90
18555 51
18556 32
18557 186
18558 113
18559 153
18560 51
18561 186
18562 4311
18563 43
18564 65
18565 186
18566 206
18567 51
18568 186
18569 51
18570 147
18571 51
18572 17
18573 1157
18574 186
18575 186
18576 2226
18577 206
18578 147
18579 186
18580 147
18581 12
18582 206
18583 206
18584 147
18585 17
18586 4312
18587 186
18588 135
18589 51
18590 51
18591 51
18592 51
18593 57
18594 4313
18595 209
18596 51
18597 886
18598 147
18599 185
18600 186
18601 77
18602 113
18603 147
18604 147
18605 209
18606 51
18607 51
18608 186
18609 4314
18610 186
18611 30
18612 147
18613 90
18614 51
18615 12
18616 113
18617 1994
18618 51
18619 115
18620 32
18621 51
18622 147
18623 112
18624 153
18625 4315
18626 147
18627 186
18628 886
18629 51
18630 115
18631 209
18632 186
18633 147
18634 86
18635 32
18636 186
18637 209
18638 147
18639 2226
18640 1191
18641 1994
18642 186
18643 2029
18644 112
18645 4356
18646 2226
18647 51
18648 153
18649 209
18650 4316
18651 186
18652 147
18653 1997
18654 147
18655 209
18656 17
18657 209
18658 112
18659 1157
18660 147
18661 1191
18662 4317
18663 140
18664 147
18665 115
18666 1157
18667 147
18668 147
18669 51
18670 51
18671 90
18672 186
18673 51
18674 186
18675 2226
18676 130
18677 65
18678 186
18679 186
18680 185
18681 206
18682 147
18683 186
18684 209
18685 2226
18686 209
18687 17
18688 186
18689 1191
18690 113
18691 167
18692 65
18693 1
18694 186
18695 57
18696 54
18697 17
18698 4318
18699 51
18700 113
18701 1994
18702 185
18703 4323
18704 186
18705 1994
18706 113
18707 113
18708 206
18709 115
18710 54
18711 1988
18712 51
18713 51
18714 186
18715 1157
18716 36
18717 12
18718 112
18719 51
18720 2226
18721 2761
18722 113
18723 51
18724 51
18725 185
18726 51
18727 4319
18728 185
18729 15
18730 153
18731 206
18732 186
18733 12
18734 110
18735 51
18736 57
18737 186
18738 147
18739 10
18740 206
18741 51
18742 51
18743 886
18744 147
18745 206
18746 1191
18747 1616
18748 26
18749 113
18750 51
18751 206
18752 1994
18753 4320
18754 186
18755 206
18756 206
18757 147
18758 2226
18759 147
18760 186
18761 886
18762 1994
18763 1994
18764 186
