1 90
2 1
3 167
4 21
5 35
6 5
7 2
8 7
9 10
10 135
11 10
12 11
13 10
14 63
15 14
16 15
17 16
18 17
19 10
20 35
21 18
22 20
23 21
24 25
25 35
26 35
27 167
28 11
29 21
30 25
31 26
32 26
33 54
34 26
35 20
36 30
37 31
38 8
39 255
40 245
41 35
42 36
43 37
44 38
45 255
46 1
47 183
48 42
49 43
50 11
51 19
52 113
53 46
54 30
55 15
56 94
57 245
58 855
59 51
60 5
61 21
62 19
63 26
64 11
65 54
66 65
67 65
68 57
69 302
70 245
71 21
72 61
73 856
74 4
75 63
76 64
77 65
78 31
79 25
80 25
81 857
82 32
83 12
84 153
85 65
86 26
87 147
88 148
89 4
90 72
91 19
92 19
93 21
94 21
95 19
96 54
97 206
98 31
99 77
100 18
101 19
102 10
103 12
104 21
105 35
106 148
107 2
108 131
109 22
110 858
111 18
112 46
113 113
114 46
115 65
116 26
117 12
118 86
119 54
120 18
121 859
122 61
123 1
124 860
125 8
126 57
127 90
128 51
129 245
130 15
131 94
132 213
133 2
134 65
135 36
136 140
137 25
138 183
139 113
140 156
141 102
142 19
143 206
144 1
145 57
146 20
147 31
148 65
149 191
150 138
151 147
152 94
153 17
154 21
155 110
156 26
157 63
158 30
159 37
160 18
161 10
162 102
163 1
164 112
165 10
166 4
167 113
168 37
169 65
170 19
171 115
172 15
173 115
174 17
175 4
176 153
177 21
178 55
179 11
180 12
181 102
182 4
183 37
184 255
185 25
186 51
187 37
188 31
189 31
190 12
191 10
192 7
193 213
194 130
195 131
196 21
197 12
198 37
199 43
200 134
201 10
202 135
203 11
204 31
205 63
206 11
207 5
208 140
209 141
210 65
211 115
212 30
213 63
214 862
215 63
216 112
217 65
218 65
219 12
220 147
221 148
222 36
223 102
224 19
225 94
226 113
227 19
228 12
229 8
230 147
231 245
232 2
233 102
234 153
235 154
236 1
237 156
238 255
239 12
240 102
241 102
242 35
243 31
244 65
245 31
246 113
247 5
248 35
249 5
250 10
251 31
252 863
253 38
254 191
255 19
256 52
257 183
258 30
259 153
260 4
261 102
262 183
263 167
264 115
265 102
266 94
267 11
268 169
269 302
270 102
271 31
272 8
273 110
274 171
275 10
276 18
277 90
278 102
279 21
280 63
281 35
282 140
283 31
284 1
285 302
286 12
287 113
288 31
289 63
290 12
291 52
292 864
293 140
294 65
295 30
296 1
297 176
298 19
299 183
300 25
301 1
302 51
303 21
304 153
305 15
306 302
307 14
308 147
309 181
310 61
311 46
312 183
313 21
314 12
315 21
316 185
317 5
318 10
319 36
320 186
321 5
322 10
323 186
324 35
325 57
326 61
327 26
328 188
329 213
330 18
331 156
332 36
333 191
334 12
335 865
336 10
337 10
338 32
339 15
340 21
341 10
342 191
343 4
344 10
345 31
346 26
347 94
348 31
349 63
350 5
351 90
352 8
353 17
354 10
355 65
356 30
357 21
358 102
359 866
360 302
361 31
362 183
363 12
364 31
365 19
366 15
367 147
368 4
369 115
370 36
371 867
372 21
373 63
374 140
375 206
376 167
377 31
378 35
379 191
380 94
381 26
382 21
383 20
384 18
385 65
386 17
387 167
388 94
389 153
390 12
391 63
392 153
393 10
394 43
395 18
396 19
397 213
398 868
399 183
400 21
401 15
402 25
403 1
404 147
405 102
406 30
407 25
408 147
409 63
410 31
411 110
412 63
413 1
414 54
415 183
416 153
417 31
418 102
419 2
420 30
421 245
422 138
423 5
424 86
425 36
426 245
427 37
428 77
429 46
430 10
431 57
432 7
433 167
434 870
435 31
436 63
437 5
438 64
439 32
440 185
441 186
442 38
443 54
444 213
445 25
446 167
447 153
448 11
449 10
450 19
451 37
452 10
453 21
454 11
455 7
456 54
457 25
458 871
459 12
460 4
461 25
462 46
463 10
464 63
465 213
466 11
467 65
468 31
469 115
470 31
471 21
472 153
473 234
474 8
475 21
476 113
477 2
478 19
479 153
480 12
481 140
482 57
483 115
484 18
485 140
486 302
487 10
488 26
489 131
490 872
491 185
492 46
493 110
494 102
495 63
496 12
497 113
498 21
499 43
500 113
501 10
502 15
503 38
504 57
505 38
506 147
507 153
508 135
509 63
510 167
511 10
512 55
513 873
514 63
515 19
516 7
517 19
518 31
519 8
520 147
521 102
522 251
523 31
524 7
525 46
526 12
527 21
528 113
529 302
530 113
531 245
532 65
533 19
534 156
535 21
536 102
537 19
538 12
539 20
540 185
541 183
542 10
543 140
544 18
545 12
546 176
547 19
548 10
549 153
550 20
551 17
552 65
553 245
554 12
555 213
556 153
557 135
558 37
559 21
560 38
561 31
562 10
563 65
564 20
565 57
566 35
567 37
568 35
569 12
570 4
571 12
572 31
573 5
574 186
575 14
576 18
577 63
578 213
579 36
580 63
581 31
582 65
583 875
584 255
585 90
586 38
587 12
588 1
589 181
590 113
591 63
592 167
593 37
594 251
595 31
596 10
597 30
598 147
599 112
600 185
601 65
602 94
603 15
604 213
605 876
606 12
607 37
608 10
609 167
610 21
611 102
612 20
613 140
614 31
615 10
616 37
617 255
618 115
619 36
620 86
621 18
622 35
623 255
624 55
625 185
626 10
627 19
628 31
629 63
630 22
631 10
632 18
633 2
634 18
635 12
636 43
637 25
638 14
639 32
640 251
641 18
642 15
643 10
644 878
645 255
646 30
647 11
648 16
649 36
650 19
651 63
652 245
653 12
654 12
655 11
656 147
657 209
658 65
659 38
660 5
661 94
662 113
663 35
664 10
665 65
666 879
667 147
668 31
669 21
670 131
671 191
672 12
673 36
674 31
675 264
676 185
677 20
678 8
679 61
680 213
681 113
682 30
683 61
684 185
685 135
686 135
687 113
688 102
689 5
690 10
691 12
692 147
693 46
694 135
695 156
696 2
697 102
698 141
699 36
700 147
701 209
702 113
703 55
704 18
705 147
706 38
707 245
708 12
709 880
710 32
711 54
712 115
713 209
714 18
715 251
716 113
717 21
718 18
719 302
720 63
721 77
722 12
723 35
724 2
725 12
726 112
727 63
728 140
729 20
730 185
731 10
732 10
733 19
734 31
735 10
736 1
737 169
738 57
739 65
740 94
741 25
742 1
743 881
744 19
745 11
746 19
747 31
748 65
749 20
750 21
751 25
752 63
753 171
754 21
755 19
756 63
757 140
758 113
759 31
760 1
761 31
762 21
763 65
764 46
765 36
766 186
767 30
768 65
769 113
770 102
771 234
772 8
773 20
774 36
775 65
776 251
777 26
778 167
779 54
780 115
781 135
782 167
783 35
784 37
785 20
786 65
787 169
788 147
789 26
790 20
791 4
792 102
793 63
794 63
795 5
796 57
797 245
798 1
799 46
800 115
801 882
802 113
803 113
804 19
805 264
806 113
807 130
808 113
809 65
810 11
811 10
812 19
813 57
814 147
815 15
816 25
817 36
818 90
819 21
820 883
821 46
822 57
823 54
824 57
825 35
826 37
827 18
828 113
829 72
830 36
831 65
832 140
833 65
834 185
835 90
836 30
837 65
838 94
839 25
840 31
841 31
842 245
843 213
844 20
845 21
846 255
847 14
848 884
849 35
850 1
851 213
852 14
853 12
854 35
855 30
856 18
857 135
858 140
859 885
860 886
861 57
862 887
863 245
864 35
865 7
866 112
867 77
868 61
869 57
870 21
871 57
872 31
873 7
874 20
875 102
876 113
877 153
878 213
879 19
880 10
881 134
882 38
883 20
884 102
885 37
886 38
887 65
888 86
889 186
890 10
891 65
892 1
893 19
894 19
895 57
896 113
897 255
898 255
899 19
900 102
901 8
902 4
903 19
904 102
905 167
906 889
907 245
908 18
909 12
910 213
911 148
912 102
913 10
914 188
915 183
916 31
917 255
918 36
919 113
920 18
921 31
922 65
923 255
924 293
925 25
926 19
927 26
928 8
929 21
930 1
931 147
932 12
933 147
934 12
935 12
936 25
937 102
938 54
939 206
940 38
941 32
942 140
943 54
944 90
945 54
946 115
947 38
948 140
949 293
950 213
951 38
952 147
953 43
954 63
955 63
956 21
957 35
958 31
959 77
960 130
961 94
962 19
963 147
964 115
965 94
966 15
967 890
968 36
969 30
970 213
971 148
972 113
973 153
974 255
975 10
976 10
977 37
978 30
979 11
980 18
981 54
982 35
983 213
984 12
985 206
986 31
987 94
988 148
989 171
990 12
991 206
992 63
993 37
994 10
995 10
996 35
997 57
998 31
999 7
1000 31
1001 255
1002 65
1003 65
1004 43
1005 32
1006 11
1007 147
1008 65
1009 94
1010 185
1011 167
1012 140
1013 38
1014 57
1015 25
1016 112
1017 26
1018 213
1019 891
1020 1
1021 206
1022 12
1023 31
1024 185
1025 10
1026 147
1027 31
1028 46
1029 213
1030 35
1031 302
1032 255
1033 147
1034 11
1035 64
1036 245
1037 185
1038 63
1039 5
1040 94
1041 5
1042 140
1043 35
1044 65
1045 167
1046 12
1047 2
1048 57
1049 255
1050 1
1051 12
1052 31
1053 181
1054 153
1055 213
1056 102
1057 12
1058 19
1059 10
1060 25
1061 17
1062 135
1063 54
1064 46
1065 112
1066 65
1067 147
1068 302
1069 31
1070 110
1071 130
1072 94
1073 10
1074 10
1075 94
1076 5
1077 167
1078 153
1079 213
1080 46
1081 110
1082 65
1083 36
1084 20
1085 25
1086 115
1087 4
1088 213
1089 140
1090 148
1091 38
1092 19
1093 245
1094 57
1095 65
1096 19
1097 31
1098 19
1099 11
1100 102
1101 148
1102 8
1103 19
1104 21
1105 5
1106 10
1107 2
1108 140
1109 10
1110 31
1111 140
1112 20
1113 19
1114 302
1115 213
1116 18
1117 19
1118 102
1119 245
1120 61
1121 57
1122 1
1123 102
1124 94
1125 25
1126 20
1127 167
1128 2
1129 31
1130 61
1131 102
1132 167
1133 206
1134 37
1135 38
1136 4
1137 63
1138 51
1139 113
1140 213
1141 148
1142 183
1143 147
1144 138
1145 30
1146 15
1147 19
1148 35
1149 5
1150 38
1151 245
1152 65
1153 302
1154 102
1155 7
1156 54
1157 102
1158 31
1159 21
1160 31
1161 65
1162 19
1163 51
1164 213
1165 10
1166 213
1167 37
1168 65
1169 32
1170 302
1171 31
1172 1
1173 21
1174 21
1175 21
1176 57
1177 171
1178 11
1179 183
1180 245
1181 64
1182 2
1183 213
1184 154
1185 21
1186 102
1187 213
1188 10
1189 5
1190 19
1191 65
1192 185
1193 131
1194 113
1195 94
1196 113
1197 61
1198 167
1199 25
1200 30
1201 61
1202 302
1203 135
1204 65
1205 4
1206 112
1207 2
1208 1
1209 12
1210 245
1211 5
1212 37
1213 12
1214 30
1215 18
1216 77
1217 140
1218 65
1219 153
1220 102
1221 19
1222 65
1223 35
1224 5
1225 113
1226 245
1227 31
1228 57
1229 302
1230 42
1231 5
1232 90
1233 140
1234 5
1235 10
1236 140
1237 140
1238 5
1239 892
1240 130
1241 61
1242 113
1243 112
1244 21
1245 167
1246 65
1247 18
1248 37
1249 14
1250 893
