13279 142
13280 1214
13281 1104
13282 1214
13283 1104
13284 1214
13285 182
13286 882
13287 1214
13288 1214
13289 1214
13290 1104
13291 1214
13292 1214
13293 1214
13294 1214
13295 1214
13296 1214
13297 1214
13298 904
13299 882
13300 1214
13301 1214
13302 1214
13303 1214
13304 1214
13305 1214
13306 1214
13307 1214
13308 1214
13309 1214
13310 891
13311 1104
13312 1214
13313 172
13314 1214
13315 48
13316 1214
13317 882
13318 1214
13319 39
13320 1214
13321 1104
13322 1214
13323 1214
13324 1291
13325 884
13326 1214
13327 89
13328 1214
13329 1214
13330 1214
13331 1214
13332 600
13333 893
13334 1214
13335 1214
13336 891
13337 1214
13338 1214
13339 1214
13340 882
13341 1214
13342 922
13343 1214
13344 922
13345 1214
13346 884
13347 882
13348 1214
13349 916
13350 1126
13351 1214
13352 1214
13353 1214
13354 1214
13355 1214
13356 921
13357 1214
13358 1214
13359 882
13360 1214
13361 1214
13362 1214
13363 1214
13364 1214
13365 1214
13366 1214
13367 1104
13368 1104
13369 1214
13370 1214
13371 1214
13372 1214
13373 1214
13374 1214
13375 1214
13376 889
13377 1214
13378 1214
13379 1214
13380 891
13381 882
13382 1104
13383 882
13384 893
13385 882
13386 1214
13387 1214
13388 1214
13389 1214
13390 600
13391 1214
13392 1214
13393 1214
13394 1214
13395 1214
13396 1214
13397 1214
13398 1214
13399 1214
13400 33
13401 1214
13402 1126
13403 1214
13404 882
13405 1126
13406 1214
13407 1214
13408 916
13409 1214
13410 884
13411 1214
13412 1214
13413 1214
13414 1214
13415 1214
13416 1104
13417 1104
13418 882
13419 1214
13420 1075
13421 1214
13422 1214
13423 1214
13424 1214
13425 1214
13426 1214
13427 1214
13428 1214
13429 36
13430 882
13431 1214
13432 1214
13433 886
13434 1214
13435 882
13436 101
13437 86
13438 1214
13439 1214
13440 1214
13441 886
13442 600
13443 1214
13444 1214
13445 1294
13446 1104
13447 1214
13448 1214
13449 1214
13450 1104
13451 1214
13452 1214
13453 1107
13454 1104
13455 1293
13456 1214
13457 1447
13458 1104
13459 39
13460 600
13461 882
13462 1214
13463 886
13464 1214
13465 600
13466 1214
13467 1214
13468 1214
13469 1214
13470 1214
13471 882
13472 1214
13473 799
13474 1214
13475 1294
13476 1214
13477 89
13478 1214
13479 1214
13480 1099
13481 1214
13482 1104
13483 1214
13484 1214
13485 1294
13486 1446
13487 1214
13488 1214
13489 89
13490 110
13491 882
13492 680
13493 799
13494 1214
13495 1214
13496 1214
13497 1214
13498 1214
13499 1214
13500 39
13501 886
13502 1214
13503 39
13504 1214
13505 882
13506 101
13507 1214
13508 1214
13509 1214
13510 889
13511 1214
13512 1214
13513 882
13514 882
13515 172
13516 172
13517 172
13518 172
13519 172
13520 1214
13521 882
13522 1214
13523 1214
13524 1214
13525 1214
13526 1214
13527 1294
13528 1214
13529 1214
13530 600
13531 1214
13532 1214
13533 172
13534 1214
13535 1214
13536 886
13537 1214
13538 1214
13539 1214
13540 1214
13541 1214
13542 1214
13543 1294
13544 1294
13545 1214
13546 1214
13547 64
13548 1214
13549 1214
13550 1294
13551 172
13552 1214
13553 1214
13554 1383
13555 1214
13556 1214
13557 680
13558 1214
13559 1214
13560 884
13561 1214
13562 600
13563 39
13564 1214
13565 1214
13566 1214
13567 1214
13568 1214
13569 1214
13570 1214
13571 1214
13572 1214
13573 1214
13574 1214
13575 1214
13576 1214
13577 1214
13578 1214
13579 1214
13580 1214
13581 1214
13582 172
13583 48
13584 1214
13585 1214
13586 295
13587 904
13588 1203
13589 1214
13590 1214
13591 1214
13592 1214
13593 1449
13594 1104
13595 64
13596 64
13597 1104
13598 1104
13599 36
13600 886
13601 1214
13602 1214
13603 1214
13604 1214
13605 1214
13606 104
13607 1214
13608 1107
13609 1214
13610 1214
13611 1104
13612 1214
13613 600
13614 64
13615 1104
13616 1214
13617 882
13618 1214
13619 1214
13620 1214
13621 600
13622 884
13623 1214
13624 1104
13625 1214
13626 882
13627 886
13628 89
13629 1214
13630 104
13631 1214
13632 1214
13633 1214
13634 1214
13635 886
13636 1214
13637 1214
13638 882
13639 886
13640 1214
13641 1296
13642 1214
13643 1296
13644 1104
13645 1296
13646 889
13647 1214
13648 889
13649 886
13650 882
13651 1104
13652 1214
13653 31
13654 1294
13655 1294
13656 886
13657 600
13658 31
13659 31
13660 1126
13661 31
13662 31
13663 600
13664 1214
13665 1214
13666 1214
13667 1214
13668 172
13669 1214
13670 1214
13671 889
13672 1214
13673 64
13674 1214
13675 1107
13676 1214
13677 1214
13678 267
13679 64
13680 1214
13681 1214
13682 1107
13683 1214
13684 1214
13685 882
13686 882
13687 1214
13688 1126
13689 1214
13690 1214
13691 1214
13692 1107
13693 39
13694 1214
13695 1214
13696 921
13697 172
13698 1214
13699 1214
13700 64
13701 64
13702 55
13703 55
13704 1104
13705 55
13706 64
13707 64
13708 64
13709 64
13710 600
13711 55
13712 55
13713 155
13714 77
13715 1214
13716 799
13717 1214
13718 1214
13719 1214
13720 1297
13721 1214
13722 886
13723 1214
13724 1214
13725 1297
13726 1214
13727 886
13728 1297
13729 1297
13730 1214
13731 1214
13732 882
13733 89
13734 39
13735 882
13736 1214
13737 1214
13738 886
13739 886
13740 1214
13741 600
13742 1214
13743 1214
13744 1214
13745 1214
13746 1214
13747 1214
13748 1214
13749 1214
13750 1214
13751 1107
13752 1214
13753 1214
13754 1107
13755 1214
13756 1214
13757 1214
13758 36
13759 680
13760 1214
13761 48
13762 1214
13763 886
13764 1214
13765 1214
13766 600
13767 33
13768 1104
13769 39
13770 1214
13771 39
13772 1298
13773 127
13774 1075
13775 1214
13776 1298
13777 1214
13778 799
13779 1298
13780 886
13781 1214
13782 1452
13783 1214
13784 904
13785 1214
13786 1104
13787 1214
13788 1214
13789 1214
13790 884
13791 1214
13792 1214
13793 39
13794 1214
13795 893
13796 891
13797 884
13798 882
13799 884
13800 1104
13801 882
13802 605
13803 1214
13804 1214
13805 1214
13806 55
13807 39
13808 1104
13809 1294
13810 893
13811 33
13812 907
13813 110
13814 882
13815 76
13816 1214
13817 886
13818 886
13819 1214
13820 882
13821 155
13822 893
13823 1099
13824 680
13825 1214
13826 886
13827 882
13828 799
13829 1300
13830 1214
13831 76
13832 882
13833 1214
13834 891
13835 1214
13836 110
13837 110
13838 882
13839 891
13840 1214
13841 904
13842 882
13843 882
13844 882
13845 1214
13846 882
13847 142
13848 882
13849 172
13850 1300
13851 893
13852 891
13853 39
13854 1075
13855 1453
13856 173
13857 267
13858 70
13859 1126
13860 70
13861 77
13862 886
13863 904
13864 1104
13865 1075
13866 786
13867 889
13868 893
13869 1126
13870 893
13871 110
13872 76
13873 76
13874 889
13875 104
13876 77
13877 173
13878 1214
13879 886
13880 110
13881 172
13882 86
13883 600
13884 232
13885 295
13886 1104
13887 1214
13888 1300
13889 922
13890 922
13891 922
13892 232
13893 922
13894 922
13895 922
13896 922
13897 922
13898 882
13899 922
13900 922
13901 241
13902 1214
13903 922
13904 922
13905 922
13906 922
13907 1214
13908 922
13909 1214
13910 89
13911 922
13912 886
13913 886
13914 36
13915 922
13916 922
13917 1075
13918 1107
13919 142
13920 65
13921 886
13922 267
13923 882
13924 916
13925 904
13926 1214
13927 1214
13928 907
13929 41
13930 893
13931 922
13932 1214
13933 76
13934 922
13935 922
13936 922
13937 922
13938 36
13939 142
13940 172
13941 1104
13942 1075
13943 82
13944 104
13945 893
13946 922
13947 1086
13948 36
13949 882
13950 922
13951 1214
13952 142
13953 882
13954 1214
13955 1214
13956 1214
13957 1214
13958 1214
13959 882
13960 886
13961 922
13962 3
13963 922
13964 172
13965 172
13966 1214
13967 142
13968 1099
13969 267
13970 1214
13971 40
13972 110
13973 232
13974 886
13975 33
13976 1214
13977 1214
13978 110
13979 110
13980 1214
13981 1214
13982 1214
13983 1214
13984 172
13985 891
13986 104
13987 1126
13988 1214
13989 175
13990 882
13991 1294
13992 1214
13993 155
13994 1214
13995 110
13996 889
13997 893
13998 1303
13999 916
14000 882
14001 1294
14002 48
14003 1104
14004 60
14005 884
14006 1104
14007 1104
14008 1104
14009 110
14010 1104
14011 1104
14012 1104
14013 1104
14014 31
14015 1104
14016 1104
14017 172
14018 1126
14019 1126
14020 1104
14021 890
14022 1104
14023 106
14024 104
14025 86
14026 1444
14027 907
14028 138
14029 86
14030 886
14031 886
14032 1104
14033 1303
14034 893
14035 10
14036 1456
14037 295
14038 1104
14039 532
14040 916
14041 1104
14042 1214
14043 1224
14044 886
14045 104
14046 680
14047 1214
14048 882
14049 1214
14050 1104
14051 1454
14052 922
14053 1214
14054 882
14055 922
14056 882
14057 889
14058 922
14059 1214
14060 104
14061 1214
14062 1214
14063 110
14064 1075
14065 922
14066 127
14067 882
14068 922
14069 31
14070 86
14071 1104
14072 295
14073 1104
14074 1104
14075 155
14076 1214
14077 295
14078 127
14079 890
14080 890
14081 1214
14082 907
14083 1214
14084 77
14085 127
14086 64
14087 127
14088 64
14089 64
14090 1104
14091 916
14092 127
14093 882
14094 1214
14095 127
14096 127
14097 5
14098 127
14099 55
14100 64
14101 922
14102 1458
14103 127
14104 891
14105 127
14106 916
14107 127
14108 48
14109 886
14110 127
14111 127
14112 1214
14113 1303
14114 1214
14115 1303
14116 110
14117 41
14118 127
14119 1303
14120 127
14121 64
14122 127
14123 886
14124 127
14125 886
14126 1214
14127 127
14128 127
14129 886
14130 36
14131 7
14132 922
14133 1460
14134 916
14135 1104
14136 127
14137 1294
14138 127
14139 127
14140 1104
14141 1214
14142 14
14143 1104
14144 127
14145 1214
14146 1104
14147 36
14148 127
14149 14
14150 110
14151 127
14152 127
14153 889
14154 127
14155 1104
14156 1451
14157 922
14158 886
14159 52
14160 916
14161 14
14162 916
14163 127
14164 127
14165 127
14166 786
14167 267
14168 786
14169 1214
14170 40
14171 1294
14172 127
14173 127
14174 904
14175 232
14176 40
14177 64
14178 64
14179 14
14180 1461
14181 127
14182 1294
14183 889
14184 907
14185 127
14186 64
14187 922
14188 155
14189 40
14190 40
14191 55
14192 127
14193 40
14194 127
14195 884
14196 40
14197 127
14198 127
14199 886
14200 86
14201 40
14202 127
14203 40
14204 40
14205 1214
14206 40
14207 127
14208 127
14209 295
14210 127
14211 40
14212 40
14213 64
14214 295
14215 89
14216 907
14217 916
14218 680
14219 0
14220 127
14221 680
14222 127
14223 916
14224 1214
14225 31
14226 40
14227 40
14228 916
14229 882
14230 127
14231 127
14232 14
14233 1214
14234 89
14235 14
14236 1104
14237 1214
14238 40
14239 76
14240 146
14241 41
14242 916
14243 922
14244 40
14245 40
14246 40
14247 884
14248 1214
14249 882
14250 893
14251 916
14252 127
14253 893
14254 127
14255 127
14256 104
14257 40
14258 127
14259 127
14260 127
14261 40
14262 64
14263 1448
14264 127
14265 127
14266 1455
14267 64
14268 64
14269 64
14270 889
14271 64
14272 64
14273 64
14274 127
14275 14
14276 89
14277 241
14278 127
14279 127
14280 1126
14281 64
14282 127
14283 916
14284 799
14285 680
14286 40
14287 64
14288 127
14289 1214
14290 36
14291 86
14292 127
14293 127
14294 127
14295 916
14296 64
14297 127
14298 104
14299 31
14300 55
14301 1214
14302 127
14303 64
14304 889
14305 64
14306 127
14307 907
14308 64
14309 127
14310 55
14311 1086
14312 40
14313 1104
14314 127
14315 127
14316 14
14317 1462
14318 64
14319 893
14320 916
14321 916
14322 904
14323 64
14324 64
14325 922
14326 127
14327 64
14328 127
14329 48
14330 127
14331 916
14332 127
14333 127
14334 127
14335 64
14336 1086
14337 127
14338 889
14339 40
14340 127
14341 127
14342 41
14343 64
14344 916
14345 40
14346 680
14347 48
14348 786
14349 40
14350 48
14351 129
14352 1294
14353 127
14354 55
14355 916
14356 155
14357 146
14358 41
14359 55
14360 889
14361 55
14362 916
14363 14
14364 14
14365 104
14366 41
14367 104
14368 36
14369 886
14370 904
14371 1075
14372 12
14373 40
14374 41
14375 916
14376 127
14377 41
14378 40
14379 127
14380 127
14381 127
14382 64
14383 916
14384 1107
14385 40
14386 127
14387 904
14388 14
14389 127
14390 902
14391 173
14392 916
14393 127
14394 41
14395 127
14396 41
14397 891
14398 110
14399 41
14400 41
14401 41
14402 41
14403 41
14404 41
14405 1214
14406 41
14407 891
14408 41
14409 86
14410 41
14411 41
14412 41
14413 1293
14414 41
14415 41
14416 41
14417 1214
14418 41
14419 104
14420 41
14421 41
14422 110
14423 41
14424 41
14425 127
14426 1107
14427 41
14428 41
14429 36
14430 36
14431 36
14432 36
14433 41
14434 36
14435 1307
14436 41
14437 55
14438 127
14439 36
14440 41
14441 41
14442 127
14443 41
14444 14
14445 40
14446 64
14447 916
14448 36
14449 36
14450 41
14451 41
14452 36
14453 31
14454 36
14455 41
14456 41
14457 36
14458 36
14459 1407
14460 1107
14461 36
14462 41
14463 36
14464 36
14465 916
14466 36
14467 922
14468 41
14469 36
14470 41
14471 36
14472 41
14473 41
14474 41
14475 36
14476 36
14477 41
14478 1407
14479 41
14480 886
14481 36
14482 36
14483 41
14484 36
14485 882
14486 41
14487 127
14488 110
14489 41
14490 36
14491 36
14492 36
14493 36
14494 40
14495 886
14496 41
14497 1107
14498 41
14499 41
14500 891
14501 916
14502 41
14503 41
14504 142
14505 1307
14506 41
14507 41
14508 127
14509 41
14510 36
14511 102
14512 41
14513 86
14514 36
14515 11
14516 48
14517 110
14518 904
14519 41
14520 36
14521 891
14522 36
14523 1408
14524 916
14525 1
14526 76
14527 110
14528 889
14529 295
14530 1224
14531 41
14532 882
14533 127
14534 36
14535 104
14536 680
14537 127
14538 41
14539 36
14540 155
14541 1107
14542 1107
14543 36
14544 41
14545 14
14546 41
14547 916
14548 916
14549 295
14550 127
14551 41
14552 605
14553 110
14554 55
14555 0
14556 882
14557 36
14558 48
14559 882
14560 36
14561 41
14562 89
14563 55
14564 886
14565 40
14566 680
14567 127
14568 0
14569 41
14570 127
14571 889
14572 1308
14573 882
14574 882
14575 680
14576 36
14577 889
14578 886
14579 41
14580 36
14581 36
14582 922
14583 41
14584 31
14585 1107
14586 127
14587 104
14588 31
14589 893
14590 12
14591 1203
14592 1107
14593 890
14594 1104
14595 1107
14596 41
14597 64
14598 172
14599 110
14600 36
14601 1214
14602 172
14603 172
14604 172
14605 172
14606 55
14607 100
14608 172
14609 172
14610 14
14611 14
14612 1291
14613 33
14614 172
14615 14
14616 172
14617 31
14618 172
14619 890
14620 127
14621 884
14622 172
14623 884
14624 890
14625 55
14626 890
14627 1214
14628 172
14629 172
14630 36
14631 104
14632 232
14633 890
14634 104
14635 884
14636 172
14637 1445
14638 893
14639 893
14640 172
14641 36
14642 41
14643 786
14644 31
14645 884
14646 3
14647 172
14648 36
14649 884
14650 680
14651 1086
14652 127
14653 886
14654 886
14655 886
14656 886
14657 886
14658 886
14659 33
14660 886
14661 886
14662 886
14663 889
14664 232
14665 142
14666 889
14667 36
14668 110
14669 110
14670 893
14671 884
14672 55
14673 40
14674 89
14675 41
14676 40
14677 1107
14678 1224
14679 890
14680 41
14681 127
14682 1310
14683 41
14684 891
14685 57
14686 893
14687 41
14688 890
14689 891
14690 172
14691 172
14692 77
14693 1079
14694 41
14695 889
14696 886
14697 916
14698 1126
14699 31
14700 886
14701 890
14702 916
14703 64
14704 64
14705 1308
14706 1107
14707 173
14708 56
14709 55
14710 916
14711 886
14712 36
14713 110
14714 916
14715 889
14716 884
14717 36
14718 110
14719 241
14720 41
14721 214
14722 884
14723 36
14724 40
14725 40
14726 40
14727 40
14728 40
14729 40
14730 40
14731 1307
14732 1075
14733 40
14734 65
14735 889
14736 36
14737 172
14738 110
14739 1214
14740 890
14741 40
14742 89
14743 40
14744 1468
14745 127
14746 886
14747 40
14748 1308
14749 40
14750 884
14751 14
14752 182
14753 886
14754 886
14755 36
14756 40
14757 884
14758 40
14759 886
14760 1466
14761 884
14762 41
14763 33
14764 40
14765 890
14766 48
14767 110
14768 884
14769 110
14770 884
14771 40
14772 512
14773 886
14774 1214
14775 41
14776 40
14777 55
14778 3
14779 890
14780 890
14781 882
14782 33
14783 41
14784 33
14785 3
14786 110
14787 89
14788 786
14789 1126
14790 884
14791 36
14792 882
14793 916
14794 1308
14795 889
14796 786
14797 532
14798 884
14799 129
14800 10
14801 36
14802 882
14803 882
14804 532
14805 77
14806 104
14807 916
14808 11
14809 1126
14810 882
14811 31
14812 110
14813 1383
14814 886
14815 41
14816 3
14817 886
14818 64
14819 904
14820 882
14821 884
14822 882
14823 882
14824 1104
14825 882
14826 31
14827 267
14828 89
14829 882
14830 48
14831 1469
14832 1104
14833 786
14834 104
14835 267
14836 882
14837 890
14838 886
14839 89
14840 882
14841 890
14842 882
14843 31
14844 884
14845 129
14846 904
14847 882
14848 104
14849 904
14850 916
14851 882
14852 1075
14853 891
14854 916
14855 89
14856 40
14857 890
14858 6
14859 904
14860 890
14861 1310
14862 1310
14863 1310
14864 1086
14865 904
14866 1310
14867 1310
14868 1310
14869 155
14870 1310
14871 890
14872 904
14873 101
14874 41
14875 1310
14876 786
14877 882
14878 1464
14879 127
14880 77
14881 1310
14882 882
14883 1214
14884 904
14885 904
14886 904
14887 41
14888 904
14889 882
14890 904
14891 886
14892 890
14893 884
14894 884
14895 891
14896 882
14897 1310
14898 1214
14899 1310
14900 922
14901 82
14902 890
14903 48
14904 882
14905 1203
14906 886
14907 1075
14908 886
14909 882
14910 110
14911 172
14912 184
14913 886
14914 886
14915 1310
14916 889
14917 1310
14918 891
14919 110
14920 882
14921 1310
14922 1450
14923 904
14924 89
14925 886
14926 1310
14927 884
14928 31
14929 75
14930 272
14931 886
14932 890
14933 1214
14934 104
14935 891
14936 3
14937 1470
14938 890
14939 1294
14940 1467
14941 891
14942 890
14943 0
14944 1214
14945 33
14946 1310
14947 104
14948 898
14949 1303
14950 882
14951 55
14952 884
14953 890
14954 891
14955 182
14956 41
14957 886
14958 884
14959 127
14960 1214
14961 1224
14962 40
14963 882
14964 36
14965 886
14966 904
14967 890
14968 55
14969 1214
14970 916
14971 40
14972 55
14973 48
14974 680
14975 893
14976 155
14977 884
14978 1457
14979 882
14980 882
14981 127
14982 904
14983 884
14984 882
14985 31
14986 36
14987 904
14988 1075
14989 1310
14990 36
14991 884
14992 884
14993 82
14994 1310
14995 1310
14996 127
14997 1075
14998 1310
14999 1310
15000 890
15001 1075
15002 55
15003 172
15004 916
15005 155
15006 1407
15007 55
15008 890
15009 1214
15010 48
15011 893
15012 886
15013 86
15014 884
15015 884
15016 891
15017 1214
15018 1126
15019 1310
15020 904
15021 893
15022 890
15023 127
15024 904
15025 1310
15026 1465
15027 916
15028 6
15029 889
15030 884
15031 605
15032 127
15033 786
15034 155
15035 3
15036 786
15037 1310
15038 890
15039 33
15040 75
15041 48
15042 889
15043 904
15044 786
15045 904
15046 127
15047 680
15048 886
15049 916
15050 76
15051 1310
15052 680
15053 889
15054 884
15055 1310
15056 55
15057 886
15058 882
15059 8
15060 680
15061 889
15062 904
15063 904
15064 127
15065 82
15066 904
15067 55
15068 891
15069 104
15070 1310
15071 916
15072 55
15073 1408
15074 889
15075 904
15076 48
15077 882
15078 295
15079 922
15080 1463
15081 680
15082 76
15083 48
15084 127
15085 904
15086 1310
15087 890
15088 1310
15089 786
15090 890
15091 31
15092 904
15093 110
15094 893
15095 110
15096 799
15097 1310
15098 33
15099 33
15100 33
15101 86
15102 14
15103 70
15104 110
15105 1075
15106 33
15107 680
15108 127
15109 14
15110 886
15111 890
15112 33
15113 57
15114 1099
15115 886
15116 891
15117 1310
15118 89
15119 31
15120 882
15121 36
15122 882
15123 916
15124 33
15125 889
15126 48
15127 127
15128 891
15129 799
15130 48
15131 889
15132 41
15133 110
15134 48
15135 55
15136 889
15137 1104
15138 889
15139 86
15140 142
15141 82
15142 1310
15143 184
15144 680
15145 1214
15146 886
15147 884
15148 1471
15149 127
15150 55
15151 86
15152 8
15153 890
15154 82
15155 172
15156 1126
15157 890
15158 1472
15159 5
15160 1459
15161 1214
15162 916
15163 104
15164 172
15165 680
15166 786
15167 1473
15168 893
15169 891
15170 89
15171 1294
15172 82
15173 40
15174 1214
15175 605
