18970 50
18971 36
18972 36
18973 801
18974 50
18975 1338
18976 1297
18977 1338
18978 1297
18979 1297
18980 1338
18981 1338
18982 801
18983 1297
18984 1297
18985 801
18986 903
18987 617
18988 801
18989 27
18990 600
18991 801
18992 801
18993 801
18994 27
18995 801
18996 1339
18997 1338
18998 50
18999 27
19000 896
19001 50
19002 99
19003 801
19004 801
19005 36
19006 1297
19007 36
19008 1297
19009 1338
19010 801
19011 1338
19012 50
19013 1338
19014 801
19015 801
19016 1208
19017 1297
19018 1297
19019 1338
19020 1338
19021 36
19022 50
19023 50
19024 123
19025 1208
19026 50
19027 50
19028 1338
19029 896
19030 801
19031 50
19032 1297
19033 50
19034 1297
19035 36
19036 36
19037 1338
19038 36
19039 1208
19040 801
19041 36
19042 801
19043 801
19044 801
19045 1208
19046 801
19047 1297
19048 903
19049 27
19050 812
19051 36
19052 801
19053 1208
19054 1297
19055 27
19056 1297
19057 36
19058 1297
19059 1339
19060 1338
19061 67
19062 801
19063 50
19064 801
19065 1338
19066 1297
19067 1338
19068 1297
19069 1297
19070 896
19071 1344
19072 801
19073 896
19074 50
19075 50
19076 36
19077 1338
19078 1208
19079 36
19080 1338
19081 801
19082 801
19083 27
19084 50
19085 1338
19086 50
19087 801
19088 1297
19089 1297
19090 1338
19091 1338
19092 27
19093 1338
19094 812
19095 27
19096 1344
19097 801
19098 36
19099 801
19100 1297
19101 50
19102 1338
19103 50
19104 801
19105 1208
19106 1344
19107 1297
19108 801
19109 1208
19110 1338
19111 1297
19112 801
19113 67
19114 50
19115 1297
19116 36
19117 1297
19118 801
19119 50
19120 1297
19121 1297
19122 1297
19123 1297
19124 1297
19125 1297
19126 1297
19127 50
19128 27
19129 1338
19130 1297
19131 27
19132 1338
19133 801
19134 1208
19135 801
19136 1338
19137 36
19138 36
19139 1297
19140 1297
19141 27
19142 1297
19143 1297
19144 801
19145 1297
19146 36
19147 801
19148 1208
19149 27
19150 1297
19151 1338
19152 801
19153 617
19154 50
19155 801
19156 1297
19157 1297
19158 1338
19159 1338
19160 801
19161 1297
19162 1338
19163 36
19164 1297
19165 1338
19166 801
19167 801
19168 27
19169 801
19170 50
19171 1213
19172 50
19173 801
19174 1208
19175 801
19176 600
19177 1297
19178 1216
19179 1338
19180 801
19181 1339
19182 36
19183 1208
19184 27
19185 1338
19186 27
19187 801
19188 801
19189 27
19190 801
19191 36
19192 896
19193 1338
19194 1344
19195 1338
19196 1297
19197 1338
19198 801
19199 1338
19200 1208
19201 1297
19202 1338
19203 1216
19204 1297
19205 1297
19206 1338
19207 1338
19208 801
19209 36
19210 1297
19211 36
19212 896
19213 1213
19214 1338
19215 50
19216 801
19217 36
19218 1339
19219 1297
19220 1338
19221 1297
19222 896
19223 1208
19224 27
19225 801
19226 801
19227 896
19228 50
19229 896
19230 801
19231 36
19232 36
19233 50
19234 1213
19235 801
19236 1208
19237 801
19238 36
19239 1338
19240 1297
19241 1208
19242 1297
19243 1339
19244 1208
19245 1297
19246 36
19247 896
19248 50
19249 801
19250 1297
19251 27
19252 1208
19253 801
19254 1338
19255 1297
19256 50
19257 801
19258 1338
19259 1344
19260 1297
19261 1338
19262 1297
19263 801
19264 1297
19265 99
19266 801
19267 99
19268 1338
19269 36
19270 801
19271 1338
19272 36
19273 1338
19274 1208
19275 801
19276 1339
19277 801
19278 1061
19279 903
19280 1339
19281 1297
19282 801
19283 801
19284 50
19285 896
19286 1297
19287 801
19288 1297
19289 801
19290 1338
19291 1338
19292 1297
19293 1338
19294 1338
19295 1338
19296 801
19297 1208
19298 1297
19299 801
19300 801
19301 801
19302 801
19303 36
19304 903
19305 1297
19306 36
19307 36
19308 1339
19309 1213
19310 801
19311 36
19312 801
19313 801
19314 801
19315 1213
19316 812
19317 1208
19318 1213
19319 50
19320 1338
19321 36
19322 50
19323 27
19324 1338
19325 1344
19326 99
19327 1297
19328 1338
19329 1297
19330 801
19331 36
19332 801
19333 50
19334 801
19335 1297
19336 801
19337 1297
19338 1297
19339 50
19340 50
19341 1208
19342 50
19343 1208
19344 801
19345 1297
19346 801
19347 27
19348 801
19349 801
19350 1338
19351 36
19352 896
19353 1213
19354 801
19355 36
19356 1338
19357 50
19358 1208
19359 50
19360 50
19361 1297
19362 1061
19363 801
19364 50
19365 1297
19366 1338
19367 1338
19368 1213
19369 50
19370 27
19371 1213
19372 801
19373 27
19374 1297
19375 36
19376 1338
19377 801
19378 896
19379 1338
19380 50
19381 27
19382 27
19383 99
19384 1208
19385 801
19386 801
19387 801
19388 1338
19389 1213
19390 1061
19391 50
19392 50
19393 36
19394 1339
19395 801
19396 50
19397 36
19398 1297
19399 1344
19400 36
19401 1297
19402 27
19403 1213
19404 1339
19405 50
19406 896
19407 1297
19408 27
19409 36
19410 801
19411 36
19412 50
19413 36
19414 36
19415 50
19416 36
19417 50
19418 1297
19419 36
19420 903
19421 50
19422 36
19423 801
19424 1338
19425 801
19426 36
19427 1297
19428 1338
19429 801
19430 801
19431 1338
19432 801
19433 1208
19434 801
19435 801
19436 801
19437 801
19438 1297
19439 27
19440 801
19441 27
19442 1297
19443 36
19444 123
19445 801
19446 801
19447 50
19448 1338
19449 1297
19450 801
19451 1338
19452 801
19453 801
19454 27
19455 50
19456 1339
19457 801
19458 50
19459 1208
19460 801
19461 801
19462 1208
19463 50
19464 1213
19465 1338
19466 50
19467 1297
19468 600
19469 50
19470 823
19471 1297
19472 36
19473 36
19474 801
19475 1208
19476 99
19477 914
19478 1297
19479 1339
19480 1344
19481 50
19482 1297
19483 1338
19484 36
19485 36
19486 1297
19487 896
19488 801
19489 801
19490 1339
19491 1297
19492 801
19493 801
19494 1344
19495 1297
19496 72
19497 801
19498 1297
19499 801
19500 50
19501 1338
19502 1338
19503 1297
19504 50
19505 801
19506 801
19507 36
19508 36
19509 50
19510 600
19511 1338
19512 50
19513 1297
19514 50
19515 1338
19516 1338
19517 1339
19518 1297
19519 801
19520 36
19521 896
19522 1297
19523 801
19524 36
19525 1297
19526 801
19527 1344
19528 801
19529 1297
19530 27
19531 896
19532 36
19533 1297
19534 1297
19535 1338
19536 914
19537 36
19538 1338
19539 1338
19540 1297
19541 50
19542 50
19543 50
19544 1208
19545 1208
19546 27
19547 896
19548 36
19549 36
19550 36
19551 1208
19552 27
19553 99
19554 801
19555 1297
19556 600
19557 896
19558 1338
19559 50
19560 50
19561 1339
19562 1297
19563 1208
19564 50
19565 1338
19566 27
19567 1297
19568 801
19569 801
19570 50
19571 42
19572 50
19573 36
19574 1297
19575 1208
19576 1344
19577 801
19578 1339
19579 1338
19580 36
19581 801
19582 123
19583 801
19584 801
19585 1338
19586 801
19587 801
19588 793
19589 1213
19590 801
19591 50
19592 1338
19593 801
19594 903
19595 50
19596 801
19597 600
19598 1208
19599 50
19600 73
19601 801
19602 1339
19603 1208
19604 1297
19605 1339
19606 1338
19607 86
19608 1213
19609 36
19610 36
19611 1338
19612 36
19613 801
19614 50
19615 1297
19616 801
19617 801
19618 1297
19619 27
19620 812
19621 50
19622 1338
19623 36
19624 1297
19625 1208
19626 50
19627 812
19628 1338
19629 1338
19630 1297
19631 1297
19632 1338
19633 36
19634 27
19635 1297
19636 801
19637 50
19638 1338
19639 801
19640 801
19641 1213
19642 896
19643 801
19644 801
19645 896
19646 1297
19647 1338
19648 1297
19649 36
19650 1297
19651 801
19652 801
19653 36
19654 1338
19655 801
19656 1338
19657 1061
19658 1297
19659 1297
19660 1338
19661 801
19662 801
19663 1297
19664 27
19665 50
19666 801
19667 50
19668 1297
19669 50
19670 50
19671 801
19672 1338
19673 1338
19674 50
19675 1338
19676 801
19677 801
19678 1338
19679 27
19680 801
19681 1339
19682 801
19683 1338
19684 36
19685 1297
19686 50
19687 1338
19688 1338
19689 36
19690 50
19691 50
19692 801
19693 801
19694 1297
19695 50
19696 801
19697 50
19698 50
19699 1339
19700 1213
19701 1216
19702 50
19703 1297
19704 1339
19705 1297
19706 1208
19707 1344
19708 41
19709 801
19710 86
19711 1338
19712 801
19713 50
19714 1339
19715 36
19716 1338
19717 36
19718 801
19719 1297
19720 1213
19721 50
19722 48
19723 1338
19724 36
19725 801
19726 36
19727 27
19728 801
19729 1297
19730 1338
19731 1338
19732 1338
19733 50
19734 1297
19735 801
19736 801
19737 36
19738 1213
19739 99
19740 801
19741 50
19742 41
19743 801
19744 1213
19745 1208
19746 1338
19747 50
19748 896
19749 1339
19750 36
19751 801
19752 1338
19753 27
19754 903
19755 36
19756 1338
19757 801
19758 1338
19759 1338
19760 801
19761 1338
19762 801
19763 50
19764 1297
19765 1339
19766 1338
19767 801
19768 36
19769 1338
19770 36
19771 801
19772 801
19773 1297
19774 1297
19775 1338
19776 1338
19777 600
19778 620
19779 36
19780 1208
19781 1297
19782 50
19783 1338
19784 1297
19785 801
19786 50
19787 896
19788 1213
19789 50
19790 1297
19791 801
19792 50
19793 1338
19794 801
19795 896
19796 1297
19797 1338
19798 823
19799 801
19800 801
19801 50
19802 1297
19803 801
19804 27
19805 801
19806 1338
19807 1338
19808 1297
19809 36
19810 1297
19811 1297
19812 801
19813 50
19814 50
19815 50
19816 896
19817 1297
19818 50
19819 801
19820 50
19821 1338
19822 36
19823 1339
19824 1338
19825 36
19826 801
19827 27
19828 1297
19829 50
19830 1208
19831 801
19832 1338
19833 1297
19834 801
19835 1338
19836 1338
19837 36
19838 801
19839 1344
19840 801
19841 801
19842 1297
19843 1338
19844 1338
19845 801
19846 801
19847 1208
19848 1297
19849 1338
19850 1208
19851 1338
19852 1338
19853 1338
19854 1338
19855 1338
19856 1338
19857 36
19858 50
19859 1208
19860 27
19861 1338
19862 27
19863 1297
19864 36
19865 1338
19866 50
19867 801
19868 606
19869 801
19870 50
19871 1339
19872 1297
19873 36
19874 1338
19875 1297
19876 36
19877 1297
19878 36
19879 1297
19880 1297
19881 36
19882 1338
19883 812
19884 103
19885 1297
19886 1208
19887 1338
19888 50
19889 50
19890 1297
19891 1297
19892 1338
19893 896
19894 1344
19895 1338
19896 801
19897 50
19898 801
19899 1297
19900 73
19901 27
19902 1208
19903 801
19904 27
19905 1344
19906 1297
19907 27
19908 812
19909 1338
19910 801
19911 1213
19912 1338
19913 801
19914 801
19915 1297
19916 801
19917 801
19918 588
19919 1208
19920 1297
19921 50
19922 801
19923 1338
19924 896
19925 36
19926 1297
19927 896
19928 50
19929 1338
19930 1344
19931 1339
19932 1338
19933 587
19934 50
19935 896
19936 801
19937 27
19938 36
19939 1339
19940 1297
19941 1338
19942 801
19943 1297
19944 1208
19945 1297
19946 801
19947 1344
19948 1338
19949 148
19950 600
19951 1297
19952 1344
19953 50
19954 1208
19955 801
19956 36
19957 801
19958 801
19959 50
19960 1208
19961 1338
19962 1339
19963 1339
19964 1344
19965 99
19966 801
19967 801
19968 1297
19969 1208
19970 1338
19971 801
19972 50
19973 50
19974 50
19975 1208
19976 50
19977 27
19978 36
19979 1297
19980 1297
19981 1297
19982 1297
19983 1213
19984 1338
19985 1297
19986 99
19987 50
19988 1297
19989 50
19990 1338
19991 1338
19992 812
19993 1208
19994 1338
19995 50
19996 1297
19997 50
19998 903
19999 1338
20000 801
20001 1297
20002 1208
20003 1338
20004 1208
20005 27
20006 36
20007 903
20008 1338
20009 1344
20010 801
20011 896
20012 50
20013 27
20014 801
20015 1297
20016 1338
20017 99
20018 1208
20019 801
20020 1208
20021 103
20022 801
20023 1338
20024 1338
20025 1338
20026 801
20027 1297
20028 86
20029 36
20030 1297
20031 1338
20032 1297
20033 801
20034 1213
20035 1338
20036 1208
20037 801
20038 896
20039 1297
20040 36
20041 1338
20042 50
20043 50
20044 1338
20045 600
20046 801
20047 1213
20048 801
20049 1208
20050 50
20051 50
20052 801
20053 27
20054 801
20055 801
20056 801
20057 27
20058 1208
20059 1297
20060 1297
20061 36
20062 903
20063 36
20064 1208
20065 801
20066 801
20067 801
20068 801
20069 1338
20070 801
20071 1297
20072 36
20073 801
20074 50
20075 896
20076 896
20077 1208
20078 801
20079 1297
20080 801
20081 1338
20082 1338
20083 1297
20084 1208
20085 1338
20086 1338
20087 1338
20088 36
20089 1338
20090 1338
20091 801
20092 896
20093 36
20094 1338
20095 99
20096 801
20097 36
20098 1297
20099 1297
20100 801
20101 801
20102 50
20103 801
20104 1297
20105 50
20106 1405
20107 50
20108 52
20109 1339
20110 1297
20111 801
20112 801
20113 1297
20114 1338
20115 36
20116 801
20117 50
20118 801
20119 896
20120 801
20121 1338
20122 1338
20123 36
20124 801
20125 1338
20126 50
20127 50
20128 50
20129 50
20130 801
20131 1338
20132 36
20133 36
20134 1344
20135 801
20136 1297
20137 50
20138 1338
20139 50
20140 1208
20141 801
20142 27
20143 50
20144 1208
20145 801
20146 1406
20147 1297
20148 620
20149 1339
20150 36
20151 801
20152 1208
20153 801
20154 1297
20155 1208
20156 1297
20157 27
20158 1297
20159 801
20160 1297
20161 1338
20162 36
20163 589
20164 1297
20165 1338
20166 1338
20167 50
20168 801
20169 801
20170 620
20171 801
20172 50
20173 1338
20174 1208
20175 1297
20176 50
20177 801
20178 1338
20179 50
20180 72
20181 896
20182 36
20183 27
20184 1338
20185 1339
20186 801
20187 1344
20188 1208
20189 801
20190 50
20191 50
20192 50
20193 1297
20194 1338
20195 1338
20196 801
20197 27
20198 1208
20199 801
20200 801
20201 36
20202 50
20203 1338
20204 1407
20205 1297
20206 1297
20207 1338
20208 1213
20209 1297
20210 801
20211 1297
20212 801
20213 801
20214 801
20215 801
20216 801
20217 36
20218 50
20219 50
20220 1297
20221 1208
20222 1297
20223 1208
20224 1338
20225 36
20226 1344
20227 1344
20228 1297
20229 801
20230 896
20231 1338
20232 801
20233 1344
20234 1338
20235 50
20236 1208
20237 801
20238 801
20239 1297
20240 1338
20241 801
20242 1297
20243 50
20244 1338
20245 36
20246 1297
20247 1208
20248 600
20249 1297
20250 1208
20251 1297
20252 50
20253 36
20254 36
20255 27
20256 914
20257 1338
20258 801
20259 1208
20260 50
20261 801
20262 1339
20263 50
20264 1297
20265 1297
20266 50
20267 801
20268 801
20269 99
20270 801
20271 801
20272 1338
20273 1339
20274 1297
20275 1297
20276 50
20277 801
20278 27
20279 1297
20280 50
20281 1208
20282 896
20283 1339
20284 50
20285 801
20286 801
20287 1338
20288 1338
20289 1297
20290 801
20291 801
20292 1208
20293 1297
20294 801
20295 27
20296 1338
20297 1338
20298 27
20299 50
20300 573
20301 801
20302 50
20303 36
20304 573
20305 1297
20306 801
20307 1208
20308 36
20309 27
20310 1297
20311 1208
20312 86
20313 27
20314 1297
20315 1338
20316 50
20317 896
20318 50
20319 27
20320 896
20321 50
20322 27
20323 1297
20324 50
20325 1338
20326 36
20327 36
20328 1297
20329 1339
20330 50
20331 801
20332 1338
20333 36
20334 1344
20335 896
20336 1297
20337 1338
20338 1208
20339 1338
20340 801
20341 27
20342 50
20343 50
20344 50
20345 50
20346 36
20347 36
20348 801
20349 50
20350 99
20351 36
20352 50
20353 1297
20354 1297
20355 801
20356 1338
20357 99
20358 1297
20359 896
20360 1061
20361 1339
20362 50
20363 36
20364 903
20365 801
20366 1297
20367 801
20368 1338
20369 86
20370 50
20371 1297
20372 801
20373 1213
20374 801
20375 1338
20376 801
20377 606
20378 801
20379 99
20380 1297
20381 801
20382 1297
20383 1338
20384 36
20385 50
20386 1297
20387 801
20388 801
20389 99
20390 896
20391 1208
20392 36
20393 50
20394 36
20395 1297
20396 50
20397 27
20398 50
20399 812
20400 1297
20401 1339
20402 903
20403 1297
20404 1297
20405 50
20406 1338
20407 50
20408 801
20409 801
20410 27
20411 50
20412 27
20413 50
20414 801
20415 50
20416 801
20417 50
20418 1297
20419 36
20420 801
20421 1338
20422 1208
20423 99
20424 1297
20425 801
20426 1208
20427 1338
20428 801
20429 1297
20430 801
20431 896
20432 27
20433 801
20434 606
20435 1339
20436 1338
20437 36
20438 1208
20439 27
20440 42
20441 1339
20442 1208
20443 801
20444 1208
20445 896
20446 1297
20447 1208
20448 1297
20449 1213
20450 914
20451 50
20452 99
20453 36
20454 1297
20455 50
20456 50
20457 801
20458 1297
20459 27
20460 1208
20461 1208
20462 50
20463 1297
20464 1213
20465 50
20466 1061
20467 600
20468 1338
20469 801
20470 1297
20471 1297
20472 1297
20473 1297
20474 1297
20475 50
20476 1338
20477 801
20478 801
20479 50
20480 896
20481 801
20482 1297
20483 801
20484 27
20485 50
20486 801
20487 50
20488 1344
20489 801
20490 1208
20491 27
20492 1297
20493 1297
20494 801
20495 1339
20496 1338
20497 1297
20498 50
20499 50
20500 801
20501 36
20502 1344
20503 103
20504 1338
20505 1338
20506 1297
20507 1339
20508 801
20509 1297
20510 36
20511 1297
20512 1297
20513 896
20514 36
20515 1338
20516 1297
20517 27
20518 801
20519 1297
20520 1208
20521 896
20522 597
20523 1297
20524 1338
20525 1297
20526 27
20527 1297
20528 1297
20529 99
20530 1280
20531 801
20532 1297
20533 1297
20534 50
20535 801
20536 1297
20537 801
20538 1213
20539 801
20540 1297
20541 50
20542 1338
20543 99
20544 896
20545 1338
20546 50
20547 801
20548 1208
20549 801
20550 801
20551 620
20552 1208
20553 801
20554 801
20555 1061
20556 1338
20557 1297
20558 1297
20559 1339
20560 1297
20561 1297
20562 36
20563 801
20564 1297
20565 36
20566 1297
20567 1338
20568 50
20569 1213
20570 1338
20571 50
20572 1297
20573 1208
20574 50
20575 1338
20576 801
20577 1297
20578 1297
20579 1338
20580 1297
20581 50
20582 1208
20583 1297
20584 801
20585 1297
20586 50
20587 1297
20588 1338
20589 1297
20590 36
20591 1297
20592 801
20593 36
20594 1338
20595 1297
20596 801
20597 50
20598 1208
20599 50
20600 896
20601 896
20602 801
20603 801
20604 801
20605 1338
20606 1338
20607 896
20608 50
20609 1338
20610 1297
20611 36
20612 27
20613 1213
20614 1297
20615 801
20616 50
20617 1297
20618 1344
20619 50
20620 36
20621 1208
20622 50
20623 1297
20624 896
20625 1208
20626 801
20627 1297
20628 1213
20629 1338
20630 1297
20631 1297
20632 1208
20633 1338
20634 1339
20635 1208
20636 801
20637 50
20638 27
20639 36
20640 1213
20641 600
20642 50
20643 1297
20644 1297
20645 1208
20646 1297
20647 1297
20648 801
20649 36
20650 1213
20651 801
20652 801
20653 801
20654 27
20655 1338
20656 1208
20657 801
20658 1344
20659 1208
20660 50
20661 50
20662 27
20663 896
20664 1339
20665 1338
20666 1338
20667 801
20668 801
20669 1338
20670 99
20671 1338
20672 790
20673 1339
20674 50
20675 1297
20676 896
20677 50
20678 50
20679 600
20680 50
20681 50
20682 1208
20683 801
20684 1338
20685 1339
20686 1297
20687 1339
20688 1208
20689 50
20690 1297
20691 896
20692 1338
20693 1338
20694 1208
20695 1297
20696 1297
20697 801
20698 1409
20699 801
20700 1338
20701 1208
20702 1297
20703 1297
20704 801
20705 50
20706 1208
20707 1357
20708 1338
20709 1338
20710 801
20711 1297
20712 801
20713 1297
20714 1297
20715 1297
20716 896
20717 1297
20718 801
20719 801
20720 50
20721 896
20722 801
20723 50
20724 801
20725 801
20726 587
20727 1338
20728 896
20729 1297
20730 1338
20731 50
20732 27
20733 1339
20734 1297
20735 1338
20736 1338
20737 1338
20738 27
20739 1213
20740 801
20741 1338
20742 1297
20743 801
20744 801
20745 36
20746 1297
20747 1338
20748 27
20749 36
20750 801
20751 1297
20752 1357
20753 1339
20754 36
20755 36
20756 1297
20757 801
20758 801
20759 27
20760 50
20761 50
20762 1297
20763 1339
20764 801
20765 1338
20766 801
20767 1297
20768 1297
20769 801
20770 1297
20771 36
20772 1338
20773 1338
20774 914
20775 27
20776 1338
20777 801
20778 896
20779 50
20780 50
20781 801
20782 99
20783 896
20784 27
20785 27
20786 1297
20787 1297
20788 896
20789 1338
20790 50
20791 801
20792 1297
20793 1338
20794 1297
20795 1297
20796 896
20797 27
20798 812
20799 1338
20800 36
20801 50
20802 1297
20803 1297
20804 801
20805 1297
20806 1338
20807 801
20808 801
20809 36
20810 1208
20811 50
20812 1297
20813 99
20814 50
20815 1297
20816 27
20817 1280
20818 1338
20819 50
20820 801
20821 1297
20822 27
20823 1338
20824 1297
20825 1297
20826 50
20827 801
20828 801
20829 1339
20830 801
20831 1297
20832 1338
20833 50
20834 1338
20835 36
20836 793
20837 1216
20838 801
20839 1297
20840 48
20841 812
20842 1208
20843 1338
20844 896
20845 896
20846 50
20847 41
20848 903
20849 600
20850 1410
20851 752
20852 600
20853 1062
20854 931
20855 41
20856 585
20857 1218
20858 600
20859 600
20860 1062
20861 903
20862 600
20863 1134
20864 603
20865 589
20866 1412
