5924 1074
8421 2520
4998 2781
2989 2550
1011 1303
2554 2782
4648 2491
6960 1074
1117 36
758 1303
1860 2784
2915 2491
528 1074
9045 1074
3469 2520
1055 2785
7174 1074
3840 2762
8575 1303
8531 2520
10810 935
4236 2550
3030 2786
5402 935
10150 1074
9617 2785
6640 2787
8998 935
4910 1841
3893 2788
8664 935
8831 2782
9511 2550
1688 2550
1527 2550
8083 1074
8961 1074
1987 2550
8930 2769
977 3013
788 935
4500 2786
244 2550
11021 1074
1095 935
4821 49
6890 2786
9038 1303
8300 1074
6746 2782
2234 1074
144 2491
2239 2786
3910 795
6510 935
5461 1300
7819 2769
3147 2782
10420 2769
4416 935
8947 2491
5172 1074
4914 2520
5780 3043
3860 1303
4797 1303
210 2786
1269 2795
10033 2769
7779 2520
10224 2769
9635 1303
1096 935
8559 2549
6273 2769
2208 2770
10017 3014
3224 2787
2033 1074
2299 935
10384 809
7329 2769
9484 2788
695 3015
4628 2520
6653 2770
9699 1074
8124 1815
4746 2769
1544 2784
9545 2491
1073 2762
3760 36
6724 935
5563 2788
10781 1074
9603 1303
1288 1074
10801 2520
2566 2550
2944 2550
5833 2770
11078 1074
1479 1303
1414 2550
5750 2520
10374 935
2021 2762
702 2483
9750 1074
6181 2769
1017 935
10910 2520
7831 935
9975 1074
4484 2762
8493 1303
2492 2786
10749 2762
8105 2491
9848 2550
7839 2787
1607 1303
5938 2550
8671 1303
3063 1074
629 1841
9426 2518
2101 1303
9707 1074
2929 1303
4543 1303
4819 935
8064 3016
4129 0
10431 1293
9698 935
2167 2769
8827 1303
106 2787
2831 2786
1852 1074
2509 2787
10043 2549
10422 2520
6032 2520
8445 2805
9742 2784
1335 2762
7486 2549
6868 2806
9087 935
9808 2520
5445 935
8491 2549
493 39
9411 1303
10419 2763
10446 2782
10981 798
3959 2769
9654 935
7809 2787
4075 2769
8763 2549
132 2550
1929 2795
2720 1303
5779 2488
11009 3017
7054 1303
551 49
10627 2782
9155 798
3733 2770
1652 1303
3826 1303
464 2491
1996 795
7430 935
4481 2550
6097 2769
3591 1303
2051 1303
3677 1074
8981 3018
4458 2550
9821 2549
6121 1303
808 1074
9758 1074
11061 2520
4056 1074
6608 2491
4818 1303
2756 1303
2342 1074
2751 1074
10435 2814
9092 1303
6100 1303
10448 2019
4024 1303
5935 1303
4181 1303
4981 1286
4594 2784
6133 2795
10194 935
2992 1074
1524 2762
9688 2491
8903 935
4143 1074
8054 1074
6815 2769
8480 1303
3316 3019
6950 935
7646 2762
742 1074
2922 809
9948 2520
3917 2769
7539 3020
5478 935
2417 935
9234 2506
9199 1303
10719 935
2268 1303
4207 2785
3619 1074
8510 2814
1445 2769
6591 935
1005 1074
9277 2549
6255 2762
9210 1303
3026 1303
2308 2763
1403 1074
4364 1303
10529 935
4815 1303
3387 1074
8424 2549
7894 1303
507 2550
7237 2550
1550 1303
9613 2491
3865 2769
4378 1303
9919 1074
5410 2520
3885 2520
5806 1303
2463 1074
8657 935
10688 2550
1572 2763
3262 1303
9008 1303
9614 2549
6056 2550
8401 2550
2535 935
6256 1074
7362 2520
4199 1303
5888 1303
7262 1074
5782 1303
10813 2520
4993 2019
1588 1061
9156 795
3062 1303
2053 2769
6184 1608
7562 798
10578 2784
10625 2782
10653 935
8578 3043
6668 3021
5683 935
4612 2763
5930 3022
986 2824
2905 1815
1076 3023
10263 3024
1704 1303
7845 1303
8596 2763
6945 2518
6473 2788
4656 1303
2485 935
1893 2550
6933 935
6230 1074
5065 1303
1241 2769
9010 2785
6978 1303
9739 2055
338 1303
792 935
4342 2520
8846 2782
10198 2786
6482 2769
126 2549
8579 1074
3757 49
4377 1074
8363 2787
10321 2491
2422 809
10746 2782
9389 2787
6930 2520
8088 2762
4710 1074
3300 2787
7426 3025
1484 2550
4415 2782
6331 1303
6706 2520
7019 2786
7038 2770
6274 2520
3307 1303
7091 2550
3409 1303
110 2549
9343 1303
7265 935
7115 2805
10951 2520
580 935
5824 2520
6462 935
531 935
5051 2781
6372 2549
9937 2788
7516 2550
3670 1074
10846 2769
6425 935
10933 935
7891 2806
3254 1074
4889 2762
3264 1074
6368 1303
5642 2769
1686 1303
10489 2782
2635 2805
5016 2784
9007 1303
314 1303
2525 1303
7576 2550
9427 2520
6898 1303
469 1074
8182 2520
396 2786
2636 1074
2335 1303
3721 1303
8347 1608
1318 1074
10018 2055
6018 2549
41 2550
7075 2762
9432 2520
8556 2520
569 2762
1771 2769
8196 1303
10175 1074
11016 2550
8244 1074
6523 1074
8274 1074
10820 2795
5865 2550
9525 2520
4714 2520
2990 2520
3466 935
5581 2549
1004 2806
11048 2806
691 3026
8762 2520
2572 49
8752 2520
2521 935
9317 2549
8705 2520
3492 1303
2096 935
11075 935
9057 1303
6159 1303
2939 1303
5684 1074
5565 3027
8811 1303
3737 1303
1056 2549
9307 935
2879 1074
10415 935
950 1074
10249 1219
3451 2520
9241 1074
3624 935
5589 1303
9443 2786
3001 1303
7106 2491
4971 2520
7005 1074
9691 1074
4814 1303
3819 935
3609 1074
101 2491
9622 1303
5520 2824
5787 1303
10395 2550
3952 2550
8908 935
3548 49
8890 2491
5511 1303
8185 2549
4300 2506
5723 1303
10734 2784
4104 1074
5666 1074
2650 2550
1547 2787
2045 2491
3323 1303
6199 935
3869 2805
5580 935
8271 1074
1003 935
2067 1303
4271 2787
2368 1303
4219 1074
4566 1074
597 935
10556 2491
8248 2788
8781 2787
6253 1303
1197 2769
10387 935
606 935
10459 1074
10299 2520
714 1074
7199 2520
2871 2782
6599 2550
8611 2782
7996 2784
2212 2762
10658 2549
7069 1074
5562 2549
2796 2770
8668 2762
5279 1074
4110 2549
10730 935
9264 2769
6063 1303
8731 1074
991 1303
6750 2762
7912 1303
414 1074
4730 2786
4514 1303
10268 2520
7771 2769
10765 2786
1220 1303
5603 1303
1328 1303
7772 2550
6742 2770
1554 1074
7152 2520
7934 2520
9403 2549
3571 1074
7271 935
1436 2763
6932 2769
725 1303
5324 2520
10554 1074
8428 2549
7518 1303
149 935
2271 1303
3097 1303
2516 1303
7602 2762
167 1074
7403 2491
3476 2491
9439 935
3401 1303
743 2522
1820 2787
6067 1074
8972 935
1200 2782
4681 1074
3407 935
6137 1074
1557 1074
8917 2787
914 2762
2418 1303
3057 2491
4013 935
1953 2762
7531 2769
618 2550
10561 1074
10335 2520
2395 49
3042 1303
9909 2520
3752 1303
10613 2769
8432 935
3112 39
1610 935
8881 1303
3890 3028
8353 3029
7550 2788
8949 2769
2541 2549
2747 2782
10648 1074
6707 935
11092 2782
5319 935
6388 1074
5644 1074
1603 935
6495 2550
5799 1303
2673 2520
202 2769
716 935
7039 2787
3081 4
235 3030
5431 1816
7689 2019
8340 2769
3517 1303
5698 2550
928 2550
9242 2491
251 1303
7992 1074
7671 2491
5798 935
1495 1303
1293 2491
1723 2769
4664 2762
6468 2491
4494 2763
5254 2769
2532 809
1038 795
6109 1074
8018 1074
5962 1303
10364 2795
4301 935
8909 935
5515 1293
3329 1303
1440 2769
2014 1303
10307 2787
664 1303
8891 1818
303 935
5128 1074
8166 2491
2611 1816
7563 935
1964 2550
6381 2549
2948 935
8246 2491
9916 1074
10193 1074
3735 1303
2707 2770
4882 1074
3416 1074
2842 2795
2641 49
7076 2491
5469 1303
7668 1303
5032 1303
4771 2550
305 49
4255 1303
3526 623
5356 2520
6729 935
1662 9
399 3031
4320 49
8868 3032
1844 1074
610 2782
9175 1303
10000 1074
1070 2762
4620 1303
6348 1303
4421 614
1567 2491
5320 2491
8937 1303
6602 1074
2190 1303
9606 1303
7998 2769
9192 2520
9213 1303
4014 1303
9060 2518
9335 1074
5730 2549
7699 935
1815 1303
1152 622
4492 3033
123 2840
8589 629
9376 622
2023 798
6869 1303
6461 30
3489 33
777 1303
3974 2487
4140 2506
5840 3034
8883 629
641 629
7663 1303
45 629
4193 1303
615 3035
2555 618
7242 656
8418 1303
1462 1303
1351 2840
7665 3036
