4176 1139
4177 75
4178 37
4179 872
4180 47
4181 3
4182 25
4183 74
4184 32
4185 101
4186 4
4187 13
4188 132
4189 68
4190 99
4191 47
4192 99
4193 27
4194 137
4195 81
4196 189
4197 13
4198 13
4199 3
4200 63
4201 23
4202 109
4203 80
4204 41
4205 56
4206 13
4207 13
4208 41
4209 13
4210 86
4211 4
4212 74
4213 74
4214 41
4215 86
4216 77
4217 37
4218 49
4219 140
4220 86
4221 21
4222 56
4223 49
4224 872
4225 8
4226 27
4227 104
4228 55
4229 68
4230 72
4231 189
4232 118
4233 8
4234 47
4235 26
4236 38
4237 137
4238 872
4239 1363
4240 154
4241 32
4242 17
4243 99
4244 16
4245 99
4246 1453
4247 86
4248 99
4249 118
4250 939
4251 27
4252 99
4253 184
4254 16
4255 3
4256 1400
4257 1398
4258 119
4259 86
4260 47
4261 24
4262 91
4263 13
4264 99
4265 47
4266 32
4267 99
4268 36
4269 74
4270 939
4271 41
4272 78
4273 13
4274 47
4275 8
4276 16
4277 41
4278 68
4279 75
4280 113
4281 75
4282 78
4283 113
4284 81
4285 137
4286 75
4287 25
4288 189
4289 75
4290 96
4291 49
4292 654
4293 33
4294 129
4295 34
4296 68
4297 5
4298 13
4299 872
4300 121
4301 116
4302 143
4303 25
4304 85
4305 21
4306 24
4307 72
4308 15
4309 25
4310 8
4311 141
4312 27
4313 25
4314 189
4315 41
4316 80
4317 31
4318 81
4319 118
4320 101
4321 146
4322 132
4323 80
4324 9
4325 79
4326 141
4327 1139
4328 11
4329 13
4330 47
4331 32
4332 13
4333 74
4334 64
4335 100
4336 100
4337 34
4338 132
4339 112
4340 155
4341 41
4342 933
4343 17
4344 13
4345 32
4346 1459
4347 41
4348 74
4349 123
4350 13
4351 37
4352 31
4353 99
4354 101
4355 33
4356 96
4357 47
4358 55
4359 132
4360 112
4361 13
4362 86
4363 141
4364 3
4365 81
4366 37
4367 81
4368 47
4369 11
4370 75
4371 189
4372 119
4373 654
4374 74
4375 85
4376 113
4377 140
4378 3
4379 74
4380 16
4381 153
4382 38
4383 132
4384 24
4385 119
4386 81
4387 49
4388 56
4389 31
4390 99
4391 75
4392 1400
4393 1458
4394 126
4395 80
4396 25
4397 74
4398 31
4399 872
4400 34
4401 872
4402 81
4403 56
4404 41
4405 86
4406 100
4407 791
4408 74
4409 27
4410 982
4411 112
4412 36
4413 85
4414 56
4415 1460
4416 116
4417 33
4418 13
4419 16
4420 44
4421 1359
4422 74
4423 39
4424 55
4425 85
4426 113
4427 113
4428 33
4429 86
4430 26
4431 8
4432 104
4433 13
4434 31
4435 9
4436 55
4437 34
4438 141
4439 113
4440 36
4441 99
4442 155
4443 4
4444 8
4445 49
4446 86
4447 189
4448 23
4449 85
4450 68
4451 49
4452 17
4453 1410
4454 939
4455 72
4456 141
4457 47
4458 38
4459 104
4460 25
4461 47
4462 86
4463 75
4464 80
4465 21
4466 64
4467 99
4468 184
4469 5
4470 78
4471 13
4472 86
4473 24
4474 132
4475 23
4476 41
4477 41
4478 74
4479 99
4480 5
4481 38
4482 91
4483 13
4484 87
4485 74
4486 9
4487 148
4488 31
4489 32
4490 56
4491 129
4492 96
4493 86
4494 75
4495 141
4496 85
4497 74
4498 39
4499 118
4500 144
4501 8
4502 68
4503 36
4504 13
4505 99
4506 34
4507 4
4508 8
4509 13
4510 74
4511 34
4512 63
4513 23
4514 3
4515 13
4516 1451
4517 74
4518 780
4519 44
4520 17
4521 37
4522 41
4523 77
4524 13
4525 99
4526 25
4527 47
4528 27
4529 99
4530 148
4531 80
4532 13
4533 33
4534 49
4535 11
4536 80
4537 33
4538 8
4539 143
4540 132
4541 80
4542 41
4543 21
4544 41
4545 132
4546 23
4547 81
4548 78
4549 55
4550 142
4551 36
4552 99
4553 100
4554 99
4555 99
4556 24
4557 41
4558 99
4559 31
4560 8
4561 86
4562 113
4563 33
4564 141
4565 542
4566 140
4567 9
4568 9
4569 143
4570 101
4571 78
4572 13
4573 31
4574 99
4575 17
4576 36
4577 121
4578 1455
4579 982
4580 99
4581 63
4582 132
4583 542
4584 1139
4585 104
4586 81
4587 780
4588 189
4589 129
4590 80
4591 75
4592 118
4593 51
4594 79
4595 91
4596 112
4597 132
4598 123
4599 8
4600 99
4601 13
4602 25
4603 13
4604 74
4605 74
4606 41
4607 146
4608 13
4609 101
4610 78
4611 55
4612 75
4613 68
4614 32
4615 24
4616 31
4617 141
4618 118
4619 8
4620 3
4621 72
4622 99
4623 41
4624 23
4625 155
4626 112
4627 1410
4628 933
4629 113
4630 982
4631 74
4632 780
4633 123
4634 1456
4635 101
4636 86
4637 91
4638 99
4639 32
4640 31
4641 155
4642 4
4643 85
4644 86
4645 56
4646 24
4647 13
4648 856
4649 1363
4650 21
4651 16
4652 141
4653 112
4654 4
4655 113
4656 3
4657 4
4658 8
4659 13
4660 1398
4661 85
4662 34
4663 64
4664 87
4665 99
4666 31
4667 137
4668 81
4669 1457
4670 1139
4671 85
4672 143
4673 49
4674 33
4675 41
4676 47
4677 154
4678 1359
4679 86
4680 13
4681 140
4682 17
4683 73
4684 5
4685 184
4686 112
4687 80
4688 155
4689 146
4690 34
4691 939
4692 1454
4693 27
4694 531
4695 91
4696 41
4697 132
4698 153
4699 68
4700 1139
4701 1139
4702 118
4703 78
4704 141
4705 143
4706 1398
4707 55
4708 148
4709 148
4710 140
4711 17
4712 85
4713 15
4714 933
4715 21
4716 189
4717 132
4718 77
4719 189
4720 100
4721 37
4722 24
4723 37
4724 99
4725 74
4726 77
4727 13
4728 5
4729 8
4730 144
4731 91
4732 132
4733 23
4734 13
4735 85
4736 47
4737 74
4738 37
4739 78
4740 104
4741 75
4742 101
4743 49
4744 80
4745 25
4746 140
4747 27
4748 27
4749 104
4750 85
4751 132
4752 75
4753 13
4754 140
4755 81
4756 4
4757 23
4758 1461
4759 132
4760 47
4761 81
4762 1462
4763 155
4764 4
4765 112
4766 9
4767 91
4768 34
4769 3
4770 872
4771 38
4772 16
4773 1452
4774 49
4775 74
4776 87
4777 23
4778 33
4779 63
4780 74
4781 1012
4782 63
4783 531
4784 32
4785 74
4786 51
4787 75
4788 101
4789 68
4790 113
4791 17
4792 99
4793 31
4794 4
4795 112
4796 39
4797 3
4798 13
4799 49
4800 80
4801 1045
4802 1410
4803 44
4804 47
4805 189
4806 79
4807 39
4808 17
4809 75
4810 41
4811 99
4812 74
4813 189
4814 3
4815 3
4816 85
4817 58
4818 3
4819 141
4820 15
4821 88
4822 155
4823 96
4824 129
4825 81
4826 17
4827 123
4828 81
4829 31
4830 21
4831 21
4832 81
4833 86
4834 16
4835 17
4836 13
4837 123
4838 100
4839 5
4840 15
4841 72
4842 81
4843 78
4844 51
4845 76
4846 101
4847 68
4848 112
4849 81
4850 96
4851 1359
4852 15
4853 119
4854 37
4855 55
4856 21
4857 74
4858 75
4859 184
4860 80
4861 1464
4862 13
4863 1450
4864 27
4865 21
4866 77
4867 8
4868 1463
4869 184
4870 91
4871 1398
