11382 1378
11383 1378
11384 1113
11385 55
11386 1378
11387 1295
11388 30
11389 1118
11390 262
11391 1109
11392 18
11393 110
11394 1113
11395 84
11396 41
11397 1378
11398 1378
11399 1113
11400 18
11401 182
11402 1295
11403 1456
11404 1378
11405 1109
11406 142
11407 142
11408 1110
11409 182
11410 1113
11411 1378
11412 241
11413 1378
11414 146
11415 1378
11416 77
11417 182
11418 1109
11419 1113
11420 182
11421 1378
11422 30
11423 241
11424 1295
11425 1378
11426 33
11427 106
11428 1295
11429 1125
11430 89
11431 5
11432 1295
11433 971
11434 5
11435 1295
11436 1378
11437 82
11438 1295
11439 1295
11440 1378
11441 82
11442 1295
11443 1109
11444 1109
11445 18
11446 1113
11447 1378
11448 1295
11449 1380
11450 1295
11451 1117
11452 84
11453 1109
11454 89
11455 33
11456 89
11457 1457
11458 18
11459 1378
11460 1295
11461 1295
11462 18
11463 262
11464 1109
11465 1295
11466 1458
11467 1109
11468 18
11469 1378
11470 1378
11471 89
11472 41
11473 14
11474 31
11475 1295
11476 30
11477 10
11478 69
11479 1109
11480 55
11481 181
11482 31
11483 971
11484 971
11485 1109
11486 1295
11487 41
11488 1378
11489 262
11490 1295
11491 1118
11492 1295
11493 4
11494 971
11495 181
11496 181
11497 1122
11498 1110
11499 1139
11500 1113
11501 1288
11502 1378
11503 1378
11504 1378
11505 89
11506 138
11507 18
11508 181
11509 181
11510 31
11511 1295
11512 1295
11513 241
11514 1109
11515 11
11516 1110
11517 11
11518 155
11519 1378
11520 86
11521 11
11522 36
11523 12
11524 1378
11525 11
11526 11
11527 11
11528 1266
11529 11
11530 1295
11531 11
11532 28
11533 1118
11534 11
11535 11
11536 11
11537 18
11538 272
11539 41
11540 11
11541 11
11542 11
11543 971
11544 18
11545 11
11546 11
11547 11
11548 1109
11549 11
11550 11
11551 1111
11552 11
11553 11
11554 11
11555 1113
11556 18
11557 11
11558 1113
11559 11
11560 11
11561 11
11562 11
11563 11
11564 11
11565 267
11566 14
11567 11
11568 11
11569 11
11570 1515
11571 971
11572 11
11573 11
11574 241
11575 241
11576 11
11577 11
11578 11
11579 11
11580 1378
11581 11
11582 1408
11583 48
11584 45
11585 110
11586 11
11587 11
11588 1378
11589 11
11590 11
11591 11
11592 11
11593 1133
11594 11
11595 11
11596 1378
11597 11
11598 11
11599 11
11600 11
11601 1378
11602 1113
11603 11
11604 272
11605 11
11606 1378
11607 1378
11608 110
11609 272
11610 272
11611 182
11612 272
11613 11
11614 272
11615 272
11616 11
11617 11
11618 11
11619 182
11620 11
11621 272
11622 222
11623 272
11624 272
11625 11
11626 11
11627 11
11628 272
11629 11
11630 272
11631 272
11632 272
11633 272
11634 272
11635 272
11636 11
11637 11
11638 272
11639 272
11640 272
11641 272
11642 272
11643 272
11644 11
11645 272
11646 11
11647 11
11648 11
11649 272
11650 272
11651 272
11652 272
11653 1378
11654 272
11655 272
11656 272
11657 272
11658 272
11659 272
11660 272
11661 272
11662 272
11663 29
11664 1378
11665 11
11666 1118
11667 272
11668 1378
11669 29
11670 272
11671 272
11672 272
11673 1378
11674 182
11675 11
11676 272
11677 11
11678 272
11679 11
11680 272
11681 272
11682 142
11683 272
11684 272
11685 272
11686 272
11687 18
11688 14
11689 272
11690 272
11691 272
11692 272
11693 272
11694 1378
11695 272
11696 272
11697 272
11698 272
11699 1133
11700 272
11701 11
11702 18
11703 272
11704 89
11705 11
11706 272
11707 272
11708 272
11709 104
11710 11
11711 272
11712 272
11713 272
11714 272
11715 272
11716 1110
11717 1133
11718 1378
11719 272
11720 272
11721 272
11722 11
11723 272
11724 272
11725 272
11726 272
11727 272
11728 272
11729 1118
11730 272
11731 11
11732 11
11733 11
11734 272
11735 272
11736 11
11737 272
11738 272
11739 272
11740 272
11741 272
11742 272
11743 272
11744 272
11745 272
11746 110
11747 262
11748 272
11749 1109
11750 272
11751 272
11752 272
11753 272
11754 110
11755 272
11756 272
11757 1113
11758 272
11759 272
11760 272
11761 11
11762 11
11763 241
11764 272
11765 11
11766 272
11767 181
11768 272
11769 11
11770 272
11771 272
11772 175
11773 272
11774 272
11775 272
11776 1295
11777 272
11778 272
11779 272
11780 272
11781 272
11782 272
11783 272
11784 272
11785 272
11786 272
11787 272
11788 272
11789 1295
11790 272
11791 1295
11792 100
11793 272
11794 11
11795 1295
11796 272
11797 272
11798 272
11799 272
11800 272
11801 272
11802 1295
11803 272
11804 272
11805 272
11806 272
11807 182
11808 272
11809 52
11810 11
11811 52
11812 89
11813 272
11814 1295
11815 272
11816 272
11817 272
11818 272
11819 272
11820 26
11821 272
11822 272
11823 272
11824 272
11825 272
11826 272
11827 272
11828 272
11829 272
11830 1295
11831 11
11832 272
11833 110
11834 272
11835 272
11836 1113
11837 272
11838 272
11839 272
11840 11
11841 272
11842 11
11843 11
11844 1295
11845 272
11846 272
11847 11
11848 272
11849 272
11850 272
11851 272
11852 272
11853 272
11854 272
11855 272
11856 11
11857 272
11858 1295
11859 272
11860 1378
11861 1295
11862 272
11863 11
11864 11
11865 272
11866 1295
11867 272
11868 272
11869 272
11870 1295
11871 272
11872 272
11873 272
11874 272
11875 272
11876 11
11877 272
11878 272
11879 272
11880 272
11881 747
11882 272
11883 272
11884 272
11885 272
11886 272
11887 272
11888 272
11889 272
11890 272
11891 272
11892 272
11893 272
11894 272
11895 272
11896 272
11897 272
11898 1288
11899 11
11900 272
11901 272
11902 272
11903 272
11904 272
11905 272
11906 272
11907 272
11908 272
11909 1113
11910 272
11911 272
11912 272
11913 89
11914 272
11915 272
11916 272
11917 272
11918 1295
11919 272
11920 272
11921 272
11922 272
11923 1378
11924 11
11925 272
11926 11
11927 272
11928 11
11929 11
11930 272
11931 272
11932 1295
11933 272
11934 272
11935 272
11936 1295
11937 272
11938 272
11939 272
11940 272
11941 272
11942 272
11943 110
11944 272
11945 272
11946 52
11947 272
11948 272
11949 272
11950 272
11951 272
11952 272
11953 272
11954 12
11955 11
11956 272
11957 272
11958 272
11959 1394
11960 272
11961 11
11962 272
11963 1295
11964 272
11965 1295
11966 272
11967 272
11968 272
11969 272
11970 262
11971 272
11972 11
11973 11
11974 11
11975 272
11976 272
11977 272
11978 11
11979 272
11980 11
11981 272
11982 272
11983 272
11984 272
11985 272
11986 11
11987 272
11988 272
11989 272
11990 272
11991 1487
11992 272
11993 272
11994 1118
11995 272
11996 272
11997 11
11998 272
11999 272
12000 272
12001 11
12002 272
12003 149
12004 11
12005 272
12006 272
12007 272
12008 272
12009 272
12010 272
12011 272
12012 272
12013 272
12014 48
12015 272
12016 272
12017 272
12018 11
12019 272
12020 272
12021 272
12022 272
12023 272
12024 272
12025 1386
12026 272
12027 272
12028 272
12029 272
12030 272
12031 272
12032 1109
12033 55
12034 272
12035 272
12036 241
12037 272
12038 272
12039 272
12040 272
12041 1295
12042 272
12043 272
12044 272
12045 272
12046 272
12047 1109
12048 272
12049 272
12050 272
12051 272
12052 272
12053 272
12054 272
12055 272
12056 272
12057 1109
12058 272
12059 272
12060 1386
12061 272
12062 272
12063 1109
12064 1138
12065 1288
12066 1109
12067 1266
12068 1109
12069 11
12070 262
12071 11
12072 11
12073 11
12074 11
12075 11
12076 182
12077 182
12078 1378
12079 1109
12080 1133
12081 11
12082 100
12083 11
12084 11
12085 1109
12086 1109
12087 11
12088 1109
12089 1378
12090 1109
12091 182
12092 1109
12093 11
12094 127
12095 1109
12096 11
12097 182
12098 11
12099 82
12100 1109
12101 11
12102 1109
12103 1109
12104 1109
12105 1133
12106 1109
12107 1109
12108 1109
12109 1109
12110 1109
12111 1109
12112 1387
12113 1459
12114 1109
12115 1109
12116 1109
12117 1109
12118 1279
12119 1295
12120 11
12121 11
12122 1278
12123 1118
12124 89
12125 1295
12126 1118
12127 11
12128 971
12129 1109
12130 1295
12131 1118
12132 1378
12133 1295
12134 1295
12135 89
12136 1378
12137 11
12138 1109
12139 14
12140 14
12141 1109
12142 89
12143 11
12144 1295
12145 104
12146 1109
12147 18
12148 11
12149 11
12150 11
12151 11
12152 11
12153 1113
12154 11
12155 1109
12156 1295
12157 11
12158 14
12159 1109
12160 1118
12161 89
12162 11
12163 1295
12164 1118
12165 11
12166 36
12167 6
12168 110
12169 11
12170 747
12171 1295
12172 1295
12173 1387
12174 110
12175 11
12176 1133
12177 1295
12178 747
12179 1487
12180 11
12181 1295
12182 14
12183 55
12184 182
12185 1109
12186 33
12187 11
12188 110
12189 142
12190 1118
12191 262
12192 1122
12193 1113
12194 1109
12195 110
12196 1295
12197 1109
12198 1118
12199 1295
12200 1125
12201 18
12202 18
12203 1517
12204 1110
12205 1113
12206 1127
12207 11
12208 1109
12209 262
12210 1295
12211 1109
12212 1154
12213 1295
12214 89
12215 89
12216 104
12217 11
12218 1380
12219 1295
12220 262
12221 1260
12222 1295
12223 1295
12224 1389
12225 1295
12226 262
12227 1113
12228 1295
12229 18
12230 11
12231 100
12232 1295
12233 262
12234 241
12235 100
12236 1295
12237 5
12238 262
12239 1295
12240 48
12241 5
12242 1272
12243 1109
12244 5
12245 1295
12246 18
12247 1109
12248 5
12249 1272
12250 89
12251 1295
12252 18
12253 106
12254 18
12255 1113
12256 155
12257 1109
12258 11
12259 142
12260 1461
12261 1109
12262 18
12263 1113
12264 1109
12265 1295
12266 1109
12267 1295
12268 1109
12269 11
12270 1260
12271 18
12272 1515
12273 1118
12274 1109
12275 1138
12276 1295
12277 1110
12278 6
12279 1125
12280 55
12281 18
12282 18
12283 1109
12284 1295
12285 1266
12286 18
12287 182
12288 1295
12289 1109
12290 89
12291 18
12292 18
12293 18
12294 18
12295 18
12296 1295
12297 1109
12298 89
12299 1378
12300 23
12301 1109
12302 1295
12303 1109
12304 18
12305 18
12306 18
12307 18
12308 18
12309 18
12310 18
12311 1109
12312 1462
12313 18
12314 1109
12315 1118
12316 18
12317 18
12318 906
12319 18
12320 18
12321 1113
12322 18
12323 1295
12324 18
12325 1113
12326 18
12327 18
12328 18
12329 18
12330 18
12331 18
12332 18
12333 18
12334 18
12335 1113
12336 1109
12337 262
12338 18
12339 18
12340 1133
12341 241
12342 18
12343 89
12344 1113
12345 18
12346 18
12347 18
12348 1118
12349 18
12350 18
12351 1109
12352 1295
12353 18
12354 18
12355 18
12356 18
12357 182
12358 1109
12359 18
12360 18
12361 77
12362 18
12363 18
12364 18
12365 18
12366 18
12367 1109
12368 18
12369 18
12370 1118
12371 18
12372 1109
12373 18
12374 5
12375 18
12376 1113
12377 1109
12378 18
12379 18
12380 241
12381 18
12382 18
12383 55
12384 18
12385 1109
12386 18
12387 241
12388 18
12389 18
12390 18
12391 18
12392 1109
12393 1109
12394 1113
12395 18
12396 18
12397 18
12398 1109
12399 1113
12400 1295
12401 18
12402 18
12403 1113
12404 18
12405 18
12406 18
12407 18
12408 18
12409 18
12410 18
12411 18
12412 18
12413 262
12414 1109
12415 11
12416 89
12417 1260
12418 1113
12419 262
12420 11
12421 11
12422 11
12423 11
12424 11
12425 1278
12426 89
12427 18
12428 18
12429 18
12430 1118
12431 1378
12432 18
12433 1389
12434 18
12435 89
12436 18
12437 18
12438 182
12439 1117
12440 104
12441 1109
12442 28
12443 1295
12444 18
12445 1113
12446 18
12447 1109
12448 11
12449 11
12450 262
12451 18
12452 18
12453 55
12454 18
12455 110
12456 18
12457 1295
12458 1260
12459 1295
12460 18
12461 18
12462 1266
12463 18
12464 1295
12465 18
12466 18
12467 18
12468 18
12469 18
12470 18
12471 104
12472 18
12473 18
12474 18
12475 18
12476 1109
12477 18
12478 18
12479 18
12480 1363
12481 18
12482 18
12483 18
12484 110
12485 18
12486 18
12487 1118
12488 18
12489 18
12490 18
12491 18
12492 18
12493 18
12494 18
12495 18
12496 258
12497 1109
12498 18
12499 18
12500 1295
12501 1295
12502 1295
12503 48
12504 18
12505 1109
12506 1109
12507 18
12508 18
12509 1295
12510 18
12511 18
12512 1295
12513 18
12514 18
12515 48
12516 86
12517 18
12518 18
12519 18
12520 1109
12521 18
12522 18
12523 18
12524 55
12525 18
12526 1275
12527 1295
12528 104
12529 18
12530 18
12531 1295
12532 110
12533 18
12534 1109
12535 1109
12536 55
12537 18
12538 12
12539 1295
12540 1109
12541 18
12542 1109
12543 1109
12544 1288
12545 1288
12546 18
12547 18
12548 18
12549 18
12550 1109
12551 1295
12552 1118
12553 1295
12554 18
12555 1113
12556 18
12557 18
12558 18
12559 31
12560 155
12561 18
12562 18
12563 18
12564 18
12565 1118
12566 1295
12567 18
12568 104
12569 89
12570 1109
12571 18
12572 1109
12573 18
12574 1295
12575 1109
12576 1295
12577 18
12578 18
12579 1295
12580 1113
12581 102
12582 1109
12583 1295
12584 18
12585 1109
12586 1295
12587 1109
12588 1109
12589 104
12590 1109
12591 18
12592 1295
12593 1109
12594 1295
12595 1109
12596 295
12597 18
12598 104
12599 18
12600 18
12601 1109
12602 18
12603 1109
12604 1109
12605 18
12606 104
12607 1109
12608 1113
12609 7
12610 1295
12611 1295
12612 1295
12613 1109
12614 18
12615 110
12616 747
12617 1109
12618 18
12619 1487
12620 1295
12621 104
12622 18
12623 18
12624 1109
12625 104
12626 1113
12627 1109
12628 18
12629 1109
12630 77
12631 29
12632 1113
12633 1295
12634 12
12635 1295
12636 18
12637 18
12638 1463
12639 18
12640 18
12641 1295
12642 1295
12643 1295
12644 1109
12645 18
12646 1109
12647 142
12648 1295
12649 1109
12650 1109
12651 1109
12652 1109
12653 1109
12654 1295
12655 1109
12656 1109
12657 1295
12658 18
12659 18
12660 1109
12661 1109
12662 1117
12663 18
12664 1109
12665 1397
12666 18
12667 1109
12668 1295
12669 1109
12670 1109
12671 1295
12672 1109
12673 1109
12674 1109
12675 1109
12676 30
12677 1109
12678 1465
12679 1109
12680 1109
12681 1295
12682 1109
12683 1295
12684 1109
12685 1109
12686 50
12687 1109
12688 1109
12689 1109
12690 1109
12691 1109
12692 1295
12693 1109
12694 89
12695 1109
12696 1109
12697 1109
12698 1109
12699 1109
12700 1109
12701 1109
12702 1109
12703 1109
12704 1109
12705 1109
12706 1109
12707 1109
12708 1517
12709 1113
12710 262
12711 1295
12712 1109
12713 1109
12714 1113
12715 1109
12716 1109
12717 1109
12718 1109
12719 1109
12720 1109
12721 1109
12722 1109
12723 1109
12724 1109
12725 1109
12726 1109
12727 1109
12728 1109
12729 1109
12730 110
12731 1109
12732 1295
12733 18
12734 1109
12735 747
12736 18
12737 1109
12738 1295
12739 1295
12740 1109
12741 18
12742 1272
12743 89
12744 1466
12745 18
12746 1295
12747 139
12748 1295
12749 1295
12750 1109
12751 1295
12752 1109
12753 1109
12754 1109
12755 86
12756 1109
12757 1295
12758 110
12759 1295
12760 1109
12761 1109
12762 1295
12763 1109
12764 18
12765 1295
12766 18
12767 18
12768 146
12769 1113
12770 1295
12771 262
12772 55
12773 1295
12774 1295
12775 1295
12776 1109
12777 18
12778 1295
12779 1113
12780 1113
12781 1295
12782 1133
12783 1397
12784 1113
12785 1295
12786 1295
12787 1295
12788 1295
12789 1295
12790 18
12791 1295
12792 55
12793 1295
12794 1295
12795 18
12796 1295
12797 1113
12798 18
12799 1295
12800 1295
12801 18
12802 1295
12803 155
12804 18
12805 1295
12806 1295
12807 1110
12808 155
12809 18
12810 1400
12811 1295
12812 1109
12813 1109
12814 1295
12815 104
12816 1295
12817 1400
12818 1295
12819 1400
12820 18
12821 18
12822 1109
12823 1400
12824 1400
12825 1400
12826 1400
12827 18
12828 1400
12829 1400
12830 1400
12831 1400
12832 1295
12833 18
12834 295
12835 1400
12836 1400
12837 1400
12838 1400
12839 1400
12840 295
12841 1400
12842 1400
12843 1400
12844 20
12845 18
12846 20
12847 1400
12848 1400
12849 1109
12850 1400
12851 1400
12852 1400
12853 1400
12854 1400
12855 1400
12856 1400
12857 1400
12858 1400
12859 1400
12860 1400
12861 20
12862 295
12863 20
12864 1400
12865 1400
12866 1109
12867 1400
12868 1109
12869 1400
12870 1400
12871 1295
12872 14
12873 155
12874 295
12875 1400
12876 1400
12877 1400
12878 20
12879 1400
12880 1400
12881 1400
12882 1400
12883 1400
12884 1400
12885 86
12886 155
12887 1400
12888 1400
12889 1400
12890 1400
12891 1400
12892 1400
12893 1400
12894 1400
12895 1400
12896 1400
12897 1400
12898 1295
12899 1400
12900 1400
12901 1400
12902 1400
12903 1400
12904 20
12905 1117
12906 1400
12907 1295
12908 1400
12909 1400
12910 1400
12911 1400
12912 1400
12913 18
12914 1117
12915 1400
12916 1400
12917 1400
12918 1400
12919 1400
12920 1400
12921 1400
12922 1400
12923 1295
12924 1295
12925 1295
12926 1400
12927 1400
12928 1400
12929 1400
12930 18
12931 18
12932 1400
12933 1400
12934 1400
12935 1133
12936 1400
12937 1400
12938 1295
12939 1400
12940 1400
12941 18
12942 1109
12943 1295
12944 1400
12945 1400
12946 1400
12947 1295
12948 1400
12949 1400
12950 1400
12951 18
12952 1400
12953 1400
12954 1400
12955 1400
12956 1400
12957 1400
12958 1400
12959 1400
12960 1400
12961 110
12962 1400
12963 1400
12964 1400
12965 1400
12966 1400
12967 1109
12968 1515
12969 1400
12970 1400
12971 1400
12972 1400
12973 1400
12974 1295
12975 1400
12976 1400
12977 18
12978 1400
12979 1400
12980 1400
12981 1400
12982 1400
12983 1400
12984 1400
12985 18
12986 18
12987 1400
12988 1400
12989 1400
12990 1400
12991 1400
12992 1400
12993 1400
12994 1400
12995 1400
12996 146
12997 1400
12998 1400
12999 1400
13000 1400
13001 1400
13002 1400
13003 1400
13004 30
13005 155
13006 1295
13007 1400
13008 1400
13009 1295
13010 1400
13011 1400
13012 1400
13013 1400
13014 1400
13015 1400
13016 1400
13017 1400
13018 1400
13019 1400
13020 1400
13021 1400
13022 1400
13023 1400
13024 1400
13025 1400
13026 1400
13027 18
13028 1400
13029 18
13030 1400
13031 262
13032 1378
13033 1400
13034 1295
13035 1400
13036 1400
13037 1400
13038 1400
13039 1400
13040 1400
13041 1400
13042 1400
13043 1400
13044 1400
13045 1295
13046 1400
13047 1400
13048 1400
13049 1400
13050 1400
13051 1400
13052 1400
13053 1295
13054 1400
13055 1400
13056 1400
13057 1400
13058 1109
13059 1109
13060 1400
13061 232
13062 1400
13063 1109
13064 1400
13065 11
13066 1400
13067 1295
13068 1400
13069 1400
13070 1400
13071 1400
13072 1295
13073 1400
13074 1295
13075 1400
13076 1295
13077 1400
13078 1400
13079 1400
13080 1295
13081 1400
13082 241
13083 1400
13084 1400
13085 1400
13086 1400
13087 1400
13088 1400
13089 1295
13090 1400
13091 1400
13092 1400
13093 1400
13094 1113
13095 1400
13096 1400
13097 1109
13098 1400
13099 1400
13100 1400
13101 1400
13102 1400
13103 1400
13104 1378
13105 1400
13106 1400
13107 1400
13108 1295
13109 1400
13110 41
13111 1400
13112 1400
13113 1400
13114 1400
13115 1400
13116 1400
13117 1400
13118 1295
13119 1400
13120 1400
13121 1400
13122 1400
13123 1400
13124 262
13125 18
13126 1400
13127 1400
13128 1400
13129 1295
13130 1400
13131 1378
13132 1400
13133 89
13134 110
13135 1400
13136 1400
13137 1400
13138 1400
13139 1400
13140 1400
13141 1400
13142 1400
13143 11
13144 1400
13145 1400
13146 1400
13147 1295
13148 1295
13149 1400
13150 1400
13151 1400
13152 1109
13153 1400
13154 127
13155 1400
13156 1400
13157 1400
13158 1400
13159 1400
13160 1400
13161 1400
13162 104
13163 1400
13164 1400
13165 1109
13166 1400
13167 1400
13168 1109
13169 1400
13170 1400
13171 1400
13172 1400
13173 1400
13174 1400
13175 1400
13176 1400
13177 1400
13178 1400
13179 1109
13180 1109
13181 1400
13182 1118
13183 1400
13184 1400
13185 1400
13186 106
13187 1400
13188 1109
13189 1400
13190 1400
13191 1400
13192 1400
13193 1295
13194 18
13195 1400
13196 1400
13197 1400
13198 1109
13199 89
13200 1400
13201 1400
13202 1400
13203 1400
13204 1400
13205 1400
13206 18
13207 1400
13208 1400
13209 1400
13210 110
13211 18
13212 11
13213 1400
13214 1400
13215 1400
13216 1400
13217 1400
13218 1515
13219 1400
13220 1400
13221 1400
13222 1400
13223 1295
13224 1400
13225 1400
13226 222
13227 1295
13228 1400
13229 1400
13230 1109
13231 1400
13232 1400
13233 1400
13234 1400
13235 1400
13236 1400
13237 1400
13238 1295
13239 1400
13240 14
13241 1109
13242 1468
13243 1400
13244 1400
13245 1400
13246 1400
13247 1400
13248 1400
13249 1400
13250 1400
13251 18
13252 1400
13253 1400
13254 1400
13255 1400
13256 1400
13257 1400
13258 1400
13259 1400
13260 1400
13261 100
13262 1400
13263 1400
13264 1400
13265 1400
13266 1400
13267 1400
13268 1400
13269 1400
13270 1400
13271 155
13272 1400
13273 18
13274 1400
13275 1400
13276 1400
13277 1400
13278 1400
