2784 56
2785 118
2786 132
2787 74
2788 26
2789 78
2790 74
2791 86
2792 37
2793 76
2794 189
2795 8
2796 1259
2797 39
2798 1175
2799 23
2800 132
2801 75
2802 17
2803 119
2804 932
2805 23
2806 86
2807 132
2808 132
2809 55
2810 13
2811 112
2812 13
2813 25
2814 132
2815 27
2816 33
2817 86
2818 85
2819 21
2820 99
2821 13
2822 74
2823 76
2824 74
2825 99
2826 153
2827 189
2828 839
2829 1261
2830 113
2831 144
2832 113
2833 86
2834 52
2835 74
2836 132
2837 39
2838 118
2839 25
2840 49
2841 132
2842 46
2843 15
2844 99
2845 72
2846 21
2847 8
2848 74
2849 74
2850 132
2851 104
2852 1265
2853 112
2854 75
2855 99
2856 2
2857 9
2858 132
2859 189
2860 99
2861 91
2862 1203
2863 189
2864 23
2865 100
2866 36
2867 81
2868 21
2869 55
2870 86
2871 868
2872 88
2873 8
2874 9
2875 85
2876 47
2877 17
2878 148
2879 140
2880 15
2881 15
2882 1266
2883 141
2884 112
2885 77
2886 26
2887 23
2888 81
2889 99
2890 34
2891 148
2892 39
2893 119
2894 63
2895 4
2896 123
2897 76
2898 132
2899 126
2900 141
2901 99
2902 25
2903 1012
2904 148
2905 1267
2906 99
2907 64
2908 21
2909 113
2910 88
2911 23
2912 74
2913 9
2914 1184
2915 856
2916 68
2917 76
2918 112
2919 1045
2920 74
2921 132
2922 13
2923 982
2924 8
2925 1268
2926 47
2927 189
2928 58
2929 3
2930 11
2931 23
2932 41
2933 112
2934 1269
2935 52
2936 13
2937 13
2938 74
2939 3
2940 49
2941 113
2942 74
2943 8
2944 3
2945 119
2946 1045
2947 113
2948 116
2949 74
2950 531
2951 1184
2952 8
2953 79
2954 113
2955 80
2956 33
2957 16
2958 77
2959 99
2960 33
2961 31
2962 81
2963 121
2964 75
2965 52
2966 85
2967 74
2968 4
2969 91
2970 55
2971 143
2972 86
2973 1156
2974 74
2975 112
2976 143
2977 25
2978 132
2979 9
2980 63
2981 16
2982 99
2983 81
2984 9
2985 34
2986 86
2987 56
2988 78
2989 38
2990 933
2991 113
2992 140
2993 81
2994 13
2995 74
2996 1270
2997 74
2998 16
2999 25
3000 780
3001 3
3002 112
3003 91
3004 12
3005 113
3006 123
3007 13
3008 13
3009 81
3010 81
3011 21
3012 146
3013 1175
3014 100
3015 1271
3016 78
3017 99
3018 153
3019 80
3020 1272
3021 25
3022 13
3023 2
3024 13
3025 118
3026 3
3027 75
3028 41
3029 86
3030 144
3031 63
3032 129
3033 119
3034 74
3035 140
3036 37
3037 26
3038 1273
3039 113
3040 27
3041 8
3042 3
3043 24
3044 16
3045 44
3046 26
3047 75
3048 5
3049 33
3050 5
3051 118
3052 8
3053 23
3054 86
3055 1263
3056 49
3057 856
3058 77
3059 132
3060 148
3061 47
3062 3
3063 140
3064 13
3065 86
3066 74
3067 36
3068 132
3069 16
3070 86
3071 1012
3072 74
3073 872
3074 13
3075 1203
3076 49
3077 39
3078 146
3079 132
3080 141
3081 3
3082 99
3083 4
3084 8
3085 31
3086 982
3087 2
3088 4
3089 132
3090 78
3091 24
3092 36
3093 47
3094 542
3095 17
3096 34
3097 3
3098 16
3099 113
3100 132
3101 8
3102 41
3103 75
3104 73
3105 74
3106 8
3107 99
3108 4
3109 112
3110 1275
3111 118
3112 116
3113 839
3114 86
3115 146
3116 49
3117 184
3118 99
3119 16
3120 113
3121 9
3122 11
3123 37
3124 86
3125 16
3126 74
3127 531
3128 13
3129 129
3130 49
3131 78
3132 75
3133 132
3134 99
3135 129
3136 129
3137 100
3138 23
3139 37
3140 74
3141 16
3142 118
3143 91
3144 73
3145 31
3146 1264
3147 868
3148 74
3149 31
3150 85
3151 47
3152 74
3153 31
3154 47
3155 8
3156 74
3157 85
3158 25
3159 101
3160 15
3161 104
3162 74
3163 11
3164 39
3165 121
3166 129
3167 13
3168 63
3169 16
3170 1276
3171 46
3172 99
3173 148
3174 112
3175 123
3176 1277
3177 1186
3178 23
3179 47
3180 86
3181 184
3182 39
3183 91
3184 129
3185 99
3186 99
3187 137
3188 39
3189 79
3190 37
3191 8
3192 109
3193 74
3194 1045
3195 13
3196 78
3197 64
3198 47
3199 41
3200 8
3201 72
3202 74
3203 88
3204 72
3205 16
3206 17
3207 132
3208 100
3209 16
3210 129
3211 113
3212 118
3213 148
3214 81
3215 41
3216 11
3217 78
3218 123
3219 99
3220 81
3221 34
3222 49
3223 39
3224 41
3225 32
3226 113
3227 80
3228 33
3229 15
3230 13
3231 99
3232 13
3233 74
3234 33
3235 31
3236 132
3237 8
3238 4
3239 113
3240 41
3241 74
3242 25
3243 148
3244 1260
3245 49
3246 118
3247 74
3248 23
3249 12
3250 872
3251 118
3252 1278
3253 23
3254 4
3255 129
3256 100
3257 113
3258 75
3259 113
3260 113
3261 112
3262 3
3263 86
3264 140
3265 49
3266 839
3267 99
3268 8
3269 80
3270 86
3271 132
3272 99
3273 39
3274 119
3275 113
3276 1186
3277 9
3278 75
3279 3
3280 87
3281 34
3282 34
3283 33
3284 37
3285 113
3286 1279
3287 155
3288 27
3289 137
3290 112
3291 74
3292 23
3293 76
3294 33
3295 100
3296 4
3297 41
3298 25
3299 64
3300 1280
3301 13
3302 49
3303 86
3304 119
3305 99
3306 81
3307 81
3308 137
3309 37
3310 68
3311 27
3312 49
3313 13
3314 155
3315 32
3316 116
3317 13
3318 74
3319 74
3320 16
3321 1262
3322 1274
3323 3
3324 56
3325 47
3326 52
3327 542
3328 8
3329 3
3330 23
3331 85
3332 37
3333 86
3334 24
3335 68
3336 47
3337 63
3338 13
3339 13
3340 75
3341 37
3342 23
3343 119
3344 8
3345 86
3346 27
3347 72
3348 118
3349 79
3350 119
3351 13
3352 59
3353 132
3354 80
3355 23
3356 31
3357 132
3358 101
3359 15
3360 132
3361 23
3362 13
3363 141
3364 104
3365 100
3366 36
3367 74
3368 140
3369 80
3370 23
3371 27
3372 137
3373 17
3374 9
3375 44
3376 47
3377 1281
3378 74
3379 16
3380 85
3381 13
3382 74
3383 126
3384 8
3385 86
3386 13
3387 140
3388 81
3389 4
3390 132
3391 55
3392 25
3393 78
3394 104
3395 75
3396 86
3397 104
3398 58
3399 34
3400 99
3401 3
3402 74
3403 99
3404 141
3405 81
3406 31
3407 116
3408 141
3409 3
3410 16
3411 100
3412 982
3413 74
3414 96
3415 34
3416 140
3417 34
3418 13
3419 123
3420 49
3421 32
3422 49
3423 542
3424 4
3425 81
3426 104
3427 1282
3428 80
3429 8
3430 4
3431 80
3432 33
3433 78
3434 16
3435 80
3436 47
3437 13
3438 25
3439 81
3440 4
3441 34
3442 37
3443 31
3444 79
3445 86
3446 47
3447 155
3448 39
3449 99
3450 74
3451 933
3452 87
3453 542
3454 99
3455 74
3456 140
3457 31
3458 112
3459 25
3460 41
3461 32
3462 531
3463 34
3464 74
3465 132
3466 116
3467 118
3468 13
3469 933
3470 13
3471 80
3472 76
3473 74
3474 129
3475 16
3476 856
3477 47
3478 74
3479 85
