3480 809
3481 129
3482 148
3483 31
3484 33
3485 74
3486 78
3487 80
3488 81
3489 101
3490 27
3491 691
3492 27
3493 132
3494 10
3495 708
3496 25
3497 59
3498 132
3499 10
3500 99
3501 59
3502 113
3503 44
3504 121
3505 72
3506 49
3507 100
3508 77
3509 1075
3510 86
3511 33
3512 8
3513 129
3514 44
3515 37
3516 154
3517 27
3518 26
3519 47
3520 99
3521 76
3522 34
3523 109
3524 44
3525 130
3526 1269
3527 31
3528 4
3529 74
3530 91
3531 13
3532 25
3533 812
3534 13
3535 81
3536 13
3537 969
3538 162
3539 33
3540 74
3541 141
3542 75
3543 85
3544 79
3545 23
3546 27
3547 109
3548 88
3549 39
3550 27
3551 41
3552 63
3553 669
3554 75
3555 39
3556 666
3557 141
3558 1270
3559 132
3560 13
3561 49
3562 129
3563 109
3564 63
3565 72
3566 189
3567 33
3568 109
3569 109
3570 41
3571 116
3572 148
3573 99
3574 81
3575 99
3576 189
3577 25
3578 91
3579 130
3580 27
3581 8
3582 27
3583 17
3584 91
3585 141
3586 74
3587 27
3588 55
3589 13
3590 890
3591 27
3592 99
3593 74
3594 25
3595 63
3596 59
3597 27
3598 39
3599 33
3600 80
3601 27
3602 13
3603 74
3604 1271
3605 13
3606 56
3607 8
3608 41
3609 116
3610 1272
3611 72
3612 47
3613 141
3614 81
3615 23
3616 33
3617 8
3618 99
3619 116
3620 74
3621 1105
3622 16
3623 141
3624 91
3625 1105
3626 109
3627 73
3628 49
3629 81
3630 41
3631 689
3632 75
3633 99
3634 689
3635 80
3636 13
3637 151
3638 32
3639 694
3640 47
3641 151
3642 55
3643 75
3644 34
3645 74
3646 16
3647 113
3648 99
3649 39
3650 681
3651 666
3652 141
3653 13
3654 25
3655 31
3656 1105
3657 27
3658 76
3659 85
3660 694
3661 702
3662 4
3663 151
3664 74
3665 46
3666 75
3667 1105
3668 112
3669 75
3670 708
3671 85
3672 33
3673 27
3674 16
3675 74
3676 39
3677 116
3678 87
3679 13
3680 74
3681 1273
3682 31
3683 96
3684 148
3685 1274
3686 8
3687 13
3688 4
3689 75
3690 74
3691 99
3692 13
3693 25
3694 79
3695 132
3696 146
3697 689
3698 1275
3699 677
3700 151
3701 55
3702 72
3703 76
3704 75
3705 151
3706 677
3707 56
3708 11
3709 27
3710 1276
3711 23
3712 86
3713 13
3714 4
3715 31
3716 16
3717 112
3718 80
3719 8
3720 68
3721 27
3722 13
3723 39
3724 101
3725 121
3726 132
3727 27
3728 8
3729 44
3730 17
3731 132
3732 112
3733 990
3734 39
3735 27
3736 74
3737 27
3738 677
3739 113
3740 99
3741 148
3742 75
3743 34
3744 140
3745 151
3746 137
3747 24
3748 73
3749 23
3750 21
3751 55
3752 27
3753 74
3754 75
3755 151
3756 49
3757 88
3758 25
3759 56
3760 116
3761 39
3762 132
3763 708
3764 77
3765 74
3766 132
3767 8
3768 81
3769 74
3770 113
3771 81
3772 74
3773 56
3774 44
3775 25
3776 21
3777 46
3778 80
3779 56
3780 13
3781 31
3782 99
3783 132
3784 39
3785 13
3786 966
3787 15
3788 99
3789 81
3790 81
3791 75
3792 13
3793 812
3794 126
3795 101
3796 74
3797 1277
3798 141
3799 74
3800 112
3801 184
3802 37
3803 708
3804 25
3805 86
3806 13
3807 109
3808 80
3809 13
3810 4
3811 126
3812 39
3813 85
3814 141
3815 39
3816 55
3817 101
3818 44
3819 116
3820 966
3821 26
3822 85
3823 104
3824 75
3825 141
3826 27
3827 81
3828 112
3829 49
3830 85
3831 81
3832 11
3833 36
3834 81
3835 13
3836 25
3837 140
3838 80
3839 25
3840 137
3841 72
3842 85
3843 24
3844 87
3845 80
3846 85
3847 129
3848 16
3849 31
3850 151
3851 91
3852 74
3853 24
3854 112
3855 13
3856 49
3857 113
3858 9
3859 32
3860 27
3861 74
3862 99
3863 132
3864 39
3865 684
3866 8
3867 85
3868 25
3869 1074
3870 39
3871 31
3872 81
3873 101
3874 99
3875 44
3876 31
3877 113
3878 148
3879 21
3880 47
3881 141
3882 695
3883 116
3884 27
3885 3
3886 112
3887 15
3888 99
3889 78
3890 1278
3891 96
3892 25
3893 144
3894 39
3895 31
3896 81
3897 55
3898 74
3899 85
3900 13
3901 9
3902 113
3903 37
3904 101
3905 21
3906 55
3907 39
3908 56
3909 74
3910 116
3911 74
3912 677
3913 666
3914 154
3915 23
3916 37
3917 1063
3918 47
3919 1102
3920 125
3921 4
3922 155
3923 86
3924 85
3925 13
3926 125
3927 74
3928 141
3929 81
3930 74
3931 86
3932 51
3933 151
3934 5
3935 86
3936 80
3937 33
3938 74
3939 11
3940 1279
3941 146
3942 104
3943 47
3944 151
3945 1280
3946 23
3947 148
3948 41
3949 1281
3950 1282
3951 49
3952 38
3953 81
3954 33
3955 81
3956 16
3957 890
3958 25
3959 116
3960 129
3961 25
3962 81
3963 141
3964 155
3965 691
3966 37
3967 74
3968 91
3969 17
3970 81
3971 41
3972 91
3973 5
3974 27
3975 47
3976 8
3977 21
3978 189
3979 32
3980 75
3981 695
3982 132
3983 118
3984 99
3985 21
3986 130
3987 189
3988 86
3989 56
3990 39
3991 17
3992 101
3993 23
3994 41
3995 148
3996 184
3997 75
3998 74
3999 23
4000 683
4001 189
4002 141
4003 27
4004 708
4005 155
4006 141
4007 116
4008 74
4009 129
4010 113
4011 101
4012 99
4013 116
4014 27
4015 56
4016 99
4017 8
4018 68
4019 55
4020 708
4021 141
4022 23
4023 34
4024 27
4025 189
4026 74
4027 129
4028 151
4029 16
4030 1102
4031 34
4032 132
4033 13
4034 81
4035 23
4036 123
4037 56
4038 8
4039 99
4040 113
4041 132
4042 86
4043 4
4044 85
4045 9
4046 184
4047 76
4048 113
4049 96
4050 13
4051 121
4052 702
4053 31
4054 129
4055 72
4056 116
4057 87
4058 189
4059 146
4060 113
4061 91
4062 75
4063 55
4064 804
4065 695
4066 141
4067 77
4068 24
4069 140
4070 148
4071 16
4072 104
4073 666
4074 17
4075 684
4076 25
4077 132
4078 1105
4079 49
4080 184
4081 68
4082 39
4083 151
4084 132
4085 41
4086 113
4087 80
4088 100
4089 86
4090 46
4091 74
4092 184
4093 708
4094 99
4095 74
4096 15
4097 39
4098 39
4099 75
4100 13
4101 189
4102 99
4103 24
4104 116
4105 33
4106 151
4107 1102
4108 31
4109 673
4110 1283
4111 132
4112 141
4113 80
4114 87
4115 31
4116 4
4117 113
4118 91
4119 31
4120 155
4121 708
4122 41
4123 74
4124 81
4125 113
4126 112
4127 11
4128 684
4129 17
4130 25
4131 74
4132 32
4133 37
4134 9
4135 13
4136 148
4137 36
4138 13
4139 132
4140 146
4141 13
4142 99
4143 116
4144 137
4145 80
4146 81
4147 31
4148 13
4149 74
4150 99
4151 691
4152 1284
4153 56
4154 74
4155 79
4156 189
4157 132
4158 80
4159 116
4160 33
4161 141
4162 21
4163 148
4164 99
4165 3
4166 86
4167 49
4168 56
4169 151
4170 75
4171 17
4172 34
4173 1285
4174 49
4175 74
