1392 118
1393 33
1394 64
1395 41
1396 72
1397 80
1398 142
1399 63
1400 74
1401 531
1402 52
1403 140
1404 33
1405 4
1406 13
1407 80
1408 86
1409 99
1410 542
1411 932
1412 8
1413 79
1414 38
1415 39
1416 24
1417 27
1418 100
1419 4
1420 17
1421 78
1422 25
1423 155
1424 49
1425 33
1426 76
1427 58
1428 85
1429 86
1430 5
1431 132
1432 81
1433 8
1434 17
1435 37
1436 747
1437 74
1438 39
1439 74
1440 116
1441 79
1442 118
1443 72
1444 74
1445 116
1446 1008
1447 21
1448 112
1449 142
1450 100
1451 113
1452 41
1453 74
1454 141
1455 80
1456 112
1457 74
1458 112
1459 15
1460 47
1461 148
1462 27
1463 80
1464 21
1465 49
1466 13
1467 933
1468 184
1469 100
1470 80
1471 68
1472 81
1473 184
1474 1009
1475 99
1476 13
1477 75
1478 16
1479 3
1480 1011
1481 77
1482 33
1483 99
1484 38
1485 189
1486 118
1487 99
1488 74
1489 31
1490 1012
1491 13
1492 5
1493 37
1494 129
1495 3
1496 132
1497 16
1498 146
1499 8
1500 74
1501 8
1502 36
1503 32
1504 118
1505 112
1506 15
1507 118
1508 11
1509 13
1510 654
1511 13
1512 148
1513 104
1514 969
1515 74
1516 13
1517 17
1518 33
1519 9
1520 100
1521 81
1522 121
1523 113
1524 87
1525 23
1526 100
1527 38
1528 99
1529 91
1530 37
1531 86
1532 74
1533 148
1534 24
1535 47
1536 99
1537 86
1538 1006
1539 33
1540 74
1541 63
1542 78
1543 81
1544 79
1545 15
1546 112
1547 88
1548 59
1549 21
1550 3
1551 81
1552 31
1553 55
1554 148
1555 113
1556 39
1557 140
1558 780
1559 113
1560 47
1561 78
1562 25
1563 109
1564 80
1565 24
1566 86
1567 856
1568 16
1569 118
1570 9
1571 154
1572 747
1573 13
1574 184
1575 74
1576 80
1577 81
1578 8
1579 1015
1580 16
1581 8
1582 780
1583 8
1584 15
1585 970
1586 130
1587 13
1588 1016
1589 13
1590 68
1591 74
1592 1010
1593 8
1594 75
1595 129
1596 8
1597 988
1598 77
1599 51
1600 155
1601 86
1602 119
1603 116
1604 13
1605 25
1606 74
1607 3
1608 155
1609 16
1610 116
1611 755
1612 129
1613 13
1614 4
1615 74
1616 113
1617 8
1618 969
1619 856
1620 15
1621 13
1622 16
1623 100
1624 9
1625 55
1626 15
1627 33
1628 970
1629 153
1630 34
1631 37
1632 16
1633 74
1634 23
1635 85
1636 13
1637 85
1638 25
1639 74
1640 26
1641 113
1642 79
1643 132
1644 755
1645 37
1646 15
1647 13
1648 74
1649 72
1650 4
1651 73
1652 3
1653 184
1654 73
1655 75
1656 932
1657 129
1658 39
1659 132
1660 34
1661 77
1662 141
1663 81
1664 119
1665 16
1666 13
1667 118
1668 184
1669 33
1670 143
1671 113
1672 1007
1673 80
1674 21
1675 77
1676 81
1677 939
1678 129
1679 86
1680 113
1681 72
1682 81
1683 81
1684 81
1685 101
1686 3
1687 85
1688 38
1689 34
1690 74
1691 41
1692 46
1693 15
1694 16
1695 75
1696 74
1697 11
1698 13
1699 11
1700 99
1701 79
1702 99
1703 31
1704 112
1705 72
1706 112
1707 31
1708 113
1709 91
1710 86
1711 74
1712 74
1713 15
1714 79
1715 51
1716 74
1717 21
1718 86
1719 16
1720 11
1721 118
1722 37
1723 116
1724 78
1725 79
1726 27
1727 933
1728 13
1729 64
1730 86
1731 141
1732 8
1733 13
1734 951
1735 36
1736 132
1737 16
1738 74
1739 961
1740 51
1741 988
1742 123
1743 16
1744 49
1745 39
1746 58
1747 100
1748 86
1749 1017
1750 15
1751 81
1752 155
1753 132
1754 531
1755 75
1756 21
1757 36
1758 5
1759 125
1760 74
1761 99
1762 13
1763 148
1764 49
1765 21
1766 121
1767 1018
1768 80
1769 34
1770 155
1771 140
1772 100
1773 33
1774 88
1775 68
1776 153
1777 77
1778 49
1779 16
1780 74
1781 542
1782 132
1783 58
1784 142
1785 137
1786 8
1787 27
1788 113
1789 154
1790 132
1791 99
1792 99
1793 995
1794 118
1795 9
1796 132
1797 13
1798 132
1799 78
1800 13
1801 959
1802 8
1803 81
1804 21
1805 49
1806 74
1807 37
1808 148
1809 113
1810 78
1811 113
1812 33
1813 85
1814 33
1815 3
1816 85
1817 74
1818 34
1819 32
1820 1014
1821 24
1822 13
1823 21
1824 31
1825 4
1826 23
1827 23
1828 4
1829 113
1830 80
1831 933
1832 982
1833 8
1834 13
1835 132
1836 155
1837 49
1838 25
1839 74
1840 49
1841 11
1842 64
1843 72
1844 140
1845 74
1846 85
1847 21
1848 39
1849 64
1850 542
1851 148
1852 116
1853 99
1854 137
1855 961
1856 75
1857 132
1858 908
1859 13
1860 79
1861 100
1862 4
1863 5
1864 13
1865 23
1866 86
1867 4
1868 34
1869 141
1870 112
1871 26
1872 130
1873 80
1874 13
1875 148
1876 39
1877 5
1878 17
1879 13
1880 74
1881 13
1882 86
1883 542
1884 99
1885 189
1886 34
1887 1019
1888 75
1889 112
1890 79
1891 85
1892 86
1893 38
1894 1020
1895 21
1896 184
1897 39
1898 15
1899 74
1900 11
1901 121
1902 112
1903 13
1904 33
1905 542
1906 8
1907 8
1908 112
1909 16
1910 78
1911 154
1912 126
1913 11
1914 988
1915 982
1916 109
1917 86
1918 104
1919 31
1920 56
1921 55
1922 78
1923 23
1924 988
1925 13
1926 49
1927 113
1928 8
1929 38
1930 56
1931 32
1932 74
1933 41
1934 132
1935 39
1936 86
1937 77
1938 51
1939 13
1940 91
1941 33
1942 17
1943 112
1944 75
1945 125
1946 912
1947 113
1948 58
1949 9
1950 119
1951 939
1952 141
1953 87
1954 25
1955 33
1956 995
1957 16
1958 80
1959 75
1960 112
1961 1005
1962 17
1963 74
1964 38
1965 121
1966 146
1967 81
1968 112
1969 148
1970 9
1971 74
1972 13
1973 86
1974 4
1975 13
1976 8
1977 47
1978 933
1979 26
1980 78
1981 34
1982 27
1983 74
1984 26
1985 31
1986 125
1987 38
1988 55
1989 126
1990 51
1991 1021
1992 34
1993 85
1994 959
1995 25
1996 116
1997 80
1998 31
1999 1013
2000 27
2001 101
2002 81
2003 4
2004 88
2005 113
2006 49
2007 81
2008 64
2009 13
2010 8
2011 99
2012 81
2013 64
2014 3
2015 961
2016 112
2017 132
2018 74
2019 16
2020 31
2021 87
2022 55
2023 9
2024 76
2025 78
2026 51
2027 34
2028 13
2029 99
2030 16
2031 75
2032 64
2033 140
2034 74
2035 129
2036 982
2037 49
2038 31
2039 24
2040 56
2041 55
2042 155
2043 141
2044 8
2045 856
2046 112
2047 142
2048 78
2049 96
2050 951
2051 3
2052 154
2053 140
2054 13
2055 32
2056 112
2057 34
2058 64
2059 11
2060 8
2061 74
2062 118
2063 132
2064 11
2065 99
2066 99
2067 3
2068 13
2069 55
2070 25
2071 52
2072 8
2073 27
2074 146
2075 1022
2076 13
2077 34
2078 11
2079 116
2080 21
2081 74
2082 13
2083 8
2084 88
2085 27
2086 41
2087 16
