2346 660
5502 795
8199 798
1778 797
1365 636
430 798
8074 660
5492 797
1062 798
8444 797
6739 660
5093 797
6572 798
3829 797
6989 33
4987 0
8044 797
10005 795
2665 797
3312 797
4932 660
571 798
7032 797
8823 636
4002 0
5286 797
310 797
11081 795
1529 795
6120 636
6889 795
2390 795
10139 660
2309 795
546 797
1023 795
7940 660
2258 797
9865 795
9946 9
5794 0
9779 798
3825 0
861 660
9139 660
4609 794
6185 805
9016 921
2557 803
1940 804
4673 797
9905 797
2838 660
5933 805
7509 660
3983 660
7415 660
802 0
10477 794
2166 660
3246 803
529 805
1949 798
1805 797
4456 0
9457 0
5596 0
7729 0
4440 636
5893 797
2883 0
9056 797
8472 794
10566 797
8009 794
10992 660
7966 0
3265 797
10476 922
9365 660
5245 660
11 794
4564 0
9745 660
3972 795
9995 923
7247 797
2785 660
1029 794
4503 636
5096 33
516 660
1837 797
898 660
763 0
9184 660
4262 795
7669 797
3076 797
1709 795
2733 660
5396 797
8204 636
3366 636
3348 660
6514 660
5899 797
8451 795
4268 636
1354 660
6912 797
1569 660
11054 636
8482 660
4499 660
8613 660
8007 803
4731 795
3494 794
5303 795
1240 636
648 809
8746 795
7748 660
1692 622
7459 33
522 795
9222 0
2732 797
4232 660
4799 797
8509 795
6549 797
9991 636
7778 636
292 797
603 797
7536 794
2840 797
9593 0
4743 797
6956 636
1731 0
3025 660
8928 660
1735 636
4766 798
5213 797
9997 797
681 0
7552 803
9293 0
8724 660
9469 0
9203 797
5237 794
9368 0
1794 660
5850 804
9851 0
8287 660
3541 0
6344 0
9672 797
3928 0
10993 797
9623 636
10662 795
8975 0
4551 636
5927 660
10 798
7865 797
3051 660
10974 660
6422 795
8853 660
2265 636
10206 797
9412 797
10122 797
3557 0
10665 798
2656 636
10761 804
4702 660
2006 797
3404 0
1504 660
3092 636
6036 795
9308 797
6233 0
2428 795
7983 636
9759 795
9211 804
9837 0
9425 803
6735 795
7122 803
454 795
2575 798
7737 795
790 660
5272 636
8850 797
80 797
1010 797
7618 0
9782 623
6614 795
5338 636
9978 0
8582 636
193 809
1089 0
3613 0
10292 797
5400 794
3881 0
6318 636
5767 660
8317 660
95 809
10257 797
10709 798
4291 797
6740 805
54 797
7978 797
8914 797
7422 660
776 809
3080 0
1795 798
1006 797
3422 797
5495 636
1204 795
6920 795
7212 0
1667 660
6197 797
3467 660
7381 797
5168 797
4451 797
2969 804
3302 797
7144 0
10516 622
6169 0
4846 794
3756 797
9196 0
249 809
909 924
5601 30
9401 797
432 0
4534 925
10308 926
2743 794
9897 0
3130 797
10353 0
8123 795
951 809
4118 795
6242 795
7109 795
6687 795
9886 636
3408 0
5504 636
6972 797
9875 660
7739 797
7407 803
6575 803
2601 804
656 809
7314 636
8870 660
2469 0
8539 804
2357 795
1107 795
843 795
9859 803
2095 797
6554 797
2149 794
6999 797
4936 797
2219 804
7346 636
5508 797
1502 636
4006 0
7244 798
355 797
1970 798
6532 660
4066 0
3222 797
7029 795
9575 0
10084 797
5902 0
9498 795
5825 636
9882 636
7489 797
5904 636
1392 660
478 0
4767 795
942 0
9619 795
5248 615
4445 33
3901 798
2861 795
3833 636
5765 0
859 795
8964 660
2740 797
9357 797
9833 636
524 0
9918 797
10485 795
3245 797
5167 660
816 797
11052 794
9113 797
9236 636
9005 795
975 797
8756 0
6762 798
6635 0
887 809
10972 636
10231 0
10363 795
5530 660
7595 803
553 809
9662 0
4704 0
1486 660
2940 797
10195 794
2221 619
4637 795
10378 798
7964 797
3056 797
5928 798
9458 636
2728 660
4387 797
5304 797
8704 619
3143 795
10271 797
6206 805
6487 797
2062 660
4185 794
11098 636
6863 797
8557 0
4109 804
8143 0
2037 797
6613 660
7412 660
4021 0
8627 0
7386 795
3174 624
3420 797
711 809
1454 0
5655 795
6969 636
8458 794
3652 0
5208 660
105 809
1195 660
8675 797
7441 636
7316 33
5041 798
4218 797
56 660
3530 795
5203 798
10468 794
9054 797
4137 636
10659 660
858 616
8585 795
4167 797
10270 795
9950 794
2489 797
5884 798
4774 797
6438 660
1060 795
1282 615
6193 660
5622 0
964 809
1230 797
4754 16
4742 794
10338 0
6941 636
7813 797
2586 636
3623 0
8460 0
6428 795
5618 794
9132 0
595 809
9489 636
1926 797
3951 797
4695 795
1869 0
523 809
6349 797
7311 636
3116 797
3067 636
481 809
963 795
1744 797
5257 794
7943 660
1764 797
7469 797
3851 795
1465 33
427 809
6783 795
7945 797
6414 0
9990 0
6530 795
4412 636
3212 660
6228 660
7887 0
10063 0
10390 797
5103 795
1757 636
8791 624
491 795
2420 0
9812 33
10462 795
2731 797
9591 0
6493 636
7722 795
4223 797
8280 797
9668 795
4592 660
4319 660
9072 660
6355 636
6944 798
1507 660
46 797
619 797
408 660
3628 33
6552 795
6536 660
8759 797
10939 660
429 927
4486 798
2640 797
7777 797
216 809
3183 795
8478 0
6189 660
8652 797
4925 804
6807 795
9304 798
1721 660
902 809
2596 797
4568 798
9383 0
3814 0
8273 803
14 809
8602 803
9024 0
4311 0
8504 660
47 795
9393 794
9465 660
2215 0
8198 660
736 0
5934 797
4595 795
4482 795
10800 794
4994 620
165 798
3363 0
5643 797
10789 804
5821 660
9943 795
417 809
2512 795
308 794
4438 0
4161 0
3968 795
512 809
10579 928
7079 794
10674 660
4079 797
2453 660
9708 0
893 797
6172 636
3251 660
151 805
947 797
358 795
5287 0
5995 803
1442 660
8574 0
2183 0
818 795
9011 795
10369 660
3963 0
332 797
4618 660
7549 794
4937 660
6507 797
10897 660
3561 797
9058 636
3506 797
10350 797
4476 28
3578 804
5365 0
8699 797
1424 797
671 809
4617 0
10776 798
482 809
7058 660
4112 0
2558 797
5009 636
4302 795
4567 798
904 809
4898 0
939 0
8446 660
2100 797
4870 804
3111 803
10235 795
2043 0
901 797
5359 636
3003 795
10696 33
9661 636
5837 798
8144 804
2900 0
2090 795
5109 797
8053 798
5451 636
9372 929
2698 660
1129 0
248 809
111 795
4174 797
4061 795
504 0
5259 794
6134 660
8170 797
1358 804
8379 660
1289 0
59 809
9399 0
5645 660
10950 805
130 804
5952 798
5115 795
957 809
5157 795
538 797
6002 797
372 797
4326 0
4363 0
9727 0
2275 797
11076 797
8258 795
2282 0
6544 636
9580 804
5488 795
2633 797
7392 636
1141 0
1040 797
3142 660
6629 795
1284 930
4895 795
6433 0
8272 795
5372 797
10097 797
5387 797
9768 636
10863 0
4249 660
7221 660
8320 660
295 660
1840 797
5049 660
7045 794
6857 804
9080 636
3798 0
6519 795
1131 797
8498 795
237 0
228 797
7275 794
6516 797
5549 660
8603 636
10874 797
974 616
10655 660
3499 794
9810 797
8852 660
2655 797
7001 636
6046 797
3856 797
6430 0
2041 931
313 932
5634 809
5250 933
4341 934
