3794 63
3795 22
3796 727
3797 47
3798 139
3799 588
3800 603
3801 51
3802 728
3803 113
3804 606
3805 730
3806 80
3807 110
3808 110
3809 47
3810 139
3811 148
3812 110
3813 732
3814 603
3815 730
3816 606
3817 1
3818 732
3819 587
3820 606
3821 110
3822 732
3823 90
3824 36
3825 606
3826 63
3827 54
3828 148
3829 573
3830 573
3831 110
3832 606
3833 86
3834 736
3835 43
3836 63
3837 573
3838 603
3839 110
3840 90
3841 110
3842 603
3843 90
3844 43
3845 80
3846 110
3847 727
3848 110
3849 730
3850 80
3851 732
3852 573
3853 80
3854 36
3855 606
3856 139
3857 48
3858 573
3859 80
3860 47
3861 573
3862 86
3863 727
3864 732
3865 54
3866 47
3867 573
3868 110
3869 603
3870 736
3871 110
3872 37
3873 139
3874 573
3875 732
3876 573
3877 36
3878 573
3879 139
3880 80
3881 573
3882 1
3883 1
3884 606
3885 732
3886 606
3887 90
3888 36
3889 597
3890 54
3891 603
3892 110
3893 80
3894 110
3895 139
3896 139
3897 730
3898 1
3899 573
3900 732
3901 573
3902 573
3903 588
3904 36
3905 814
3906 732
3907 606
3908 573
3909 573
3910 727
3911 80
3912 741
3913 732
3914 727
3915 730
3916 63
3917 573
3918 110
3919 573
3920 603
3921 730
3922 573
3923 103
3924 54
3925 732
3926 80
3927 573
3928 730
3929 741
3930 573
3931 36
3932 1
3933 606
3934 86
3935 80
3936 54
3937 103
3938 63
3939 573
3940 139
3941 732
3942 110
3943 110
3944 47
3945 127
3946 139
3947 732
3948 54
3949 728
3950 80
3951 90
3952 110
3953 23
3954 728
3955 110
3956 110
3957 573
3958 573
3959 573
3960 8
3961 1
3962 732
3963 103
3964 818
3965 51
3966 36
3967 747
3968 603
3969 730
3970 36
3971 748
3972 110
3973 80
3974 80
3975 139
3976 80
3977 732
3978 80
3979 573
3980 730
3981 139
3982 80
3983 63
3984 110
3985 139
3986 727
3987 80
3988 36
3989 139
3990 1
3991 50
3992 110
3993 110
3994 139
3995 573
3996 36
3997 603
3998 573
3999 1
4000 736
4001 18
4002 1
4003 36
4004 727
4005 47
4006 54
4007 103
4008 732
4009 86
4010 587
4011 732
4012 728
4013 110
4014 606
4015 80
4016 80
4017 573
4018 86
4019 80
4020 54
4021 573
4022 606
4023 86
4024 139
4025 732
4026 103
4027 741
4028 732
4029 573
4030 573
4031 573
4032 110
4033 747
4034 606
4035 736
4036 36
4037 148
4038 80
4039 1
4040 573
4041 603
4042 80
4043 588
4044 54
4045 730
4046 110
4047 90
4048 573
4049 732
4050 573
4051 103
4052 741
4053 727
4054 36
4055 732
4056 573
4057 80
4058 36
4059 110
4060 606
4061 54
4062 728
4063 36
4064 103
4065 603
4066 139
4067 36
4068 597
4069 80
4070 732
4071 732
4072 139
4073 139
4074 606
4075 86
4076 139
4077 727
4078 139
4079 54
4080 573
4081 603
4082 73
4083 139
4084 36
4085 573
4086 56
4087 80
4088 110
4089 1
4090 573
4091 36
4092 110
4093 86
4094 732
4095 606
4096 139
4097 573
4098 727
4099 728
4100 54
4101 110
4102 730
4103 573
4104 732
4105 1
4106 730
4107 63
4108 47
4109 606
4110 730
4111 732
4112 47
4113 127
4114 4
4115 110
4116 90
4117 139
4118 748
4119 80
4120 603
4121 80
4122 139
4123 727
4124 606
4125 139
4126 110
4127 54
4128 603
4129 606
4130 573
4131 110
4132 1
4133 90
4134 732
4135 603
4136 610
4137 732
4138 730
4139 573
4140 110
4141 730
4142 110
4143 588
4144 54
4145 732
4146 728
4147 50
4148 732
4149 603
4150 139
4151 139
4152 80
4153 727
4154 736
4155 603
4156 728
4157 54
4158 90
4159 80
4160 36
4161 727
4162 110
4163 1
4164 47
4165 588
4166 741
4167 606
4168 80
4169 80
4170 732
4171 80
4172 603
4173 110
4174 732
4175 36
4176 139
4177 80
4178 732
4179 86
4180 603
4181 110
4182 10
4183 63
4184 54
4185 139
4186 80
4187 110
4188 30
4189 573
4190 113
4191 80
4192 610
4193 727
4194 573
4195 110
4196 36
4197 50
4198 54
4199 54
4200 736
4201 86
4202 47
4203 727
4204 573
4205 732
4206 110
4207 588
4208 139
4209 730
4210 736
4211 573
4212 588
4213 606
4214 80
4215 573
4216 573
4217 603
4218 36
4219 732
4220 606
4221 747
4222 756
4223 727
4224 63
4225 741
4226 139
4227 728
4228 573
4229 732
4230 756
4231 732
4232 573
4233 730
4234 732
4235 573
4236 139
4237 573
4238 36
4239 603
4240 573
4241 110
4242 606
4243 139
4244 573
4245 113
4246 80
4247 80
4248 36
4249 732
4250 606
4251 732
4252 110
4253 1
4254 606
4255 1
4256 606
4257 573
4258 573
4259 36
4260 110
4261 573
4262 139
4263 573
4264 606
4265 573
4266 732
4267 732
4268 732
4269 606
4270 604
4271 587
4272 573
4273 52
4274 36
4275 36
4276 80
4277 603
4278 69
4279 603
4280 110
4281 50
4282 606
4283 603
4284 730
4285 748
4286 110
4287 113
4288 736
4289 139
4290 80
4291 606
4292 732
4293 139
4294 110
4295 63
4296 139
4297 50
4298 47
4299 732
4300 573
4301 573
4302 36
4303 606
4304 606
4305 814
4306 573
4307 36
4308 54
4309 36
4310 110
4311 732
4312 573
4313 54
4314 748
4315 573
4316 732
4317 732
4318 36
4319 80
4320 573
4321 727
4322 573
4323 606
4324 80
4325 732
4326 110
4327 732
4328 80
4329 573
4330 110
4331 110
4332 36
4333 80
4334 727
4335 606
4336 727
4337 573
4338 80
4339 610
4340 736
4341 573
4342 732
4343 110
4344 36
4345 728
4346 139
4347 730
4348 127
4349 573
4350 583
4351 583
4352 573
4353 573
4354 110
4355 594
4356 732
4357 139
4358 747
4359 148
4360 80
4361 110
4362 603
4363 606
4364 54
4365 573
4366 103
4367 732
4368 603
4369 139
4370 110
4371 80
4372 139
4373 752
4374 110
4375 36
4376 139
4377 732
4378 573
4379 36
4380 606
4381 110
4382 1
4383 80
4384 732
4385 573
4386 36
4387 573
4388 573
4389 90
4390 741
4391 80
4392 80
4393 727
4394 732
4395 90
4396 732
4397 732
4398 606
4399 110
4400 573
4401 606
4402 90
4403 110
4404 80
4405 606
4406 139
4407 587
4408 139
4409 54
4410 730
4411 51
4412 573
4413 36
4414 573
4415 573
4416 573
4417 573
4418 736
4419 80
4420 139
4421 587
4422 732
4423 36
4424 732
4425 606
4426 90
4427 36
4428 732
4429 139
4430 139
4431 139
4432 90
4433 43
4434 54
4435 606
4436 90
4437 80
4438 603
4439 732
4440 741
4441 606
4442 54
4443 606
4444 573
4445 110
4446 732
4447 139
4448 728
4449 573
4450 736
4451 80
4452 80
4453 110
4454 727
4455 588
4456 732
4457 606
4458 90
4459 80
4460 47
4461 80
4462 10
4463 573
4464 606
4465 139
4466 139
4467 573
4468 36
4469 727
4470 113
4471 727
4472 573
4473 110
4474 573
4475 573
4476 732
4477 54
4478 36
4479 730
4480 727
4481 80
4482 36
4483 573
4484 110
4485 80
4486 732
4487 732
4488 110
4489 63
4490 43
4491 139
4492 36
4493 139
4494 80
4495 80
4496 741
4497 127
4498 606
4499 36
4500 1
4501 573
4502 1
4503 818
4504 732
4505 573
4506 36
4507 573
4508 36
4509 573
4510 110
4511 610
4512 80
4513 110
4514 606
4515 732
4516 110
4517 573
4518 727
4519 606
4520 110
4521 54
4522 732
4523 36
4524 54
4525 36
4526 606
4527 732
4528 606
4529 588
4530 8
4531 606
4532 36
4533 606
4534 588
4535 573
4536 728
4537 36
4538 573
4539 80
4540 47
4541 727
4542 110
4543 139
4544 139
4545 1
4546 730
4547 732
4548 80
4549 139
4550 36
4551 110
4552 573
4553 110
4554 573
4555 80
4556 785
4557 36
4558 603
4559 30
4560 80
4561 1
4562 573
4563 80
4564 36
4565 94
4566 573
4567 36
4568 54
4569 573
4570 606
4571 36
4572 47
4573 110
4574 36
4575 80
4576 597
4577 86
4578 573
4579 603
4580 606
4581 36
4582 80
4583 606
4584 110
4585 63
4586 110
4587 606
4588 786
4589 110
4590 573
4591 36
4592 110
4593 732
4594 588
4595 748
4596 588
4597 741
4598 597
4599 148
4600 727
4601 603
4602 1
4603 90
4604 732
4605 573
4606 113
4607 606
4608 732
4609 603
4610 732
4611 139
4612 736
4613 1
4614 22
4615 741
4616 80
4617 110
4618 1
4619 110
4620 573
4621 36
4622 727
4623 606
4624 604
4625 603
4626 573
4627 54
4628 139
4629 606
4630 110
4631 47
4632 732
4633 139
4634 727
4635 139
4636 606
4637 1
4638 36
4639 103
4640 732
4641 736
4642 727
4643 50
4644 573
4645 43
4646 139
4647 573
4648 110
4649 588
4650 573
4651 94
4652 597
4653 603
4654 80
4655 139
4656 736
4657 80
4658 727
4659 606
4660 8
4661 606
4662 573
4663 80
4664 110
4665 110
4666 80
4667 80
4668 110
4669 36
4670 573
4671 103
4672 113
4673 588
4674 588
4675 732
4676 36
4677 139
4678 839
4679 110
4680 606
4681 573
4682 54
4683 80
4684 63
4685 50
4686 1
4687 63
4688 36
4689 748
4690 139
4691 80
4692 139
4693 36
4694 47
4695 732
4696 94
4697 139
4698 610
4699 606
4700 113
4701 732
4702 732
4703 54
4704 63
4705 573
4706 1
4707 36
4708 728
4709 54
4710 110
4711 1
4712 110
4713 727
4714 732
4715 730
4716 90
4717 732
4718 606
4719 730
4720 113
4721 732
4722 604
4723 36
4724 603
4725 603
4726 139
4727 573
4728 606
4729 139
4730 80
4731 814
4732 730
4733 54
4734 139
4735 732
4736 43
4737 606
4738 54
4739 47
4740 573
4741 603
4742 1
4743 90
4744 732
4745 730
4746 603
4747 573
4748 80
4749 1
4750 36
4751 603
4752 727
4753 110
4754 573
4755 748
4756 606
4757 139
4758 80
4759 603
4760 139
4761 573
4762 1
4763 43
4764 573
4765 573
4766 1
4767 736
4768 732
4769 110
4770 18
4771 732
4772 50
4773 606
4774 110
4775 110
4776 727
4777 573
4778 110
4779 732
4780 80
4781 127
4782 47
4783 573
4784 573
4785 839
4786 588
4787 588
4788 47
4789 36
4790 139
4791 110
4792 603
4793 80
4794 139
4795 110
4796 113
4797 573
4798 727
4799 610
4800 26
4801 36
4802 732
4803 603
4804 90
4805 732
4806 69
4807 573
4808 90
4809 80
4810 573
4811 732
4812 732
4813 588
4814 110
4815 80
4816 80
4817 732
4818 139
4819 727
4820 86
4821 63
4822 110
4823 573
4824 603
4825 728
4826 110
4827 603
4828 727
4829 80
4830 80
4831 139
4832 732
4833 603
4834 90
4835 90
4836 54
4837 573
4838 588
4839 54
4840 54
4841 573
4842 727
4843 727
4844 36
4845 603
4846 110
4847 139
4848 736
4849 736
4850 47
4851 732
4852 110
4853 732
4854 139
4855 606
4856 110
4857 36
4858 103
4859 610
4860 54
4861 113
4862 573
4863 80
4864 139
4865 606
4866 573
4867 730
4868 603
4869 730
4870 741
4871 573
4872 1
4873 127
4874 610
4875 573
4876 606
4877 54
4878 573
4879 139
4880 36
4881 606
4882 573
4883 47
4884 732
4885 728
4886 99
4887 36
4888 110
4889 139
4890 110
4891 139
4892 730
4893 603
4894 588
4895 727
4896 47
4897 36
4898 47
4899 54
4900 80
4901 139
4902 573
4903 139
4904 80
4905 36
4906 732
4907 90
4908 573
4909 573
4910 110
4911 113
4912 110
4913 1
4914 727
4915 36
4916 110
4917 727
4918 736
4919 732
4920 573
4921 603
4922 54
4923 603
4924 54
4925 36
4926 573
4927 139
4928 63
4929 139
4930 606
4931 80
4932 36
4933 110
4934 139
4935 113
4936 80
4937 110
4938 603
4939 573
4940 732
4941 1
4942 603
4943 732
4944 573
4945 80
4946 54
4947 113
4948 1
4949 139
4950 80
4951 16
4952 80
4953 732
4954 573
4955 47
4956 80
4957 139
4958 603
4959 139
4960 732
4961 110
4962 36
4963 110
4964 86
4965 1
4966 139
4967 583
4968 36
4969 110
4970 26
4971 16
4972 606
4973 573
4974 139
4975 113
4976 51
4977 610
4978 36
4979 80
4980 606
4981 80
4982 732
4983 573
4984 51
4985 732
4986 606
4987 80
4988 80
4989 606
4990 63
4991 36
4992 606
4993 80
4994 86
4995 727
4996 1
4997 603
4998 36
4999 606
5000 103
5001 148
5002 148
5003 54
5004 606
5005 573
5006 603
5007 583
5008 727
5009 587
5010 80
5011 36
5012 94
5013 110
5014 80
5015 36
5016 80
5017 587
5018 732
5019 730
5020 30
5021 732
5022 573
5023 139
5024 36
5025 573
5026 587
5027 606
5028 86
5029 54
5030 54
5031 588
5032 80
5033 573
5034 139
5035 43
5036 736
5037 573
5038 573
5039 90
5040 606
5041 110
5042 573
5043 80
5044 139
5045 573
5046 80
5047 606
5048 732
5049 1
5050 54
5051 573
5052 606
5053 139
5054 603
5055 573
5056 50
5057 110
5058 139
5059 573
5060 606
5061 63
5062 80
5063 139
5064 110
5065 573
5066 727
5067 573
5068 80
5069 573
5070 113
5071 610
5072 583
5073 80
5074 139
5075 603
5076 732
5077 606
5078 610
5079 730
5080 139
5081 110
5082 727
5083 110
5084 573
5085 90
5086 730
5087 94
5088 736
5089 42
5090 597
5091 36
5092 110
5093 573
5094 727
5095 36
5096 80
5097 80
5098 103
5099 139
5100 36
5101 727
5102 36
5103 1
5104 573
5105 80
5106 573
5107 573
5108 139
5109 90
5110 113
5111 80
5112 573
5113 110
5114 103
5115 90
5116 139
5117 1
5118 728
5119 732
5120 80
5121 732
5122 80
5123 573
5124 606
5125 80
5126 103
5127 732
5128 583
5129 573
5130 606
5131 110
5132 139
5133 110
5134 90
5135 110
5136 36
5137 606
5138 36
5139 86
5140 80
5141 732
5142 47
5143 86
5144 139
5145 37
5146 139
5147 80
5148 732
5149 606
5150 606
5151 727
5152 110
5153 110
5154 730
5155 610
5156 47
5157 606
5158 588
5159 573
5160 36
5161 113
5162 47
5163 606
5164 732
5165 80
5166 727
5167 80
5168 47
5169 573
5170 54
5171 80
5172 1
5173 80
5174 139
5175 63
5176 36
5177 80
5178 80
5179 573
5180 573
5181 727
5182 1
5183 63
5184 36
5185 36
5186 1
5187 86
5188 606
5189 80
5190 573
5191 139
5192 80
5193 730
5194 732
5195 80
5196 36
5197 22
5198 606
5199 80
5200 110
5201 110
5202 80
5203 573
5204 732
5205 139
5206 732
5207 730
5208 573
5209 90
5210 43
5211 80
5212 103
5213 732
5214 1
5215 1
5216 36
5217 110
5218 113
5219 139
5220 606
5221 1
5222 80
5223 1
5224 90
5225 54
5226 727
5227 1
5228 732
5229 732
5230 606
5231 610
5232 54
5233 113
5234 730
5235 110
5236 732
5237 606
5238 583
5239 80
5240 606
5241 47
5242 573
5243 597
5244 732
5245 36
5246 573
5247 80
5248 139
5249 139
5250 732
5251 110
5252 80
5253 573
5254 727
5255 90
5256 1
5257 573
5258 1
5259 610
5260 732
5261 727
5262 573
5263 736
5264 90
5265 732
5266 110
5267 90
5268 113
5269 606
5270 573
5271 573
5272 741
5273 604
5274 90
5275 588
5276 22
5277 606
5278 139
5279 36
5280 110
5281 36
5282 110
5283 139
5284 139
5285 603
5286 732
5287 730
5288 54
5289 139
5290 80
5291 573
5292 86
5293 26
5294 603
5295 573
5296 52
5297 80
5298 80
5299 606
5300 110
5301 573
5302 80
5303 139
5304 80
5305 139
5306 139
5307 606
5308 90
5309 732
5310 732
5311 573
5312 139
5313 139
5314 22
5315 728
5316 113
5317 573
5318 90
5319 36
5320 573
5321 139
5322 1
5323 606
5324 80
5325 80
5326 80
5327 732
5328 573
5329 43
5330 1
5331 573
5332 730
5333 727
5334 139
5335 139
5336 588
5337 610
5338 573
5339 603
5340 36
5341 573
5342 606
5343 80
5344 727
5345 47
5346 732
5347 54
5348 748
5349 36
5350 573
5351 727
5352 110
5353 573
5354 610
5355 110
5356 90
5357 606
5358 18
5359 47
5360 80
5361 80
5362 610
5363 110
5364 110
5365 90
5366 727
5367 610
5368 139
5369 51
5370 736
5371 573
5372 50
5373 573
5374 573
5375 573
5376 573
5377 63
5378 736
5379 36
5380 139
5381 1
5382 1
5383 139
5384 606
5385 110
5386 48
5387 603
5388 730
5389 54
5390 47
5391 610
5392 110
5393 573
5394 732
5395 606
5396 730
5397 732
5398 110
5399 103
5400 90
5401 587
5402 63
5403 732
5404 80
5405 588
5406 36
5407 90
5408 80
5409 90
5410 139
5411 573
5412 1
5413 573
5414 606
5415 573
5416 573
5417 37
5418 597
5419 139
5420 148
5421 80
5422 139
5423 727
5424 597
5425 606
5426 86
5427 36
5428 110
5429 603
5430 603
5431 573
5432 54
5433 610
5434 80
5435 1
5436 573
5437 606
5438 606
5439 732
5440 1
5441 606
5442 1
5443 80
5444 606
5445 36
5446 603
5447 110
5448 110
5449 80
5450 22
5451 80
5452 80
5453 604
5454 727
5455 43
5456 36
5457 727
5458 573
5459 727
5460 588
5461 47
5462 90
5463 80
5464 110
5465 139
5466 732
5467 50
5468 606
5469 139
5470 90
5471 54
5472 603
5473 732
5474 36
5475 90
5476 63
5477 139
5478 603
5479 127
5480 110
5481 1
5482 748
5483 36
5484 732
5485 727
5486 139
5487 139
5488 732
5489 36
5490 80
5491 90
5492 573
5493 139
5494 1
5495 606
5496 573
5497 606
5498 139
5499 606
5500 103
5501 606
5502 736
5503 139
5504 36
5505 36
5506 573
5507 127
5508 603
5509 63
5510 80
5511 110
5512 139
5513 139
5514 606
5515 727
5516 732
5517 86
5518 63
5519 63
5520 606
5521 606
5522 573
5523 110
5524 54
5525 573
5526 736
5527 1
5528 606
5529 139
5530 573
5531 36
5532 80
5533 606
5534 573
5535 606
5536 588
5537 606
5538 36
5539 80
5540 86
5541 90
5542 727
5543 573
5544 110
5545 80
5546 606
5547 573
5548 573
5549 573
5550 80
5551 573
5552 588
5553 727
5554 139
5555 110
5556 148
5557 573
5558 732
5559 139
5560 36
5561 43
5562 50
5563 63
5564 103
5565 606
5566 1
5567 36
5568 606
5569 47
5570 606
5571 730
5572 48
5573 573
5574 732
5575 139
5576 606
5577 110
5578 1
5579 90
5580 732
5581 80
5582 110
5583 606
5584 110
5585 54
5586 80
5587 732
5588 573
5589 22
5590 606
5591 606
5592 80
5593 588
5594 113
5595 606
5596 606
5597 732
5598 573
5599 606
5600 36
5601 63
5602 110
5603 573
5604 113
5605 573
5606 610
5607 113
5608 573
5609 727
5610 732
5611 110
5612 80
5613 36
5614 727
5615 588
5616 573
5617 730
5618 22
5619 741
5620 732
5621 80
5622 36
5623 4
5624 110
5625 727
5626 573
5627 606
5628 43
5629 110
5630 1
5631 139
5632 818
5633 573
5634 573
5635 573
5636 748
5637 139
5638 80
5639 573
5640 573
5641 573
5642 606
5643 90
5644 18
5645 54
5646 732
5647 110
5648 732
5649 36
5650 36
5651 80
5652 1
5653 139
5654 139
5655 732
5656 573
5657 573
5658 51
5659 80
5660 573
5661 110
5662 139
5663 139
5664 732
5665 573
5666 732
5667 139
5668 139
5669 47
5670 110
5671 30
5672 80
5673 80
5674 727
5675 51
5676 573
5677 603
5678 573
5679 80
5680 139
5681 606
5682 727
5683 606
5684 730
5685 573
5686 788
5687 23
5688 607
5689 22
5690 99
