20867 130
20868 55
20869 130
20870 241
20871 130
20872 130
20873 130
20874 130
20875 104
20876 182
20877 130
20878 55
20879 1118
20880 1489
20881 130
20882 130
20883 130
20884 130
20885 130
20886 130
20887 130
20888 130
20889 130
20890 1133
20891 104
20892 262
20893 262
20894 1485
20895 1113
20896 272
20897 100
20898 1786
20899 130
20900 130
20901 130
20902 130
20903 1266
20904 1133
20905 130
20906 130
20907 104
20908 110
20909 262
20910 241
20911 1273
20912 89
20913 1293
20914 104
20915 89
20916 1273
20917 1293
20918 130
20919 163
20920 130
20921 130
20922 155
20923 48
20924 1903
20925 104
20926 89
20927 130
20928 1933
20929 4
20930 1295
20931 130
20932 130
20933 4
20934 130
20935 130
20936 110
20937 130
20938 89
20939 89
20940 1113
20941 110
20942 130
20943 4
20944 1489
20945 89
20946 4
20947 1272
20948 130
20949 1293
20950 130
20951 12
20952 262
20953 1125
20954 4
20955 1113
20956 130
20957 1293
20958 262
20959 130
20960 262
20961 1113
20962 48
20963 1113
20964 130
20965 130
20966 12
20967 130
20968 1118
20969 1118
20970 1293
20971 1295
20972 130
20973 262
20974 262
20975 104
20976 1293
20977 163
20978 1295
20979 1857
20980 1293
20981 1635
20982 130
20983 130
20984 1293
20985 1295
20986 130
20987 1295
20988 130
20989 241
20990 1295
20991 1295
20992 130
20993 1500
20994 1113
20995 130
20996 130
20997 182
20998 130
20999 1068
21000 33
21001 1485
21002 130
21003 1295
21004 130
21005 89
21006 1117
21007 1253
21008 1253
21009 1295
21010 1293
21011 262
21012 12
21013 130
21014 130
21015 130
21016 1295
21017 1295
21018 130
21019 130
21020 1118
21021 1295
21022 1253
21023 1253
21024 110
21025 1295
21026 110
21027 130
21028 1459
21029 1295
21030 110
21031 1359
21032 1293
21033 1459
21034 1293
21035 1295
21036 1295
21037 1517
21038 130
21039 1113
21040 1118
21041 1857
21042 110
21043 1113
21044 1948
21045 1295
21046 104
21047 110
21048 142
21049 1295
21050 14
21051 130
21052 262
21053 1696
21054 1295
21055 130
21056 14
21057 130
21058 1117
21059 1786
21060 1113
21061 14
21062 1295
21063 130
21064 1295
21065 262
21066 262
21067 130
21068 130
21069 1113
21070 1113
21071 89
21072 1118
21073 1459
21074 1295
21075 1955
21076 130
21077 130
21078 1113
21079 100
21080 1295
21081 262
21082 1272
21083 1118
21084 1266
21085 130
21086 1858
21087 747
21088 1295
21089 110
21090 1295
21091 1272
21092 14
21093 210
21094 130
21095 175
21096 1293
21097 89
21098 1459
21099 1272
21100 1133
21101 89
21102 110
21103 175
21104 12
21105 1459
21106 1273
21107 12
21108 1266
21109 100
21110 1113
21111 1113
21112 262
21113 1272
21114 1118
21115 1604
21116 1500
21117 1272
21118 155
21119 130
21120 1113
21121 1272
21122 89
21123 104
21124 1117
21125 55
21126 175
21127 130
21128 33
21129 89
21130 1118
21131 130
21132 1133
21133 55
21134 130
21135 104
21136 130
21137 1113
21138 55
21139 1118
21140 1118
21141 1117
21142 110
21143 130
21144 1125
21145 1118
21146 1117
21147 4
21148 1118
21149 262
21150 1113
21151 1253
21152 1515
21153 1118
21154 1118
21155 1500
21156 241
21157 1400
21158 1113
21159 1279
21160 1272
21161 1113
21162 1118
21163 110
21164 130
21165 1118
21166 204
21167 1113
21168 1118
21169 1118
21170 110
21171 33
21172 1500
21173 104
21174 1113
21175 1253
21176 262
21177 130
21178 1113
21179 1786
21180 104
21181 89
21182 1113
21183 1272
21184 262
21185 1113
21186 1786
21187 89
21188 182
21189 1272
21190 262
21191 1118
21192 130
21193 1117
21194 40
21195 102
21196 1118
21197 1380
21198 1133
21199 262
21200 1133
21201 106
21202 110
21203 86
21204 10
21205 89
21206 1118
21207 104
21208 1272
21209 89
21210 104
21211 262
21212 55
21213 1515
21214 262
21215 1117
21216 1113
21217 1272
21218 1257
21219 1113
21220 1113
21221 1130
21222 1113
21223 86
21224 1272
21225 262
21226 1272
21227 258
21228 1273
21229 1272
21230 130
21231 1272
21232 1118
21233 1133
21234 1113
21235 1113
21236 104
21237 130
21238 130
21239 1133
21240 1113
21241 1904
21242 182
21243 110
21244 1133
21245 33
21246 1272
21247 40
21248 110
21249 1585
21250 1500
21251 1500
21252 1500
21253 1500
21254 130
21255 1113
21256 55
21257 1857
21258 1113
21259 747
21260 130
21261 1118
21262 747
21263 1118
21264 1118
21265 172
21266 747
21267 12
21268 1113
21269 130
21270 1786
21271 11
21272 1273
21273 1138
21274 1118
21275 262
21276 262
21277 1118
21278 1118
21279 40
21280 1118
21281 181
21282 1273
21283 1273
21284 1273
21285 1273
21286 1273
21287 1273
21288 1273
21289 100
21290 262
21291 1113
21292 1273
21293 1113
21294 89
21295 1117
21296 129
21297 89
21298 130
21299 175
21300 262
21301 130
21302 89
21303 55
21304 14
21305 106
21306 110
21307 14
21308 55
21309 1273
21310 89
21311 1266
21312 1266
21313 262
21314 55
21315 89
21316 14
21317 14
21318 1515
21319 212
21320 1113
21321 1113
21322 39
21323 4
21324 1604
21325 14
21326 12
21327 14
21328 1118
21329 1604
21330 1604
21331 1604
21332 1604
21333 55
21334 89
21335 163
21336 110
21337 14
21338 110
21339 104
21340 1113
21341 130
21342 89
21343 100
21344 89
21345 14
21346 55
21347 14
21348 1857
21349 130
21350 272
21351 272
21352 204
21353 747
21354 1359
21355 1133
21356 1125
21357 1118
21358 1113
21359 89
21360 1113
21361 1359
21362 1500
21363 1118
21364 747
21365 1273
21366 1113
21367 110
21368 258
21369 104
21370 208
21371 172
21372 1273
21373 14
21374 182
21375 1118
21376 262
21377 55
21378 110
21379 1113
21380 110
21381 747
21382 1266
21383 1113
21384 55
21385 130
21386 1400
21387 262
21388 267
21389 1359
21390 52
21391 1113
21392 1118
21393 1253
21394 55
21395 55
21396 12
21397 1273
21398 110
21399 1861
21400 1861
21401 1861
21402 1133
21403 1273
21404 1253
21405 1861
21406 267
21407 1133
21408 262
21409 241
21410 1118
21411 1113
21412 1905
21413 110
21414 1278
21415 1861
21416 1861
21417 14
21418 89
21419 1275
21420 1113
21421 89
21422 14
21423 262
21424 262
21425 40
21426 1138
21427 40
21428 1500
21429 267
21430 55
21431 262
21432 1113
21433 1359
21434 1113
21435 1133
21436 40
21437 262
21438 55
21439 1130
21440 110
21441 1118
21442 55
21443 1138
21444 55
21445 1113
21446 1113
21447 89
21448 14
21449 40
21450 40
21451 40
21452 1118
21453 262
21454 262
21455 1253
21456 1113
21457 175
21458 89
21459 89
21460 40
21461 110
21462 1861
21463 1113
21464 182
21465 262
21466 155
21467 1861
21468 89
21469 89
21470 1272
21471 1861
21472 267
21473 33
21474 1118
21475 110
21476 1861
21477 1273
21478 1130
21479 1118
21480 267
21481 1118
21482 1133
21483 1861
21484 14
21485 182
21486 1507
21487 1761
21488 1118
21489 55
21490 1459
21491 23
21492 267
21493 138
21494 262
21495 1253
21496 1864
21497 104
21498 1465
21499 1272
21500 1253
21501 1489
21502 89
21503 1117
21504 182
21505 1489
21506 1113
21507 1696
21508 267
21509 1253
21510 138
21511 1118
21512 110
21513 1485
21514 1359
21515 262
21516 1359
21517 104
21518 1113
21519 1253
21520 1861
21521 1113
21522 182
21523 1118
21524 110
21525 1253
21526 1500
21527 1273
21528 1139
21529 1253
21530 1113
21531 89
21532 1864
21533 1489
21534 262
21535 55
21536 262
21537 4
21538 4
21539 4
21540 110
21541 1118
21542 4
21543 1113
21544 134
21545 262
21546 110
21547 1113
21548 4
21549 134
21550 4
21551 4
21552 262
21553 1133
21554 4
21555 4
21556 1500
21557 1275
21558 4
21559 110
21560 4
21561 262
21562 4
21563 267
21564 1696
21565 262
21566 4
21567 104
21568 4
21569 4
21570 262
21571 1260
21572 262
21573 4
21574 262
21575 4
21576 1489
21577 4
21578 1113
21579 1489
21580 262
21581 181
21582 1118
21583 4
21584 4
21585 181
21586 4
21587 89
21588 262
21589 110
21590 1266
21591 89
21592 4
21593 163
21594 14
21595 262
21596 4
21597 14
21598 1459
21599 4
21600 1485
21601 89
21602 1272
21603 4
21604 1113
21605 262
21606 14
21607 262
21608 36
21609 40
21610 89
21611 1133
21612 262
21613 241
21614 89
21615 110
21616 1272
21617 1113
21618 89
21619 241
21620 262
21621 102
21622 1400
21623 102
21624 1113
21625 110
21626 1698
21627 262
21628 1489
21629 104
21630 86
21631 104
21632 212
21633 1272
21634 1463
21635 1955
21636 1272
21637 1133
21638 241
21639 4
21640 4
21641 4
21642 1272
21643 4
21644 1133
21645 89
21646 89
21647 1272
21648 1266
21649 1118
21650 1253
21651 163
21652 1489
21653 100
21654 1113
21655 1253
21656 110
21657 100
21658 1253
21659 262
21660 4
21661 262
21662 241
21663 1272
21664 1272
21665 175
21666 1272
21667 1272
21668 55
21669 104
21670 241
21671 55
21672 89
21673 1493
21674 1500
21675 1139
21676 4
21677 1493
21678 1272
21679 1272
21680 110
21681 1500
21682 1500
21683 4
21684 1500
21685 172
21686 1941
21687 1864
21688 1517
21689 1253
21690 1113
21691 1130
21692 1260
21693 204
21694 1155
21695 1489
21696 1489
21697 1489
21698 1130
21699 4
21700 1125
21701 4
21702 89
21703 4
21704 262
21705 1507
21706 1500
21707 172
21708 1130
21709 1253
21710 1966
21711 4
21712 1696
21713 110
21714 52
21715 1489
21716 172
21717 1489
21718 1489
21719 172
21720 4
21721 4
21722 1489
21723 1489
21724 4
21725 4
21726 4
21727 262
21728 14
21729 1489
21730 14
21731 14
21732 1489
21733 4
21734 1130
21735 4
21736 100
21737 1113
21738 172
21739 4
21740 172
21741 4
21742 1130
21743 1130
21744 1272
21745 1130
21746 1130
21747 1130
21748 262
21749 1489
21750 4
21751 4
21752 1489
21753 89
21754 4
21755 1272
21756 1500
21757 1500
21758 1257
21759 110
21760 262
21761 4
21762 241
21763 59
21764 1113
21765 1489
21766 4
21767 89
21768 262
21769 1489
21770 262
21771 182
21772 1130
21773 18
21774 1489
21775 1507
21776 55
21777 1130
21778 1257
21779 1489
21780 5
21781 4
21782 1133
21783 1489
21784 1118
21785 1118
21786 89
21787 89
21788 172
21789 89
21790 1113
21791 1130
21792 241
21793 1517
21794 55
21795 4
21796 241
21797 172
21798 4
21799 4
21800 4
21801 1489
21802 1130
21803 1130
21804 1118
21805 4
21806 241
21807 1257
21808 4
21809 1133
21810 5
21811 1133
21812 4
21813 1118
21814 4
21815 1113
21816 5
21817 1130
21818 1113
21819 4
21820 5
21821 241
21822 4
21823 1257
21824 241
21825 1133
21826 241
21827 4
21828 241
21829 1500
21830 1489
21831 186
21832 1864
21833 5
21834 142
21835 4
21836 1272
21837 4
21838 4
21839 4
21840 142
21841 89
21842 1130
21843 110
21844 1133
21845 14
21846 4
21847 4
21848 1696
21849 1517
21850 1113
21851 1118
21852 1400
21853 241
21854 1257
21855 55
21856 1253
21857 1112
21858 1272
21859 1489
21860 104
21861 1118
21862 1133
21863 1130
21864 1130
21865 1489
21866 10
21867 1257
21868 89
21869 241
21870 1118
21871 1253
21872 811
21873 1118
21874 139
21875 1118
21876 1489
21877 1130
21878 5
21879 1133
21880 1966
21881 173
21882 1257
21883 89
21884 1130
21885 1130
21886 1130
21887 163
21888 262
21889 1118
21890 1113
21891 1113
21892 106
21893 1113
21894 110
21895 1500
21896 1500
21897 1489
21898 1500
21899 1933
21900 1118
21901 172
21902 1489
21903 110
21904 1500
21905 142
21906 1489
21907 1257
21908 89
21909 1113
21910 21
21911 142
21912 142
21913 110
21914 173
21915 1500
21916 182
21917 89
21918 1113
21919 1394
21920 89
21921 55
21922 142
21923 110
21924 1507
21925 182
21926 1500
21927 155
21928 182
21929 182
21930 1257
21931 1253
21932 1113
21933 1394
21934 1272
21935 1873
21936 1133
21937 241
21938 241
21939 262
21940 1272
21941 1272
21942 1257
21943 1253
21944 55
21945 89
21946 1130
21947 1266
21948 1130
21949 241
21950 41
21951 241
21952 104
21953 1489
21954 110
21955 1489
21956 241
21957 241
21958 1500
21959 241
21960 241
21961 241
21962 14
21963 14
21964 1861
21965 89
21966 110
21967 1906
21968 110
21969 1459
21970 1253
21971 1266
21972 89
21973 1253
21974 241
21975 110
21976 110
21977 14
21978 262
21979 1133
21980 36
21981 89
21982 1489
21983 110
21984 1489
21985 33
21986 241
21987 262
21988 1380
21989 55
21990 1133
21991 12
21992 1500
21993 1489
21994 262
21995 1500
21996 262
21997 89
21998 1696
21999 100
22000 1380
22001 89
22002 172
22003 55
22004 262
22005 1253
22006 1113
22007 1278
22008 40
22009 1272
22010 1489
22011 1253
22012 100
22013 1130
22014 89
22015 155
22016 89
22017 1253
22018 89
22019 1515
22020 182
22021 241
22022 155
22023 84
22024 110
22025 1558
22026 1253
22027 1113
22028 1113
22029 1253
22030 55
22031 1113
22032 1558
22033 241
22034 155
22035 1130
22036 89
22037 1394
22038 89
22039 1861
22040 1272
22041 173
22042 173
22043 173
22044 173
22045 173
22046 173
22047 173
22048 173
22049 173
22050 173
22051 173
22052 173
22053 173
22054 173
22055 173
22056 173
22057 173
22058 173
22059 173
22060 173
22061 1871
22062 173
22063 173
22064 173
22065 173
22066 1883
22067 173
22068 173
22069 173
22070 173
22071 173
22072 173
22073 173
22074 173
22075 173
22076 173
22077 173
22078 173
22079 173
22080 173
22081 173
22082 173
22083 173
22084 173
22085 173
22086 173
22087 173
22088 173
22089 173
22090 173
22091 173
22092 173
22093 173
22094 173
22095 173
22096 212
22097 173
22098 173
22099 173
22100 173
22101 173
22102 173
22103 173
22104 173
22105 173
22106 173
22107 1871
22108 173
22109 53
22110 173
22111 50
22112 50
22113 173
22114 173
22115 173
22116 173
22117 173
22118 173
22119 173
22120 173
22121 173
22122 173
22123 173
22124 173
22125 173
22126 173
22127 173
22128 173
22129 173
22130 21
22131 173
22132 173
22133 173
22134 173
22135 173
22136 173
22137 173
22138 173
22139 173
22140 173
22141 173
22142 173
22143 173
22144 173
22145 173
22146 173
22147 173
22148 173
22149 173
22150 173
22151 1871
22152 173
22153 173
22154 173
22155 173
22156 173
22157 173
22158 173
22159 173
22160 173
22161 173
22162 173
22163 173
22164 1260
22165 173
22166 173
22167 173
22168 173
22169 173
22170 173
22171 173
22172 173
22173 173
22174 55
22175 173
22176 173
22177 173
22178 173
22179 173
22180 173
22181 173
22182 12
22183 110
22184 1558
22185 173
22186 173
22187 173
22188 173
22189 173
22190 173
22191 173
22192 173
22193 173
22194 173
22195 173
22196 173
22197 173
22198 173
22199 173
22200 173
22201 173
22202 173
22203 173
22204 173
22205 173
22206 1500
22207 173
22208 173
22209 173
22210 173
22211 173
22212 173
22213 142
22214 173
22215 173
22216 173
22217 173
22218 173
22219 173
22220 173
22221 173
22222 173
22223 173
22224 173
22225 173
22226 173
22227 173
22228 173
22229 173
22230 1257
22231 173
22232 173
22233 1493
22234 104
22235 173
22236 173
22237 173
22238 173
22239 173
22240 173
22241 173
22242 173
22243 1489
22244 173
22245 173
22246 173
22247 173
22248 173
22249 173
22250 173
22251 1515
22252 173
22253 173
22254 173
22255 173
22256 14
22257 173
22258 173
22259 14
22260 173
22261 173
22262 173
22263 173
22264 173
22265 173
22266 173
22267 173
22268 173
22269 173
22270 173
22271 173
22272 173
22273 173
22274 173
22275 173
22276 173
22277 173
22278 173
22279 173
22280 173
22281 55
22282 173
22283 173
22284 173
22285 173
22286 173
22287 173
22288 173
22289 173
22290 173
22291 173
22292 173
22293 173
22294 173
22295 173
22296 173
22297 173
22298 173
22299 173
22300 173
22301 173
22302 173
22303 173
22304 173
22305 173
22306 173
22307 173
22308 173
22309 173
22310 173
22311 104
22312 55
22313 173
22314 173
22315 173
22316 173
22317 173
22318 173
22319 1696
22320 82
22321 82
22322 173
22323 173
22324 1380
22325 89
22326 173
22327 173
22328 82
22329 82
22330 173
22331 82
22332 82
22333 173
22334 173
22335 173
22336 82
22337 173
22338 173
22339 1871
22340 173
22341 82
22342 173
22343 82
22344 173
22345 82
22346 173
22347 173
22348 173
22349 82
22350 82
22351 82
22352 82
22353 173
22354 173
22355 82
22356 82
22357 173
22358 173
22359 173
22360 173
22361 82
22362 173
22363 1272
22364 82
22365 82
22366 82
22367 1871
22368 82
22369 173
22370 173
22371 173
22372 82
22373 82
22374 82
22375 173
22376 173
22377 82
22378 82
22379 82
22380 163
22381 82
22382 173
22383 173
22384 82
22385 173
22386 173
22387 173
22388 173
22389 173
22390 82
22391 82
22392 173
22393 82
22394 173
22395 173
22396 82
22397 82
22398 100
22399 173
22400 82
22401 173
22402 82
22403 173
22404 173
22405 82
22406 82
22407 1500
22408 173
22409 82
22410 173
22411 82
22412 1257
22413 82
22414 1493
22415 82
22416 173
22417 82
22418 1288
22419 173
22420 82
22421 82
22422 1288
22423 173
22424 173
22425 173
22426 173
22427 173
22428 82
22429 82
22430 173
22431 173
22432 173
22433 142
22434 173
22435 173
22436 173
22437 82
22438 56
22439 173
22440 82
22441 173
22442 173
22443 1253
22444 173
22445 241
22446 173
22447 1489
22448 173
22449 173
22450 82
22451 89
22452 82
22453 55
22454 173
22455 1861
22456 82
22457 173
22458 142
22459 173
22460 173
22461 173
22462 173
22463 173
22464 82
22465 82
22466 173
22467 1253
22468 212
22469 173
22470 173
22471 82
22472 173
22473 82
22474 173
22475 173
22476 1871
22477 173
22478 173
22479 173
22480 173
22481 56
22482 89
22483 173
22484 82
22485 173
22486 82
22487 1253
22488 173
22489 173
22490 82
22491 82
22492 82
22493 173
22494 82
22495 82
22496 82
22497 173
22498 173
22499 82
22500 14
22501 173
22502 173
22503 173
22504 82
22505 142
22506 173
22507 173
22508 173
22509 1278
22510 1489
22511 173
22512 173
22513 173
22514 173
22515 262
22516 1871
22517 82
22518 173
22519 173
22520 173
22521 86
22522 82
22523 173
22524 1122
22525 55
22526 262
22527 173
22528 173
22529 89
22530 173
22531 173
22532 1489
22533 173
22534 173
22535 82
22536 173
22537 173
22538 1278
22539 173
22540 82
22541 173
22542 173
22543 173
22544 173
22545 173
22546 1500
22547 173
22548 173
22549 55
22550 173
22551 173
22552 1117
22553 173
22554 173
22555 82
22556 173
22557 173
22558 173
22559 173
22560 173
22561 142
22562 173
22563 110
22564 82
22565 173
22566 241
22567 89
22568 173
22569 173
22570 14
22571 173
22572 173
22573 173
22574 82
22575 173
22576 173
22577 1858
22578 173
22579 173
22580 173
22581 82
22582 82
22583 30
22584 1113
22585 1489
22586 82
22587 173
22588 173
22589 1113
22590 173
22591 173
22592 82
22593 173
22594 110
22595 1873
22596 173
22597 173
22598 173
22599 82
22600 262
22601 173
22602 82
22603 1493
22604 173
22605 173
22606 55
22607 100
22608 173
22609 173
22610 173
22611 1113
22612 172
22613 173
22614 82
22615 33
22616 173
22617 82
22618 82
22619 173
22620 173
22621 1288
22622 82
22623 173
22624 1463
22625 173
22626 173
22627 1871
22628 102
22629 82
22630 173
22631 1133
22632 173
22633 1948
22634 173
22635 1463
22636 173
22637 1463
22638 1493
22639 241
22640 173
22641 89
22642 173
22643 173
22644 173
22645 173
22646 173
22647 173
22648 173
22649 55
22650 55
22651 82
22652 173
22653 173
22654 173
22655 82
22656 173
22657 173
22658 173
22659 173
22660 89
22661 173
22662 82
22663 55
22664 14
22665 82
22666 173
22667 173
22668 173
22669 82
22670 82
22671 82
22672 82
22673 82
22674 82
22675 1500
22676 173
22677 173
22678 82
22679 173
22680 173
22681 173
22682 1493
22683 55
22684 55
22685 173
22686 173
22687 82
22688 55
22689 173
22690 173
22691 82
22692 173
22693 1
22694 1909
22695 173
22696 173
22697 173
22698 1871
22699 82
22700 173
22701 1253
22702 82
22703 89
22704 1133
22705 82
22706 173
22707 173
22708 82
22709 173
22710 1130
22711 1113
22712 262
22713 173
22714 89
22715 82
22716 56
22717 56
22718 56
22719 173
22720 82
22721 82
22722 82
22723 82
22724 173
22725 1113
22726 262
22727 173
22728 1113
22729 173
22730 173
22731 82
22732 89
22733 82
22734 140
22735 173
22736 82
22737 173
22738 1941
22739 173
22740 82
22741 1493
22742 173
22743 267
22744 12
22745 82
22746 1861
22747 1253
22748 1113
22749 1130
22750 1253
22751 82
22752 173
22753 173
22754 30
22755 82
22756 82
22757 82
22758 82
22759 55
22760 82
22761 173
22762 173
22763 262
