7530 1207
9505 1207
5692 1394
3695 682
2015 1394
1361 1188
4985 1207
9658 1397
8473 1207
9799 682
7427 1393
7291 1394
4804 1476
5947 1207
7718 1397
8639 1485
851 682
938 1394
1438 1483
9847 1486
7365 682
2344 1394
6976 1487
6099 1207
3172 1488
1876 1483
5777 1188
5648 682
6369 1486
6361 1489
11077 1476
4413 1206
52 1394
4643 1188
5025 682
7391 1393
5713 1487
5896 1393
8873 1476
2349 1483
8142 1490
7752 1393
6446 1207
4705 1491
9957 1207
6092 1188
3376 1394
4899 1393
3543 1188
731 1188
5848 1188
3924 1188
7971 1397
6221 1397
10449 1491
1897 1483
7543 1207
5797 1483
7653 1476
8364 1485
2907 1486
8417 1207
2106 1198
4107 1493
10758 1476
6013 1483
5790 1483
4781 1476
3812 1483
3815 1483
6780 1394
236 1476
6303 1393
5915 1188
208 1491
3684 1491
9114 682
2441 1485
5859 1393
533 1476
3375 682
9612 1491
4560 1207
1360 1188
3194 1493
3479 1188
4672 1491
6434 1393
9842 1393
5277 1488
7571 1207
6275 1393
8111 1207
8191 1188
2903 1476
7107 1393
4619 1207
6790 1394
3197 1486
6016 1597
4299 682
1538 682
8953 1188
3380 1188
8067 1394
4070 1491
8278 1397
1202 1491
5192 1483
6403 1397
7535 1207
8663 1491
10557 1397
174 1188
6880 1207
11082 1207
2126 1188
635 1476
10266 1207
5996 1188
3846 1188
10443 1486
10922 903
7600 1476
3734 1483
6577 1207
1018 1490
6760 1393
7607 682
8265 1397
1813 1188
8753 1487
10684 1485
6418 1490
2286 1486
6470 1393
6509 1188
5092 1188
8043 1490
8350 1394
4000 1485
2467 1483
9455 1393
6135 1207
503 1188
5726 1397
10478 1397
10605 1188
8572 1490
1415 1483
2875 1188
8897 682
4265 1476
5334 1188
5941 1483
3045 682
9540 1207
1556 1483
5956 1207
10744 1188
8126 1207
10345 1207
7195 1393
8695 1397
7896 1198
10309 682
5202 1188
4599 1207
2701 1476
3755 1476
3830 1188
5187 1488
3667 1487
3223 1483
5737 1207
6190 682
2683 1493
2207 1476
6632 1188
5058 680
1745 1483
4423 1483
8336 1207
1635 1188
4676 1476
7488 1394
3870 1483
8946 1393
9149 1207
5435 1491
11034 1394
5523 1393
5836 682
10209 1188
8586 1397
2966 1188
2971 1491
10372 1188
4498 1483
5363 1188
7000 1476
2965 1188
540 1394
3919 1493
6561 1488
179 1188
10278 1207
1244 1188
4796 1483
6393 1483
3894 1483
6227 1486
6383 1207
8856 1188
5098 1486
10010 1188
783 1476
2797 1483
4375 1188
6321 1483
7002 1397
3641 1476
4466 1486
7072 1207
7210 1490
643 1486
8716 1491
7962 1207
4169 1486
6423 1491
1816 1188
10311 1493
7592 1394
5751 1483
10717 1188
4816 1188
8872 1393
2356 1188
10809 1485
764 1488
5877 1207
9189 1207
9127 1488
1490 1476
3867 1188
8323 1207
9719 1394
11069 1490
7339 1476
4097 1483
10423 1207
1319 1394
6408 1490
5344 1483
6365 1207
4750 1188
2632 1188
3549 1483
5968 1207
6245 1207
8019 903
8541 1188
2333 1188
4807 1483
10763 1207
9495 1476
8332 1397
5646 1393
5586 1394
3813 1188
3273 1483
10553 1188
1849 1486
1386 1485
7899 1476
1977 1476
7879 1490
2058 1486
3436 1476
8048 1188
6903 1393
5919 1207
8621 682
5635 1486
10741 1490
10891 1188
6103 1207
739 1188
11013 1188
10082 1493
5305 1397
1846 1188
9513 1397
3082 1488
8842 1207
7554 1397
3598 1483
6052 1493
8893 1491
9019 1476
10697 1491
7770 1397
4885 1486
5406 1393
8481 1598
10931 1394
7744 1207
9103 1490
10118 1476
6183 1483
3761 1483
3649 1483
5898 1483
6513 1476
4334 1486
4496 1188
7708 1485
7010 1207
2763 1394
5323 1493
8600 1188
2976 1491
7548 1207
6684 1188
10074 1397
8338 1188
7967 1476
3944 1476
5397 1491
5348 1397
5802 1207
4934 1393
374 1394
1260 1491
7995 1188
486 1188
5140 1491
541 1491
9510 1397
5242 1489
9671 1476
8968 682
9167 1188
9467 1207
5966 1188
5216 1476
9448 1488
7009 1483
5291 1207
5691 1207
9146 682
69 1490
7928 682
2876 1476
10738 1188
7402 1188
7910 1397
309 1394
11100 682
2752 1483
1402 1599
7066 1207
5048 1207
435 1485
3326 682
9061 1397
4394 1487
233 682
8616 1397
9464 1207
5920 1393
10907 1207
9477 1397
7121 1476
2140 1205
6215 1207
2781 1188
5211 1397
9320 1397
6034 1207
6553 1397
3151 1394
990 1188
6315 1491
5976 1207
5755 1491
5439 1483
11088 1394
3899 1188
10926 1394
8165 1476
8792 1600
6952 1394
3880 1394
1687 1188
6744 1188
7268 1476
6901 1188
7890 1393
6908 1483
7033 1188
2741 1188
6774 1188
809 1483
8931 1394
6675 1394
7248 1393
1993 1188
5206 1476
5220 1397
9527 1397
935 1188
3519 1394
261 1394
9892 1498
10394 1476
433 1188
9724 1488
9515 1207
6472 682
1739 1394
96 1198
5676 1207
9735 1397
8591 1207
5598 1393
3842 1188
10531 1207
5144 1393
830 682
7289 1397
7205 1397
9423 1393
4449 1188
3671 1188
3610 1601
630 1188
7219 1491
3061 1476
5004 1393
6859 1476
5370 1188
5942 1483
4030 1493
2834 1188
10197 1476
4304 1188
4867 1397
307 1488
8205 1488
3659 1188
8845 1188
9338 1188
7343 1491
7111 1207
3676 1483
5091 1394
930 1491
4082 1483
8847 1602
7680 1477
4457 1476
9542 1476
4539 1491
7352 1394
7695 1188
3634 1476
3182 1483
499 1483
10687 1394
5341 1207
8712 1476
3864 1483
7060 1483
5367 1397
1672 682
8995 1489
7382 1393
5459 1393
3164 1483
58 682
9519 682
5234 1188
683 1483
3990 1483
8614 1394
4569 1491
4098 1483
8974 1188
9160 1188
7108 1491
2088 1188
3723 1483
1066 1485
9774 1188
5306 1393
5550 1491
4106 1486
9257 1394
9714 1188
8861 1486
4238 682
2919 1493
8362 1486
3637 1476
42 1483
2892 1483
4083 1476
8234 1476
6977 1188
6292 1397
7852 1493
10359 1188
8255 1486
4801 1493
9960 1397
10077 1491
6090 1394
3448 1483
8073 1491
7456 1397
10676 1188
5079 1476
3325 1394
8707 682
1848 1483
9254 1491
3071 1476
3700 1486
3154 1394
6820 1188
7417 1490
3822 1188
7623 1397
5716 1207
4274 1394
10942 1394
11064 1476
1499 1493
6709 1207
7909 1188
684 1394
6210 1397
9250 1188
10227 1397
9459 1188
3077 1483
5447 1483
7253 1207
6124 1483
6086 1397
5399 1603
8359 1397
6328 1394
9429 1394
4658 1393
8622 1397
6308 1397
3331 1188
7347 1393
2946 1493
11045 1397
2837 1483
10119 1393
7389 1397
5178 1188
10421 1188
6657 1486
10517 1476
1002 1491
10704 1397
5199 1207
5801 1397
6440 1188
3631 1476
7709 1476
6562 1483
5094 1483
6068 1397
892 1188
4973 1476
8804 1488
4661 1188
6229 1486
5357 1397
2456 1487
4729 1207
2959 1205
4881 1393
5288 1188
6219 1476
2232 1188
11060 1397
2926 1476
10103 1188
9347 1188
1637 1188
1670 1491
3157 1188
9976 1393
6352 1490
3555 1483
6035 1188
8495 1207
8588 1188
9927 1393
6947 1393
8956 1485
1164 1476
5715 1489
10500 1485
9877 1476
2818 1188
3934 682
8775 1188
5788 1394
8916 1207
8506 1486
4028 1486
8729 1488
10885 1397
6125 682
7522 1393
5574 1493
7747 1491
5037 1397
5456 1498
8503 1188
1428 1188
9336 1188
1022 1488
9302 1393
755 1188
3150 1188
7351 1394
1658 1483
6077 1483
6830 1207
3933 1486
5991 1476
9434 1493
7227 1394
10590 1476
6674 1488
5368 1483
5518 1207
10141 1476
6925 1188
2071 682
4180 1394
5641 1493
4044 1188
6987 1483
10124 1188
11083 1393
4912 1397
9524 1207
9225 1207
9643 1207
552 1188
6884 682
10078 1397
5743 1188
11002 1397
3784 1483
6053 1394
2032 1486
5121 1476
7636 1207
10486 1207
3553 682
8766 1394
9596 1486
317 1188
1090 1486
7988 1397
6398 1188
3697 1476
10373 1397
6867 1486
10341 1394
4735 1188
6616 1476
6609 1483
11099 1207
6106 1503
699 1604
2980 1505
1256 1503
1541 1505
10798 1605
6644 1507
7976 1507
7453 1483
6346 1606
5426 1503
