6960 140
6961 68
6962 81
6963 113
6964 31
6965 24
6966 100
6967 31
6968 5
6969 36
6970 13
6971 113
6972 49
6973 155
6974 132
6975 75
6976 126
6977 85
6978 3
6979 74
6980 119
6981 99
6982 41
6983 13
6984 27
6985 696
6986 1207
6987 39
6988 16
6989 49
6990 113
6991 27
6992 132
6993 88
6994 33
6995 16
6996 119
6997 1211
6998 51
6999 49
7000 47
7001 36
7002 8
7003 113
7004 75
7005 140
7006 49
7007 99
7008 5
7009 39
7010 8
7011 51
7012 37
7013 58
7014 17
7015 56
7016 129
7017 74
7018 79
7019 101
7020 99
7021 36
7022 3
7023 34
7024 141
7025 17
7026 75
7027 960
7028 4
7029 91
7030 4
7031 146
7032 49
7033 85
7034 100
7035 81
7036 86
7037 25
7038 608
7039 13
7040 86
7041 32
7042 78
7043 37
7044 1171
7045 101
7046 189
7047 1282
7048 55
7049 63
7050 86
7051 63
7052 74
7053 109
7054 3
7055 86
7056 41
7057 1283
7058 118
7059 27
7060 39
7061 104
7062 77
7063 56
7064 80
7065 64
7066 8
7067 27
7068 83
7069 140
7070 39
7071 25
7072 8
7073 137
7074 100
7075 87
7076 100
7077 74
7078 130
7079 101
7080 80
7081 34
7082 75
7083 129
7084 25
7085 56
7086 23
7087 11
7088 32
7089 99
7090 100
7091 38
7092 31
7093 77
7094 25
7095 11
7096 3
7097 4
7098 4
7099 31
7100 21
7101 21
7102 74
7103 17
7104 27
7105 34
7106 100
7107 8
7108 143
7109 91
7110 99
7111 8
7112 140
7113 32
7114 17
7115 565
7116 119
7117 5
7118 13
7119 33
7120 21
7121 47
7122 118
7123 546
7124 132
7125 16
7126 720
7127 81
7128 113
7129 125
7130 41
7131 104
7132 74
7133 26
7134 13
7135 13
7136 44
7137 11
7138 86
7139 55
7140 17
7141 17
7142 631
7143 621
7144 141
7145 81
7146 72
7147 56
7148 80
7149 75
7150 132
7151 80
7152 620
7153 1261
7154 4
7155 74
7156 74
7157 74
7158 148
7159 37
7160 13
7161 565
7162 13
7163 13
7164 34
7165 140
7166 9
7167 100
7168 79
7169 74
7170 51
7171 72
7172 25
7173 33
7174 116
7175 72
7176 16
7177 21
7178 4
7179 104
7180 75
7181 25
7182 13
7183 13
7184 17
7185 79
7186 13
7187 3
7188 99
7189 72
7190 83
7191 55
7192 189
7193 78
7194 37
7195 8
7196 81
7197 8
7198 119
7199 620
7200 13
7201 100
7202 74
7203 99
7204 104
7205 8
7206 80
7207 34
7208 119
7209 37
7210 623
7211 4
7212 141
7213 5
7214 621
7215 75
7216 32
7217 21
7218 113
7219 143
7220 56
7221 118
7222 113
7223 99
7224 78
7225 100
7226 4
7227 47
7228 24
7229 72
7230 1261
7231 41
7232 868
7233 25
7234 4
7235 4
7236 41
7237 38
7238 119
7239 99
7240 132
7241 17
7242 189
7243 31
7244 9
7245 99
7246 17
7247 49
7248 8
7249 27
7250 23
7251 109
7252 25
7253 8
7254 155
7255 99
7256 129
7257 13
7258 32
7259 129
7260 696
7261 189
7262 140
7263 484
7264 31
7265 116
7266 132
7267 56
7268 151
7269 11
7270 153
7271 116
7272 27
7273 74
7274 34
7275 101
7276 41
7277 151
7278 74
7279 74
7280 100
7281 31
7282 9
7283 68
7284 608
7285 31
7286 81
7287 74
7288 74
7289 8
7290 75
7291 47
7292 41
7293 27
7294 4
7295 129
7296 130
7297 34
7298 16
7299 25
7300 2
7301 74
7302 81
7303 41
7304 125
7305 86
7306 146
7307 99
7308 99
7309 141
7310 696
7311 36
7312 132
7313 68
7314 36
7315 148
7316 49
7317 81
7318 184
7319 44
7320 13
7321 75
7322 189
7323 104
7324 104
7325 41
7326 25
7327 72
7328 81
7329 140
7330 112
7331 74
7332 21
7333 17
7334 130
7335 100
7336 32
7337 34
7338 44
7339 47
7340 15
7341 100
7342 74
7343 143
7344 63
7345 74
7346 46
7347 8
7348 37
7349 74
7350 184
7351 47
7352 47
7353 74
7354 32
7355 86
7356 148
7357 34
7358 130
7359 68
7360 81
7361 72
7362 620
7363 77
7364 25
7365 46
7366 79
7367 74
7368 31
7369 33
7370 113
7371 4
7372 34
7373 1207
7374 74
7375 81
7376 15
7377 15
7378 9
7379 104
7380 13
7381 49
7382 8
7383 148
7384 189
7385 113
7386 91
7387 86
7388 113
7389 8
7390 36
7391 8
7392 36
7393 155
7394 119
7395 113
7396 4
7397 868
7398 41
7399 31
7400 86
7401 21
7402 85
7403 100
7404 31
7405 77
7406 80
7407 118
7408 74
7409 27
7410 99
7411 113
7412 118
7413 21
7414 16
7415 118
7416 75
7417 623
7418 119
7419 47
7420 112
7421 74
7422 118
7423 372
7424 86
7425 72
7426 1281
7427 8
7428 74
7429 74
7430 116
7431 21
7432 25
7433 39
7434 4
7435 24
7436 25
7437 56
7438 27
7439 86
7440 4
7441 36
7442 99
7443 146
7444 81
7445 72
7446 16
7447 9
7448 104
7449 33
7450 74
7451 64
7452 74
7453 39
7454 113
7455 15
7456 8
7457 933
7458 99
7459 49
7460 74
7461 113
7462 137
7463 100
7464 21
7465 68
7466 786
7467 78
7468 1211
7469 49
7470 78
7471 132
7472 27
7473 88
7474 132
7475 13
7476 74
7477 99
7478 129
7479 13
7480 31
7481 100
7482 74
7483 23
7484 372
7485 80
7486 72
7487 132
7488 47
7489 49
7490 74
7491 96
7492 11
7493 86
7494 75
7495 27
7496 4
7497 86
7498 68
7499 47
7500 974
7501 27
7502 32
7503 4
7504 81
7505 39
7506 74
7507 13
7508 63
7509 118
7510 51
7511 16
7512 37
7513 4
7514 696
7515 132
7516 38
7517 184
7518 3
7519 1254
7520 4
7521 26
7522 8
7523 86
7524 58
7525 80
7526 41
7527 56
7528 25
7529 25
7530 8
7531 140
7532 33
7533 33
7534 75
7535 8
7536 101
7537 184
7538 24
7539 1181
7540 688
7541 86
7542 13
7543 8
7544 80
7545 86
7546 23
7547 141
7548 8
7549 101
7550 38
7551 13
7552 118
7553 37
7554 8
7555 41
7556 27
7557 99
7558 99
7559 34
7560 51
7561 933
7562 1182
7563 148
7564 1254
7565 13
7566 33
7567 5
7568 75
7569 155
7570 155
7571 8
7572 16
7573 34
7574 74
7575 56
7576 38
7577 63
7578 16
7579 100
7580 74
7581 68
7582 13
7583 484
7584 81
7585 100
7586 86
7587 130
7588 24
7589 81
7590 56
7591 25
7592 47
7593 33
7594 88
7595 118
7596 146
7597 56
7598 74
7599 23
7600 151
7601 44
7602 87
7603 1284
7604 80
7605 99
7606 148
7607 99
7608 33
7609 11
7610 80
7611 74
7612 32
7613 32
7614 75
7615 13
7616 27
7617 86
7618 141
7619 32
7620 72
7621 75
7622 13
7623 8
7624 974
7625 148
7626 34
7627 786
7628 125
7629 786
7630 74
7631 34
7632 81
7633 2
7634 74
7635 34
7636 8
7637 4
7638 113
7639 34
7640 96
7641 113
7642 74
7643 74
7644 621
7645 5
7646 26
7647 80
7648 130
7649 88
7650 960
7651 80
7652 74
7653 688
7654 21
7655 720
