4448 23
4449 86
4450 68
4451 49
4452 17
4453 231
4454 51
4455 73
4456 206
4457 154
4458 38
4459 105
4460 126
4461 154
4462 87
4463 76
4464 81
4465 21
4466 1171
4467 100
4468 100
4469 5
4470 4
4471 13
4472 87
4473 80
4474 95
4475 23
4476 202
4477 41
4478 1183
4479 100
4480 5
4481 38
4482 92
4483 13
4484 219
4485 75
4486 9
4487 151
4488 31
4489 8
4490 56
4491 12
4492 97
4493 87
4494 76
4495 51
4496 86
4497 75
4498 39
4499 119
4500 71
4501 8
4502 68
4503 36
4504 13
4505 100
4506 34
4507 4
4508 8
4509 13
4510 75
4511 34
4512 63
4513 23
4514 3
4515 137
4516 208
4517 75
4518 807
4519 44
4520 17
4521 37
4522 25
4523 78
4524 13
4525 100
4526 25
4527 47
4528 27
4529 100
4530 151
4531 81
4532 1150
4533 33
4534 49
4535 11
4536 81
4537 33
4538 8
4539 146
4540 134
4541 81
4542 41
4543 21
4544 41
4545 95
4546 23
4547 82
4548 4
4549 55
4550 145
4551 36
4552 100
4553 101
4554 100
4555 25
4556 24
4557 41
4558 100
4559 31
4560 8
4561 87
4562 114
4563 33
4564 206
4565 165
4566 143
4567 9
4568 9
4569 146
4570 151
4571 79
4572 137
4573 31
4574 100
4575 17
4576 173
4577 122
4578 789
4579 972
4580 100
4581 63
4582 134
4583 165
4584 231
4585 105
4586 82
4587 807
4588 201
4589 131
4590 81
4591 76
4592 119
4593 807
4594 994
4595 92
4596 113
4597 134
4598 16
4599 8
4600 100
4601 13
4602 25
4603 137
4604 75
4605 75
4606 128
4607 149
4608 137
4609 10
4610 79
4611 127
4612 76
4613 68
4614 32
4615 24
4616 31
4617 206
4618 119
4619 8
4620 3
4621 73
4622 100
4623 41
4624 23
4625 86
4626 113
4627 231
4628 202
4629 114
4630 972
4631 75
4632 807
4633 16
4634 95
4635 102
4636 87
4637 92
4638 100
4639 32
4640 31
4641 217
4642 4
4643 86
4644 87
4645 127
4646 24
4647 13
4648 88
4649 173
4650 21
4651 16
4652 137
4653 113
4654 4
4655 114
4656 3
4657 4
4658 8
4659 13
4660 16
4661 86
4662 34
4663 789
4664 219
4665 100
4666 31
4667 140
4668 82
4669 9
4670 231
4671 972
4672 146
4673 49
4674 33
4675 763
4676 154
4677 157
4678 99
4679 87
4680 13
4681 143
4682 17
4683 74
4684 5
4685 196
4686 113
4687 78
4688 217
4689 149
4690 110
4691 51
4692 4
4693 27
4694 203
4695 92
4696 41
4697 134
4698 156
4699 39
4700 231
4701 231
4702 119
4703 16
4704 206
4705 146
4706 16
4707 55
4708 151
4709 151
4710 143
4711 17
4712 86
4713 103
4714 202
4715 21
4716 218
4717 95
4718 78
4719 201
4720 101
4721 37
4722 25
4723 37
4724 100
4725 103
4726 78
4727 13
4728 5
4729 8
4730 71
4731 92
4732 134
4733 23
4734 13
4735 86
4736 47
4737 75
4738 37
4739 4
4740 105
4741 76
4742 10
4743 49
4744 81
4745 25
4746 143
4747 113
4748 27
4749 105
4750 86
4751 134
4752 76
4753 13
4754 143
4755 82
4756 4
4757 23
4758 1132
4759 134
4760 47
4761 82
4762 184
4763 217
4764 4
4765 113
4766 9
4767 92
4768 34
4769 3
4770 784
4771 38
4772 16
4773 883
4774 49
4775 75
4776 205
4777 82
4778 33
4779 63
4780 75
4781 214
4782 63
4783 203
4784 32
4785 75
4786 205
4787 76
4788 102
4789 68
4790 114
4791 17
4792 100
4793 31
4794 32
4795 113
4796 39
4797 3
4798 13
4799 49
4800 78
4801 1124
4802 231
4803 44
4804 154
4805 218
4806 80
4807 39
4808 17
4809 76
4810 41
4811 100
4812 75
4813 201
4814 3
4815 3
4816 86
4817 58
4818 3
4819 213
4820 15
4821 1183
4822 217
4823 97
4824 131
4825 82
4826 17
4827 16
4828 82
4829 31
4830 21
4831 21
4832 82
4833 87
4834 16
4835 17
4836 13
4837 16
4838 118
4839 5
4840 15
4841 64
4842 82
4843 16
4844 205
4845 51
4846 10
4847 68
4848 113
4849 82
4850 97
4851 99
4852 15
4853 120
4854 37
4855 55
4856 21
4857 75
4858 76
4859 196
4860 137
4861 77
4862 13
4863 205
4864 27
4865 21
4866 78
4867 8
4868 176
4869 196
4870 173
4871 16
4872 78
4873 102
4874 75
4875 122
4876 137
4877 100
4878 17
4879 21
4880 165
4881 8
4882 143
4883 41
4884 55
4885 1171
4886 176
4887 21
4888 81
4889 219
4890 16
4891 23
4892 1151
4893 34
4894 13
4895 92
4896 27
4897 13
4898 206
4899 8
4900 75
4901 134
4902 87
4903 128
4904 212
4905 76
4906 68
4907 23
4908 32
4909 76
4910 784
4911 156
4912 8
4913 33
4914 202
4915 33
4916 25
4917 97
4918 23
4919 51
4920 217
4921 113
4922 113
4923 100
4924 82
4925 92
4926 807
4927 75
4928 87
4929 114
4930 127
4931 99
4932 119
4933 26
4934 8
4935 87
4936 49
4937 119
4938 16
4939 75
4940 75
4941 87
4942 58
4943 28
4944 12
4945 139
4946 27
4947 100
4948 87
4949 68
4950 87
4951 114
4952 58
4953 231
4954 82
4955 137
4956 24
4957 81
4958 137
4959 13
4960 25
4961 110
4962 21
4963 100
4964 80
4965 13
4966 100
4967 166
4968 17
4969 78
4970 76
4971 202
4972 196
4973 214
4974 33
4975 21
4976 82
4977 24
4978 55
4979 176
4980 113
4981 21
4982 17
4983 23
4984 784
4985 8
4986 105
4987 206
4988 173
4989 25
4990 120
4991 149
4992 118
4993 12
4994 36
4995 78
4996 114
4997 140
4998 143
4999 4
5000 127
5001 113
5002 33
5003 8
5004 8
5005 21
5006 27
5007 25
5008 75
5009 36
5010 99
5011 12
5012 4
5013 37
5014 149
5015 51
5016 994
5017 17
5018 114
5019 184
5020 203
5021 21
5022 27
5023 13
5024 41
5025 100
5026 113
5027 140
5028 58
5029 120
5030 31
5031 131
5032 3
5033 24
5034 1184
5035 205
5036 13
5037 8
5038 32
5039 31
5040 231
5041 9
5042 114
5043 21
5044 76
5045 203
5046 17
5047 81
5048 8
5049 119
5050 37
5051 143
5052 82
5053 4
5054 27
5055 21
5056 173
5057 100
5058 87
5059 31
5060 4
5061 100
5062 25
5063 972
5064 86
5065 3
5066 105
5067 33
5068 113
5069 13
5070 134
5071 134
5072 114
5073 137
5074 75
5075 103
5076 13
5077 1142
5078 75
5079 154
5080 4
5081 17
5082 25
5083 218
5084 75
5085 55
5086 212
5087 113
5088 137
5089 105
5090 114
5091 47
5092 86
5093 49
5094 39
5095 118
5096 49
5097 15
5098 1171
5099 100
5100 41
5101 2
5102 13
5103 92
5104 217
5105 218
5106 27
5107 206
5108 79
5109 49
5110 51
5111 24
5112 55
5113 33
5114 41
5115 92
5116 31
5117 1182
5118 131
5119 100
5120 28
5121 214
5122 212
5123 74
5124 9
5125 32
5126 82
5127 114
5128 143
5129 56
5130 120
5131 137
5132 134
5133 134
5134 76
5135 76
5136 73
5137 25
5138 87
5139 23
5140 146
5141 140
5142 212
5143 16
5144 8
5145 100
5146 134
5147 140
5148 84
5149 149
5150 75
5151 87
5152 134
5153 4
5154 75
5155 63
5156 120
5157 92
5158 34
5159 789
5160 105
5161 217
5162 55
5163 82
5164 1184
5165 81
5166 31
5167 119
5168 49
5169 113
5170 75
5171 55
5172 143
5173 221
5174 51
5175 33
5176 21
5177 102
5178 86
5179 23
5180 27
5181 1184
5182 34
5183 8
5184 31
5185 4
5186 173
5187 100
5188 25
5189 196
5190 143
5191 131
5192 39
5193 86
5194 100
5195 100
5196 26
5197 145
5198 127
5199 8
5200 34
5201 196
5202 86
5203 9
5204 154
5205 11
5206 154
5207 15
5208 119
5209 11
5210 105
5211 8
5212 165
5213 49
5214 27
5215 41
5216 214
5217 87
5218 151
5219 13
5220 8
5221 13
5222 21
5223 757
5224 13
5225 176
5226 13
5227 13
5228 63
5229 100
5230 1211
5231 13
5232 16
5233 68
5234 52
5235 25
5236 32
5237 10
5238 13
5239 63
5240 100
5241 21
5242 8
5243 5
5244 166
5245 119
5246 23
5247 221
5248 68
5249 76
5250 73
5251 165
5252 972
5253 87
5254 143
5255 87
5256 165
5257 10
5258 184
5259 10
5260 84
5261 957
5262 81
5263 17
5264 63
5265 81
5266 101
5267 1211
5268 100
5269 82
5270 173
5271 37
5272 36
5273 41
5274 807
5275 114
5276 87
5277 100
5278 100
5279 143
5280 173
5281 82
5282 16
5283 219
5284 173
5285 27
5286 49
5287 206
5288 86
5289 87
5290 100
5291 8
5292 151
5293 31
5294 32
5295 75
5296 16
5297 807
5298 100
5299 100
5300 82
5301 25
5302 134
5303 213
5304 49
5305 8
5306 8
5307 184
5308 81
5309 114
5310 131
5311 82
5312 76
5313 31
5314 58
5315 82
5316 27
5317 134
5318 13
5319 213
5320 88
5321 68
5322 17
5323 8
5324 202
5325 4
5326 13
5327 87
5328 972
5329 86
5330 11
5331 1182
5332 82
5333 25
5334 86
5335 75
5336 27
5337 41
5338 36
5339 31
5340 76
5341 8
5342 100
5343 12
5344 39
5345 75
5346 16
5347 131
5348 8
5349 120
5350 79
5351 81
5352 46
5353 74
5354 13
5355 126
5356 202
5357 8
5358 86
5359 36
5360 100
5361 34
5362 13
5363 52
5364 16
5365 206
5366 76
5367 8
5368 39
5369 17
5370 52
5371 137
5372 49
5373 113
5374 11
5375 75
5376 33
5377 27
5378 5
5379 131
5380 79
5381 27
5382 87
5383 2
5384 137
5385 217
5386 31
5387 49
5388 73
5389 4
5390 113
5391 87
5392 68
5393 80
5394 68
5395 34
5396 49
5397 146
5398 131
5399 1153
5400 10
5401 75
5402 213
5403 13
5404 24
5405 4
5406 8
5407 31
5408 82
5409 131
5410 202
5411 76
5412 51
5413 100
5414 957
5415 21
5416 75
5417 23
5418 13
5419 75
5420 26
5421 221
5422 87
5423 75
5424 212
5425 31
5426 31
5427 156
5428 75
5429 31
5430 105
5431 1183
5432 105
5433 100
5434 99
5435 146
5436 25
5437 103
5438 87
5439 39
5440 11
5441 17
5442 82
5443 165
5444 3
5445 213
5446 2
5447 39
5448 16
5449 13
5450 78
5451 36
5452 26
5453 13
5454 15
5455 41
5456 8
5457 13
5458 82
5459 8
5460 33
5461 76
5462 75
5463 75
5464 47
5465 21
5466 114
5467 81
5468 73
5469 27
5470 75
5471 1184
5472 154
5473 1154
5474 32
5475 12
5476 9
5477 789
5478 213
5479 78
5480 13
5481 11
5482 23
5483 100
5484 99
5485 4
5486 13
5487 231
5488 92
5489 80
5490 176
5491 134
5492 49
5493 31
5494 127
5495 36
5496 21
5497 113
5498 73
5499 82
5500 33
5501 13
5502 92
5503 31
5504 36
5505 34
5506 78
5507 31
5508 49
5509 81
5510 75
5511 3
5512 4
5513 113
5514 122
5515 39
5516 25
5517 151
5518 8
5519 55
5520 893
5521 5
5522 23
5523 8
5524 78
5525 134
5526 84
5527 32
5528 82
5529 113
5530 119
5531 118
5532 17
5533 81
5534 114
5535 196
5536 208
5537 127
5538 120
5539 101
5540 79
5541 87
5542 120
5543 75
5544 100
5545 114
5546 23
5547 86
5548 13
5549 119
5550 146
5551 4
5552 41
5553 87
5554 149
5555 23
5556 13
5557 31
5558 17
5559 113
