10008 63
10009 81
10010 86
10011 1614
10012 134
10013 17
10014 145
10015 100
10016 134
10017 1603
10018 1614
10019 212
10020 86
10021 16
10022 120
10023 39
10024 100
10025 120
10026 3
10027 100
10028 97
10029 55
10030 3
10031 76
10032 114
10033 143
10034 41
10035 114
10036 23
10037 145
10038 113
10039 82
10040 34
10041 51
10042 13
10043 104
10044 122
10045 76
10046 31
10047 1640
10048 41
10049 905
10050 82
10051 63
10052 75
10053 31
10054 82
10055 100
10056 27
10057 76
10058 78
10059 1211
10060 114
10061 1646
10062 137
10063 206
10064 114
10065 105
10066 87
10067 87
10068 33
10069 120
10070 1654
10071 81
10072 127
10073 134
10074 8
10075 37
10076 21
10077 146
10078 8
10079 105
10080 76
10081 51
10082 1124
10083 75
10084 49
10085 31
10086 13
10087 76
10088 31
10089 763
10090 23
10091 127
10092 4
10093 37
10094 114
10095 75
10096 100
10097 49
10098 105
10099 156
10100 1279
10101 4
10102 87
10103 52
10104 78
10105 165
10106 80
10107 1279
10108 25
10109 27
10110 105
10111 32
10112 13
10113 104
10114 137
10115 82
10116 31
10117 75
10118 214
10119 86
10120 134
10121 99
10122 49
10123 51
10124 86
10125 68
10126 25
10127 25
10128 39
10129 33
10130 1668
10131 208
10132 37
10133 105
10134 23
10135 17
10136 73
10137 4
10138 32
10139 119
10140 82
10141 214
10142 78
10143 16
10144 75
10145 76
10146 33
10147 905
10148 100
10149 23
10150 143
10151 4
10152 82
10153 102
10154 100
10155 87
10156 24
10157 44
10158 75
10159 87
10160 134
10161 118
10162 32
10163 87
10164 81
10165 218
10166 31
10167 23
10168 1654
10169 24
10170 1668
10171 114
10172 87
10173 33
10174 100
10175 1630
10176 78
10177 114
10178 39
10179 13
10180 27
10181 137
10182 31
10183 21
10184 75
10185 13
10186 34
10187 75
10188 81
10189 75
10190 76
10191 44
10192 82
10193 117
10194 213
10195 10
10196 129
10197 154
10198 71
10199 2
10200 80
10201 140
10202 13
10203 157
10204 114
10205 55
10206 49
10207 127
10208 134
10209 86
10210 9
10211 201
10212 82
10213 1694
10214 32
10215 114
10216 75
10217 114
10218 3
10219 110
10220 15
10221 16
10222 13
10223 32
10224 143
10225 166
10226 114
10227 8
10228 113
10229 9
10230 75
10231 206
10232 75
10233 37
10234 16
10235 92
10236 994
10237 905
10238 87
10239 74
10240 75
10241 134
10242 87
10243 99
10244 173
10245 139
10246 41
10247 4
10248 143
10249 32
10250 4
10251 110
10252 63
10253 100
10254 23
10255 75
10256 13
10257 49
10258 27
10259 82
10260 55
10261 15
10262 27
10263 1604
10264 31
10265 78
10266 8
10267 82
10268 202
10269 205
10270 92
10271 49
10272 33
10273 55
10274 905
10275 203
10276 789
10277 173
10278 8
10279 139
10280 205
10281 102
10282 23
10283 196
10284 81
10285 31
10286 127
10287 114
10288 11
10289 100
10290 4
10291 994
10292 49
10293 114
10294 55
10295 21
10296 33
10297 212
10298 1132
10299 202
10300 218
10301 68
10302 166
10303 4
10304 34
10305 13
10306 31
10307 172
10308 213
10309 1712
10310 68
10311 1124
10312 75
10313 103
10314 75
10315 76
10316 128
10317 131
10318 789
10319 149
10320 8
10321 88
10322 239
10323 75
10324 82
10325 76
10326 134
10327 100
10328 101
10329 99
10330 27
10331 127
10332 27
10333 21
10334 1692
10335 202
10336 4
10337 25
10338 206
10339 4
10340 37
10341 47
10342 114
10343 114
10344 100
10345 8
10346 87
10347 789
10348 63
10349 134
10350 49
10351 46
10352 117
10353 206
10354 1606
10355 68
10356 34
10357 11
10358 105
10359 86
10360 27
10361 21
10362 1654
10363 92
10364 46
10365 100
10366 1173
10367 17
10368 87
10369 119
10370 149
10371 76
10372 86
10373 8
10374 117
10375 87
10376 103
10377 165
10378 9
10379 46
10380 87
10381 3
10382 110
10383 75
10384 84
10385 4
10386 39
10387 117
10388 196
10389 137
10390 49
10391 68
10392 75
10393 27
10394 154
10395 38
10396 55
10397 51
10398 3
10399 4
10400 4
10401 39
10402 118
10403 16
10404 905
10405 73
10406 3
10407 33
10408 13
10409 131
10410 82
10411 203
10412 209
10413 27
10414 78
10415 213
10416 151
10417 120
10418 32
10419 763
10420 117
10421 52
10422 202
10423 8
10424 34
10425 9
10426 110
10427 27
10428 97
10429 100
10430 76
10431 39
10432 4
10433 25
10434 122
10435 1630
10436 3
10437 32
10438 105
10439 105
10440 13
10441 55
10442 31
10443 47
10444 87
10445 17
10446 208
10447 37
10448 117
10449 146
10450 34
10451 4
10452 76
10453 905
10454 4
10455 110
10456 75
10457 118
10458 80
10459 239
10460 23
10461 217
10462 92
10463 5
10464 218
10465 27
10466 114
10467 82
10468 10
10469 114
10470 87
10471 114
10472 156
10473 196
10474 97
10475 76
10476 1607
10477 10
10478 8
10479 47
10480 16
10481 196
10482 32
10483 165
10484 219
10485 92
10486 8
10487 27
10488 100
10489 208
10490 140
10491 16
10492 1325
10493 231
10494 114
10495 41
10496 95
10497 131
10498 81
10499 12
10500 766
10501 100
10502 95
10503 27
10504 33
10505 31
10506 81
10507 17
10508 73
10509 33
10510 97
10511 134
10512 151
10513 113
10514 165
10515 15
10516 36
10517 154
10518 75
10519 131
10520 4
10521 101
10522 114
10523 75
10524 21
10525 218
10526 13
10527 24
10528 100
10529 117
10530 3
10531 8
10532 114
10533 110
10534 105
10535 33
10536 32
10537 221
10538 31
10539 76
10540 31
10541 2
10542 51
10543 82
10544 137
10545 34
10546 99
10547 80
10548 75
10549 113
10550 27
10551 76
10552 120
10553 86
10554 143
10555 41
10556 88
10557 8
10558 99
10559 87
10560 113
10561 143
10562 8
10563 1279
10564 110
10565 114
10566 49
10567 114
10568 76
10569 118
10570 3
10571 24
10572 13
10573 113
10574 82
10575 63
10576 15
10577 17
10578 1699
10579 78
10580 76
10581 113
10582 139
10583 59
10584 165
10585 789
10586 105
10587 73
10588 127
10589 31
10590 214
10591 75
10592 13
10593 1646
10594 156
10595 807
10596 81
10597 120
10598 113
10599 1129
10600 76
10601 87
10602 16
10603 218
10604 39
10605 86
10606 122
10607 75
10608 33
10609 87
10610 15
10611 13
10612 157
10613 213
10614 13
10615 127
10616 47
10617 13
10618 81
10619 73
10620 149
10621 13
10622 134
10623 78
10624 184
10625 208
10626 37
10627 208
10628 78
10629 75
10630 26
10631 75
10632 51
10633 128
10634 39
10635 797
10636 73
10637 114
10638 4
10639 31
10640 41
10641 16
10642 118
10643 33
10644 56
10645 131
10646 31
10647 47
10648 117
10649 118
10650 807
10651 114
10652 87
10653 117
10654 157
10655 119
10656 86
10657 81
10658 104
10659 119
10660 99
10661 82
10662 92
10663 118
10664 124
10665 9
10666 4
10667 149
10668 25
10669 137
10670 47
10671 13
10672 184
10673 217
10674 119
10675 113
10676 86
10677 51
10678 149
10679 156
10680 51
10681 68
10682 23
10683 81
10684 766
10685 11
10686 5
10687 47
10688 38
10689 97
10690 113
10691 149
10692 131
10693 134
10694 31
10695 149
10696 49
10697 146
10698 137
10699 120
10700 972
10701 105
10702 97
10703 165
10704 8
10705 44
10706 8
10707 13
10708 17
10709 9
10710 4
10711 114
10712 145
10713 13
10714 129
10715 1489
10716 149
10717 86
10718 17
10719 213
10720 16
10721 4
10722 47
10723 105
10724 13
10725 97
10726 75
10727 76
10728 13
10729 105
10730 213
10731 34
10732 4
10733 100
10734 1699
10735 118
10736 149
10737 100
10738 86
10739 134
10740 21
10741 61
10742 58
10743 1668
10744 52
10745 231
10746 208
10747 51
10748 75
10749 1726
10750 76
10751 957
10752 4
10753 201
10754 9
10755 4
10756 26
10757 87
10758 214
10759 113
10760 5
10761 92
10762 33
10763 8
10764 102
10765 71
10766 114
10767 37
10768 114
10769 77
10770 47
10771 76
10772 31
10773 131
10774 63
10775 82
10776 9
10777 87
10778 17
10779 784
10780 134
10781 239
10782 156
10783 75
10784 44
10785 105
10786 23
10787 137
10788 100
10789 92
10790 139
10791 16
10792 13
10793 100
10794 1726
10795 75
10796 13
10797 1132
10798 78
10799 134
10800 10
10801 202
10802 99
10803 165
10804 1279
10805 129
10806 68
10807 134
10808 31
10809 766
10810 92
10811 127
10812 219
10813 202
10814 87
10815 9
10816 23
10817 75
10818 78
10819 5
10820 46
10821 37
10822 127
10823 80
10824 100
10825 27
10826 33
10827 100
10828 156
10829 76
10830 13
10831 37
10832 33
10833 39
10834 131
10835 122
10836 23
10837 81
10838 1609
10839 82
10840 75
10841 128
10842 31
10843 100
10844 44
10845 21
10846 143
10847 102
10848 1640
10849 32
10850 129
10851 15
10852 100
10853 105
10854 763
10855 87
10856 4
10857 87
10858 58
10859 78
10860 16
10861 905
10862 37
10863 206
10864 1156
10865 173
10866 110
10867 76
10868 140
10869 37
10870 231
10871 73
10872 221
10873 131
10874 49
10875 33
10876 134
10877 33
10878 105
10879 73
10880 27
10881 37
10882 73
10883 807
10884 32
10885 8
10886 206
10887 78
10888 32
10889 44
10890 31
10891 86
10892 75
10893 41
10894 113
10895 87
10896 87
10897 119
10898 134
10899 21
10900 75
10901 1668
10902 1610
10903 1173
10904 32
10905 73
10906 13
10907 8
10908 31
10909 103
10910 202
10911 34
10912 41
10913 82
10914 149
10915 113
10916 87
10917 972
10918 137
10919 114
10920 31
10921 137
10922 13
10923 203
10924 82
10925 32
10926 47
10927 51
10928 196
10929 13
10930 87
10931 47
10932 113
10933 213
10934 957
10935 99
10936 100
10937 9
10938 80
10939 119
10940 21
10941 119
10942 47
10943 33
10944 798
10945 86
10946 151
10947 80
10948 87
10949 3
10950 92
10951 202
10952 165
10953 75
10954 87
10955 137
10956 13
10957 100
10958 184
10959 15
10960 166
10961 75
10962 201
10963 75
10964 75
10965 131
10966 16
10967 4
10968 218
10969 75
10970 149
10971 79
10972 36
10973 82
10974 119
10975 21
10976 78
10977 82
10978 75
10979 84
10980 21
10981 9
10982 1640
10983 4
10984 213
10985 64
10986 100
10987 134
10988 99
10989 39
10990 58
10991 87
10992 119
10993 49
10994 137
10995 176
10996 173
10997 37
10998 205
10999 82
11000 2
11001 134
11002 8
11003 1692
11004 78
11005 68
11006 3
11007 17
11008 3
11009 156
11010 23
11011 68
11012 16
11013 86
11014 127
11015 134
11016 38
11017 24
11018 76
11019 100
11020 1668
11021 143
11022 87
11023 87
11024 114
11025 118
11026 58
11027 16
11028 140
11029 31
11030 16
11031 80
11032 24
11033 134
11034 47
11035 82
11036 82
11037 1694
11038 972
11039 173
11040 212
11041 87
11042 151
11043 75
11044 74
11045 8
11046 76
11047 120
11048 196
11049 32
11050 11
11051 11
11052 10
11053 114
11054 36
11055 217
11056 156
11057 81
11058 11
11059 39
11060 8
11061 202
11062 78
11063 31
11064 154
11065 165
11066 157
11067 21
11068 33
11069 61
11070 95
11071 25
11072 13
11073 807
11074 34
11075 213
11076 49
11077 214
11078 143
11079 105
11080 4
11081 92
11082 8
11083 8
11084 166
11085 75
11086 47
11087 68
11088 47
11089 114
11090 110
11091 205
11092 208
11093 68
11094 87
11095 1614
11096 16
11097 32
11098 36
11099 8
11100 1712
11101 47
11102 37
11103 100
11104 76
11105 1325
11106 120
11107 1640
11108 3
11109 157
