3650 1075
741 1198
7660 1053
6672 1060
9172 1199
8308 1198
3687 903
5658 1053
3055 1053
8583 1060
2825 1207
9117 1188
6055 9
4522 1188
10125 689
9143 1199
693 20
4078 1188
984 1207
1380 1188
7980 9
4019 9
5085 20
937 1205
7245 1188
1266 1205
5584 1199
1468 1206
4433 903
3625 1188
5828 1060
9283 9
10956 903
1064 1207
411 1053
470 1207
3044 1059
9866 20
803 1198
4555 1188
3883 1208
3918 1198
7756 9
3640 1198
1035 1207
7935 1377
1332 903
4135 903
331 1205
9315 676
9681 1053
810 1205
198 1059
3028 1188
1954 1060
903 679
1199 903
2224 1211
10564 9
3243 1053
6685 1053
8859 1198
3820 676
912 903
9190 1060
5895 1059
2820 1205
9070 9
620 1188
7685 1060
11101 1198
3173 1053
4152 897
888 1207
5436 1060
8135 1199
5274 676
2416 1059
1383 1211
1300 903
6779 903
8374 1188
4518 676
10127 1060
1483 1205
4593 676
732 1206
8963 20
2066 1205
231 1053
4424 9
10294 20
7135 903
243 1205
9324 903
3568 9
1797 903
2398 1207
5336 1053
1341 903
9163 20
565 1205
4228 20
613 1211
9915 1053
7436 1060
9047 1053
6731 903
2210 1205
121 1205
387 1205
9520 897
8042 1060
8071 1225
8512 676
10203 1199
2199 1205
4350 903
445 1053
10614 903
1702 1205
10305 903
6178 9
2860 1205
7925 1225
33 903
6350 1053
8011 1059
4052 676
87 1214
2179 1205
10354 1378
6843 1198
7139 898
678 1057
3807 1053
6813 1198
3035 1216
2565 20
1855 1198
51 1214
6777 1054
9129 903
869 1198
3024 903
4736 1198
734 1053
4487 1053
596 1214
1268 1205
1668 1206
2374 1207
2220 1198
7844 903
286 1053
9756 1199
2580 1205
8061 1060
2341 1198
7800 1059
1528 1198
9949 1214
709 1053
10070 1188
5297 676
44 1379
9408 903
10946 1053
3786 676
5793 1059
6726 1242
10351 1214
1381 1207
967 1198
877 1205
9889 1053
10396 20
525 1205
2935 1188
2146 1206
7233 1060
8633 20
2716 1198
7188 1188
5464 1198
4709 1053
583 903
1032 1206
8025 1060
3000 676
5120 1199
4357 1198
7432 1060
1791 1207
8863 903
9239 1060
5711 1198
8901 903
8734 1198
4632 676
7112 1218
8490 1188
1346 1205
7723 1059
720 1218
9789 20
1234 1205
1254 1211
474 1053
6158 1060
4690 1059
7693 1198
10647 1198
2844 1205
10168 1188
10003 1208
10595 676
3950 1219
7908 1060
864 903
1611 676
1801 1188
3785 903
8085 1053
1853 1207
5667 675
9230 1242
2686 1214
1558 676
3626 1059
9747 1060
1761 1205
302 1060
4855 20
6258 1060
2526 20
5171 20
5695 20
3516 1199
2246 1207
373 1205
2181 903
6712 1060
1874 903
10668 1060
8970 1053
6606 1214
9900 1198
8785 1198
440 1380
7787 1198
4197 903
9456 1188
3701 20
10654 1199
4798 903
3582 903
10902 1381
260 1059
6658 1060
10205 20
7356 1053
3460 1188
1763 1053
1808 1053
7724 9
10251 9
6643 1060
1625 20
10112 903
2011 1205
3947 1053
9752 903
2228 1207
10322 1218
5900 903
7181 1060
8923 1198
9536 1060
229 1205
8469 1060
2287 1199
7826 1053
4330 1198
1884 1207
9441 20
4841 1216
9971 903
1156 1205
1102 1205
5914 675
6911 903
7529 1060
2727 1214
1553 20
7023 1059
2054 903
4606 1382
1533 1053
5844 1199
9031 1188
2539 903
6020 1223
2431 1383
7021 1059
9247 20
545 1205
8431 676
3975 1198
8098 1053
6546 1199
5753 1053
1700 1207
8951 1198
6822 1225
2240 1053
10362 1188
5613 903
11042 1053
4549 20
7364 1060
5838 903
4570 9
1250 1059
7118 903
398 1205
7625 1053
8211 1188
9081 1188
9922 1188
10086 903
1988 20
10126 1060
9492 1188
5218 1053
2588 9
7094 1060
2069 20
6439 1198
4358 20
448 1205
10433 1060
1536 1205
4708 1053
574 1207
9669 1060
2065 1205
968 903
853 903
9588 903
9391 1205
7158 1053
6732 1053
8024 1060
4760 1198
3878 1053
1574 1206
11087 1225
2076 903
7725 1060
10612 1199
7650 1059
4587 676
2217 1206
3336 1198
7134 903
7252 1060
2491 1199
3013 20
1072 1053
9006 1198
4007 1216
9487 1059
3446 1198
8957 903
4136 1053
2279 1207
8402 903
10872 1059
1789 1199
4329 903
2437 1218
6802 1226
6754 1384
3093 1198
6314 1060
605 1205
2274 1207
6828 1060
6694 20
1512 9
152 1205
4727 903
4404 1188
6840 903
1075 1205
6271 903
5862 1225
7606 1053
971 1207
2891 1053
5333 1188
3060 1053
136 9
5973 1385
10985 1216
9252 1060
2682 903
10426 9
7528 1060
2744 1205
11073 676
9064 1214
8089 1386
5954 1060
1487 1205
5292 1053
1896 1206
677 1205
7950 1188
9854 903
1653 1206
11066 1199
7683 20
1921 20
2729 1205
5908 1059
6589 1053
4090 1214
8926 1060
7829 903
3914 1226
10222 903
7843 1059
578 1198
6436 1199
10273 898
6831 1053
7743 1060
3656 1188
8031 1060
6755 20
3171 1214
5457 903
1074 1188
1911 1199
570 1206
7037 1060
2354 1205
4978 20
29 1199
3560 903
2739 1205
3482 1053
4530 1053
9119 676
8030 1053
10512 1053
7163 903
2767 1205
5280 670
9689 903
6351 1060
2425 1059
7866 1060
9754 1199
6558 1387
577 1199
4240 1199
3213 1053
375 20
7326 1060
4148 903
4418 903
4707 20
10650 676
2798 20
874 1207
9959 1053
885 1214
7551 903
2616 1205
8292 1223
8489 1060
6117 1388
745 1207
2109 9
8687 1053
9380 1188
4206 903
728 1205
5449 903
1875 1053
1015 1205
7815 1059
160 1205
9002 1219
598 903
5606 1053
7277 1389
9574 903
10806 1059
9418 1060
9370 1060
9303 1199
386 20
9552 1188
1087 903
8149 903
4527 1198
9170 1060
7315 1053
4863 689
415 1206
3621 1188
9359 1199
9410 1199
8581 903
838 1205
8837 903
612 1198
591 1214
9579 9
5590 20
2278 903
3897 20
323 903
5827 1053
2496 1205
6316 1199
2138 1205
7048 20
3792 903
2765 1205
2495 1206
1792 1205
3995 1053
9737 1199
2508 20
2630 1207
9096 1188
8514 9
5516 1060
9601 1060
7670 676
10479 1198
5498 1053
3949 1216
3751 20
7856 1390
1851 1053
296 903
9202 20
3741 1053
2267 1207
611 1199
4063 20
3816 20
694 1188
7299 1060
2391 1207
7084 1060
7591 1060
9944 1060
241 1199
11109 1199
7955 903
2029 1205
1999 1059
207 20
8306 1198
9161 903
6498 1214
6620 1060
2547 1207
5421 9
638 1059
3906 12
8250 676
1728 1214
6464 903
8832 1053
6852 903
9476 903
3642 20
9771 903
8179 1060
5352 1214
7172 1060
7795 903
5517 1053
3943 1198
7182 903
135 20
1167 1205
5853 1199
2746 1205
7639 9
6437 1060
10770 1198
9744 903
9913 1053
588 1207
71 897
1644 676
1461 1053
10416 1053
6518 903
518 20
10883 676
7383 1053
10572 903
2890 9
138 1053
7164 9
1571 1199
9979 1188
6801 1199
4368 1198
8151 1060
7848 1059
2118 1188
9715 898
1166 903
1994 1188
2434 1205
5822 1199
5112 20
5951 1060
2339 20
3463 0
8885 676
7631 1059
7081 9
831 1218
2270 1207
6325 1198
2878 1053
2052 1199
9346 673
9629 1060
5685 1060
6808 1060
10029 1059
982 1198
5623 1198
8492 1208
9084 1053
7499 1198
1969 1053
2855 1205
1475 1207
7690 1214
8351 20
2288 1216
350 1207
1409 1207
7203 1188
10616 1198
7419 1198
526 1205
7911 20
3605 903
6511 1060
291 9
1473 1206
3563 9
10337 1060
8540 20
4436 20
9751 9
6278 1188
4965 1188
6238 1188
3665 1214
10260 20
5556 903
6496 1060
62 20
4862 1219
4163 1053
3377 1208
4677 1199
9663 1198
10617 903
6479 1060
4943 1199
6789 1188
10365 1207
6595 696
10473 1206
5229 1205
9649 1207
73 1198
8422 1391
9 1207
