6264 16
6265 5
6266 77
6267 68
6268 15
6269 4
6270 73
6271 13
6272 13
6273 116
6274 973
6275 8
6276 113
6277 100
6278 950
6279 101
6280 77
6281 74
6282 23
6283 78
6284 81
6285 74
6286 132
6287 13
6288 74
6289 189
6290 126
6291 74
6292 32
6293 44
6294 146
6295 104
6296 34
6297 24
6298 16
6299 99
6300 78
6301 31
6302 51
6303 8
6304 41
6305 27
6306 119
6307 74
6308 8
6309 4
6310 704
6311 112
6312 141
6313 31
6314 25
6315 143
6316 154
6317 74
6318 36
6319 26
6320 74
6321 39
6322 74
6323 99
6324 34
6325 47
6326 16
6327 74
6328 1017
6329 713
6330 86
6331 3
6332 1418
6333 16
6334 129
6335 129
6336 17
6337 34
6338 74
6339 73
6340 99
6341 13
6342 112
6343 119
6344 141
6345 17
6346 77
6347 146
6348 3
6349 49
6350 148
6351 25
6352 686
6353 68
6354 141
6355 36
6356 86
6357 119
6358 112
6359 17
6360 75
6361 706
6362 77
6363 4
6364 4
6365 8
6366 86
6367 78
6368 3
6369 64
6370 41
6371 713
6372 11
6373 129
6374 998
6375 99
6376 34
6377 99
6378 1109
6379 4
6380 41
6381 11
6382 712
6383 8
6384 41
6385 9
6386 25
6387 146
6388 140
6389 146
6390 99
6391 99
6392 121
6393 39
6394 23
6395 13
6396 189
6397 21
6398 85
6399 184
6400 99
6401 1109
6402 74
6403 8
6404 81
6405 31
6406 100
6407 113
6408 686
6409 16
6410 68
6411 13
6412 1145
6413 155
6414 141
6415 96
6416 21
6417 33
6418 686
6419 80
6420 83
6421 129
6422 91
6423 143
6424 74
6425 116
6426 9
6427 13
6428 91
6429 75
6430 141
6431 75
6432 162
6433 141
6434 8
6435 100
6436 154
6437 25
6438 118
6439 47
6440 85
6441 68
6442 76
6443 1419
6444 81
6445 31
6446 8
6447 713
6448 16
6449 56
6450 712
6451 86
6452 37
6453 75
6454 86
6455 1061
6456 13
6457 104
6458 155
6459 4
6460 80
6461 125
6462 116
6463 31
6464 13
6465 113
6466 132
6467 88
6468 87
6469 27
6470 8
6471 78
6472 99
6473 144
6474 13
6475 13
6476 74
6477 99
6478 36
6479 25
6480 146
6481 73
6482 137
6483 74
6484 81
6485 37
6486 813
6487 49
6488 51
6489 99
6490 100
6491 51
6492 21
6493 36
6494 56
6495 38
6496 25
6497 113
6498 46
6499 75
6500 41
6501 15
6502 74
6503 72
6504 86
6505 74
6506 15
6507 49
6508 63
6509 85
6510 116
6511 25
6512 155
6513 151
6514 118
6515 13
6516 49
6517 132
6518 13
6519 91
6520 132
6521 41
6522 132
6523 140
6524 142
6525 99
6526 78
6527 74
6528 37
6529 74
6530 91
6531 34
6532 118
6533 88
6534 703
6535 81
6536 118
6537 132
6538 998
6539 72
6540 155
6541 132
6542 75
6543 113
6544 36
6545 75
6546 28
6547 63
6548 74
6549 49
6550 99
6551 951
6552 91
6553 8
6554 49
6555 25
6556 1420
6557 132
6558 1421
6559 17
6560 240
6561 99
6562 39
6563 27
6564 23
6565 129
6566 184
6567 56
6568 47
6569 81
6570 1357
6571 99
6572 9
6573 99
6574 88
6575 118
6576 155
6577 8
6578 703
6579 100
6580 704
6581 26
6582 998
6583 68
6584 13
6585 31
6586 1422
6587 12
6588 56
6589 148
6590 37
6591 116
6592 13
6593 21
6594 75
6595 32
6596 23
6597 21
6598 34
6599 38
6600 27
6601 80
6602 140
6603 81
6604 99
6605 88
6606 46
6607 866
6608 87
6609 39
6610 11
6611 129
6612 32
6613 118
6614 91
6615 75
6616 151
6617 41
6618 13
6619 72
6620 25
6621 4
6622 41
6623 34
6624 137
6625 137
6626 11
6627 104
6628 4
6629 740
6630 74
6631 1423
6632 52
6633 56
6634 81
6635 141
6636 13
6637 63
6638 713
6639 146
6640 79
6641 86
6642 75
6643 25
6644 23
6645 99
6646 132
6647 32
6648 162
6649 81
6650 31
6651 5
6652 23
6653 904
6654 23
6655 952
6656 951
6657 64
6658 25
6659 63
6660 13
6661 99
6662 5
6663 80
6664 31
6665 189
6666 113
6667 21
6668 1424
6669 813
6670 4
6671 130
6672 25
6673 68
6674 99
6675 47
6676 13
6677 713
6678 109
6679 113
6680 74
6681 1094
6682 78
6683 34
6684 85
6685 148
6686 99
6687 91
6688 113
6689 4
6690 713
6691 31
6692 99
6693 86
6694 55
6695 72
6696 31
6697 1425
6698 64
6699 113
6700 155
6701 16
6702 13
6703 4
6704 99
6705 112
6706 973
6707 140
6708 25
6709 8
6710 13
6711 72
6712 25
6713 9
6714 80
6715 73
6716 78
6717 78
6718 113
6719 15
6720 72
6721 37
6722 77
6723 75
6724 116
6725 11
6726 123
6727 189
6728 189
6729 116
6730 25
6731 13
6732 148
6733 16
6734 44
6735 91
6736 86
6737 4
6738 75
6739 118
6740 118
6741 99
6742 904
6743 32
6744 85
6745 998
6746 710
6747 74
6748 113
6749 27
6750 87
6751 37
6752 189
6753 113
6754 1426
6755 55
6756 78
6757 33
6758 99
6759 74
6760 8
6761 74
6762 9
6763 88
6764 51
6765 130
6766 694
6767 25
6768 47
6769 86
6770 78
6771 76
6772 37
6773 27
6774 85
6775 31
6776 713
6777 5
6778 130
6779 13
6780 47
6781 100
6782 99
6783 91
6784 5
6785 2
6786 72
6787 9
6788 146
6789 950
6790 1017
6791 74
6792 99
6793 99
6794 866
6795 125
6796 74
6797 1109
6798 16
6799 816
6800 81
6801 154
6802 154
6803 33
6804 74
6805 126
6806 75
6807 91
6808 25
6809 72
6810 99
6811 99
6812 25
6813 47
6814 5
6815 116
6816 36
6817 78
6818 74
6819 13
6820 85
6821 74
6822 68
6823 112
6824 886
6825 13
6826 21
6827 141
6828 25
6829 74
6830 8
6831 148
6832 13
6833 74
6834 1364
6835 13
6836 189
6837 113
6838 34
6839 33
6840 13
6841 15
6842 33
6843 47
6844 112
6845 713
6846 31
6847 23
6848 813
6849 113
6850 74
6851 15
6852 13
6853 23
6854 75
6855 17
6856 25
6857 91
6858 189
6859 151
6860 129
6861 75
6862 5
6863 49
6864 78
6865 13
6866 33
6867 64
6868 184
6869 3
6870 81
6871 33
6872 33
6873 76
6874 56
6875 113
6876 34
6877 4
6878 99
6879 75
6880 8
6881 119
6882 816
6883 37
6884 46
6885 13
6886 75
6887 4
6888 112
6889 91
6890 144
6891 104
6892 33
6893 101
6894 146
6895 1427
6896 113
6897 16
6898 3
6899 37
6900 33
6901 85
6902 132
6903 8
6904 16
6905 129
6906 33
6907 25
6908 39
6909 41
6910 5
6911 13
6912 49
6913 56
6914 55
6915 153
6916 51
6917 1357
6918 146
6919 74
6920 91
6921 75
6922 189
6923 24
6924 146
6925 52
6926 13
6927 119
6928 56
6929 86
6930 973
6931 33
6932 137
6933 116
6934 16
6935 80
6936 74
6937 33
6938 99
6939 31
6940 4
6941 36
6942 31
6943 31
6944 9
6945 973
6946 998
6947 8
6948 4
6949 83
6950 116
6951 119
6952 1017
6953 16
6954 99
6955 104
6956 36
6957 76
6958 68
6959 100
