17073 62
17074 182
17075 62
17076 62
17077 62
17078 62
17079 62
17080 1113
17081 62
17082 62
17083 62
17084 262
17085 76
17086 62
17087 62
17088 62
17089 62
17090 1154
17091 62
17092 62
17093 76
17094 62
17095 12
17096 62
17097 40
17098 62
17099 62
17100 62
17101 62
17102 62
17103 76
17104 62
17105 76
17106 62
17107 76
17108 62
17109 62
17110 62
17111 76
17112 62
17113 104
17114 12
17115 62
17116 62
17117 62
17118 62
17119 76
17120 62
17121 62
17122 1113
17123 76
17124 55
17125 62
17126 76
17127 62
17128 62
17129 62
17130 76
17131 76
17132 1118
17133 55
17134 62
17135 62
17136 62
17137 76
17138 62
17139 76
17140 55
17141 89
17142 76
17143 76
17144 62
17145 1117
17146 62
17147 1272
17148 62
17149 62
17150 62
17151 62
17152 62
17153 62
17154 76
17155 1779
17156 62
17157 62
17158 129
17159 62
17160 62
17161 76
17162 62
17163 76
17164 76
17165 62
17166 62
17167 1272
17168 40
17169 1113
17170 62
17171 76
17172 62
17173 48
17174 62
17175 1125
17176 76
17177 1138
17178 62
17179 62
17180 76
17181 1154
17182 1113
17183 76
17184 62
17185 62
17186 62
17187 62
17188 62
17189 76
17190 76
17191 76
17192 76
17193 62
17194 76
17195 1117
17196 76
17197 62
17198 62
17199 62
17200 76
17201 76
17202 62
17203 62
17204 36
17205 76
17206 76
17207 76
17208 62
17209 62
17210 62
17211 76
17212 76
17213 62
17214 62
17215 62
17216 62
17217 76
17218 76
17219 62
17220 1154
17221 1154
17222 62
17223 62
17224 62
17225 76
17226 76
17227 62
17228 76
17229 76
17230 1154
17231 62
17232 62
17233 76
17234 48
17235 76
17236 86
17237 1154
17238 1154
17239 1110
17240 100
17241 76
17242 12
17243 55
17244 76
17245 1154
17246 62
17247 62
17248 62
17249 1139
17250 76
17251 76
17252 76
17253 76
17254 76
17255 1113
17256 1779
17257 76
17258 62
17259 62
17260 62
17261 76
17262 62
17263 1113
17264 62
17265 76
17266 62
17267 62
17268 62
17269 62
17270 262
17271 76
17272 1691
17273 76
17274 76
17275 1117
17276 204
17277 76
17278 62
17279 48
17280 1691
17281 62
17282 21
17283 62
17284 76
17285 62
17286 62
17287 89
17288 76
17289 62
17290 100
17291 62
17292 62
17293 62
17294 62
17295 1117
17296 62
17297 76
17298 76
17299 62
17300 76
17301 104
17302 76
17303 76
17304 76
17305 76
17306 76
17307 76
17308 76
17309 48
17310 62
17311 104
17312 76
17313 62
17314 76
17315 62
17316 76
17317 76
17318 1154
17319 62
17320 1253
17321 1109
17322 62
17323 76
17324 62
17325 104
17326 76
17327 62
17328 76
17329 48
17330 62
17331 62
17332 747
17333 76
17334 62
17335 1113
17336 62
17337 103
17338 76
17339 1154
17340 76
17341 767
17342 1278
17343 76
17344 1154
17345 12
17346 76
17347 76
17348 1113
17349 134
17350 76
17351 62
17352 1110
17353 76
17354 1754
17355 1118
17356 76
17357 76
17358 89
17359 76
17360 1154
17361 262
17362 62
17363 48
17364 62
17365 76
17366 1378
17367 62
17368 262
17369 110
17370 62
17371 76
17372 76
17373 172
17374 55
17375 89
17376 1154
17377 12
17378 1154
17379 76
17380 48
17381 1117
17382 1378
17383 89
17384 1755
17385 62
17386 76
17387 1113
17388 76
17389 89
17390 62
17391 55
17392 76
17393 129
17394 1604
17395 48
17396 173
17397 1604
17398 76
17399 1113
17400 1253
17401 12
17402 62
17403 1279
17404 182
17405 62
17406 62
17407 12
17408 62
17409 62
17410 62
17411 76
17412 1500
17413 76
17414 62
17415 55
17416 62
17417 55
17418 1118
17419 1756
17420 1266
17421 76
17422 76
17423 1686
17424 62
17425 76
17426 76
17427 89
17428 1113
17429 1113
17430 1113
17431 182
17432 62
17433 262
17434 182
17435 182
17436 1400
17437 182
17438 182
17439 1113
17440 182
17441 182
17442 76
17443 182
17444 182
17445 182
17446 182
17447 182
17448 182
17449 182
17450 182
17451 182
17452 182
17453 76
17454 182
17455 182
17456 182
17457 182
17458 182
17459 182
17460 182
17461 182
17462 182
17463 62
17464 182
17465 182
17466 182
17467 182
17468 182
17469 182
17470 62
17471 182
17472 182
17473 182
17474 182
17475 182
17476 182
17477 182
17478 182
17479 182
17480 182
17481 182
17482 182
17483 182
17484 182
17485 182
17486 76
17487 182
17488 182
17489 55
17490 182
17491 182
17492 182
17493 1686
17494 89
17495 182
17496 182
17497 182
17498 182
17499 182
17500 182
17501 182
17502 182
17503 182
17504 182
17505 182
17506 182
17507 182
17508 182
17509 182
17510 182
17511 110
17512 182
17513 182
17514 182
17515 182
17516 182
17517 182
17518 182
17519 182
17520 182
17521 182
17522 1154
17523 1113
17524 1113
17525 182
17526 182
17527 182
17528 1110
17529 182
17530 182
17531 62
17532 767
17533 182
17534 1113
17535 182
17536 1154
17537 1133
17538 62
17539 182
17540 182
17541 182
17542 182
17543 182
17544 182
17545 182
17546 182
17547 182
17548 62
17549 182
17550 182
17551 182
17552 182
17553 182
17554 182
17555 182
17556 182
17557 182
17558 182
17559 182
17560 182
17561 182
17562 182
17563 182
17564 182
17565 182
17566 89
17567 182
17568 182
17569 182
17570 182
17571 182
17572 182
17573 182
17574 182
17575 182
17576 182
17577 182
17578 182
17579 182
17580 76
17581 1400
17582 182
17583 182
17584 182
17585 182
17586 182
17587 182
17588 1604
17589 1133
17590 182
17591 1463
17592 62
17593 182
17594 182
17595 182
17596 182
17597 62
17598 182
17599 1113
17600 182
17601 182
17602 182
17603 182
17604 182
17605 182
17606 1133
17607 1113
17608 182
17609 182
17610 182
17611 182
17612 262
17613 76
17614 182
17615 1463
17616 62
17617 182
17618 182
17619 182
17620 182
17621 182
17622 182
17623 182
17624 182
17625 182
17626 182
17627 10
17628 182
17629 1113
17630 76
17631 1113
17632 182
17633 182
17634 182
17635 182
17636 182
17637 182
17638 182
17639 262
17640 182
17641 182
17642 182
17643 77
17644 182
17645 182
17646 182
17647 102
17648 182
17649 182
17650 182
17651 182
17652 182
17653 182
17654 182
17655 182
17656 182
17657 182
17658 182
17659 182
17660 182
17661 10
17662 182
17663 1154
17664 110
17665 104
17666 182
17667 104
17668 182
17669 62
17670 182
17671 182
17672 182
17673 182
17674 182
17675 182
17676 182
17677 1604
17678 1378
17679 182
17680 62
17681 182
17682 62
17683 182
17684 182
17685 182
17686 182
17687 62
17688 76
17689 182
17690 182
17691 62
17692 182
17693 182
17694 89
17695 182
17696 182
17697 182
17698 182
17699 182
17700 1110
17701 182
17702 106
17703 182
17704 182
17705 48
17706 182
17707 182
17708 62
17709 76
17710 76
17711 1117
17712 48
17713 104
17714 182
17715 76
17716 76
17717 182
17718 182
17719 1378
17720 182
17721 182
17722 182
17723 182
17724 182
17725 62
17726 1378
17727 1122
17728 182
17729 62
17730 62
17731 89
17732 1279
17733 76
17734 1279
17735 62
17736 1113
17737 258
17738 62
17739 76
17740 182
17741 182
17742 182
17743 182
17744 1279
17745 1118
17746 62
17747 1113
17748 182
17749 214
17750 1110
17751 182
17752 182
17753 1154
17754 182
17755 1154
17756 182
17757 182
17758 182
17759 182
17760 182
17761 1378
17762 182
17763 182
17764 62
17765 1133
17766 62
17767 182
17768 182
17769 1279
17770 182
17771 182
17772 1378
17773 182
17774 182
17775 182
17776 182
17777 182
17778 241
17779 1515
17780 1154
17781 1279
17782 1279
17783 1279
17784 182
17785 62
17786 182
17787 1279
17788 62
17789 11
17790 25
17791 182
17792 25
17793 11
17794 1154
17795 182
17796 62
17797 182
17798 182
17799 182
17800 62
17801 1125
17802 1279
17803 11
17804 182
17805 14
17806 182
17807 182
17808 182
17809 182
17810 182
17811 55
17812 1154
17813 182
17814 182
17815 182
17816 182
17817 182
17818 10
17819 36
17820 76
17821 76
17822 182
17823 1698
17824 182
17825 182
17826 1378
17827 182
17828 55
17829 182
17830 182
17831 182
17832 182
17833 182
17834 89
17835 89
17836 182
17837 182
17838 182
17839 1113
17840 182
17841 14
17842 182
17843 182
17844 182
17845 76
17846 62
17847 182
17848 1113
17849 62
17850 182
17851 182
17852 182
17853 182
17854 182
17855 1336
17856 182
17857 182
17858 1110
17859 89
17860 76
17861 62
17862 1113
17863 182
17864 182
17865 110
17866 241
17867 12
17868 14
17869 182
17870 62
17871 1459
17872 76
17873 182
17874 182
17875 182
17876 182
17877 182
17878 1686
17879 14
17880 62
17881 182
17882 48
17883 182
17884 182
17885 182
17886 1113
17887 182
17888 182
17889 182
17890 62
17891 182
17892 1154
17893 1154
17894 62
17895 182
17896 1154
17897 182
17898 182
17899 182
17900 182
17901 1696
17902 182
17903 182
17904 182
17905 182
17906 110
17907 182
17908 76
17909 76
17910 182
17911 62
17912 62
17913 76
17914 62
17915 182
17916 182
17917 62
17918 62
17919 182
17920 62
17921 62
17922 62
17923 182
17924 182
17925 182
17926 182
17927 182
17928 62
17929 62
17930 62
17931 62
17932 182
17933 182
17934 182
17935 182
17936 1758
17937 182
17938 89
17939 182
17940 182
17941 182
17942 1515
17943 182
17944 134
17945 182
17946 155
17947 182
17948 62
17949 182
17950 1117
17951 182
17952 12
17953 82
17954 767
17955 182
17956 182
17957 182
17958 182
17959 1154
17960 767
17961 1117
17962 182
17963 182
17964 134
17965 747
17966 182
17967 182
17968 182
17969 767
17970 182
17971 76
17972 182
17973 182
17974 82
17975 110
17976 182
17977 182
17978 182
17979 1154
17980 82
17981 82
17982 182
17983 182
17984 62
17985 182
17986 182
17987 89
17988 1502
17989 76
17990 82
17991 182
17992 62
17993 1113
17994 182
17995 11
17996 182
17997 182
17998 182
17999 182
18000 62
18001 62
18002 182
18003 62
18004 82
18005 1112
18006 182
18007 182
18008 182
18009 182
18010 182
18011 1113
18012 182
18013 104
18014 82
18015 1154
18016 1378
18017 182
18018 182
18019 182
18020 182
18021 1125
18022 182
18023 110
18024 110
18025 1154
18026 1118
18027 182
18028 1113
18029 182
18030 1604
18031 62
18032 182
18033 182
18034 182
18035 14
18036 182
18037 1336
18038 182
18039 36
18040 182
18041 182
18042 182
18043 182
18044 182
18045 182
18046 62
18047 62
18048 62
18049 182
18050 62
18051 12
18052 12
18053 12
18054 182
18055 12
18056 104
18057 1113
18058 1125
18059 76
18060 76
18061 182
18062 1515
18063 747
18064 82
18065 1336
18066 182
18067 182
18068 62
18069 62
18070 1336
18071 1604
18072 182
18073 129
18074 62
18075 182
18076 76
18077 82
18078 89
18079 1133
18080 14
18081 76
18082 182
18083 182
18084 182
18085 182
18086 1400
18087 1502
18088 182
18089 182
18090 182
18091 182
18092 62
18093 182
18094 62
18095 76
18096 182
18097 182
18098 262
18099 182
18100 1336
18101 100
18102 182
18103 1125
18104 182
18105 110
18106 182
18107 182
18108 104
18109 767
18110 62
18111 182
18112 1154
18113 104
18114 10
18115 104
18116 1109
18117 262
18118 76
18119 55
18120 130
18121 62
18122 182
18123 55
18124 182
18125 89
18126 182
18127 1113
18128 89
18129 182
18130 182
18131 182
18132 182
18133 182
18134 11
18135 11
18136 89
18137 11
18138 182
18139 182
18140 12
18141 1336
18142 11
18143 104
18144 1154
18145 1113
18146 1154
18147 1113
18148 182
18149 76
18150 62
18151 1118
18152 182
18153 82
18154 76
18155 142
18156 182
18157 182
18158 89
18159 104
18160 11
18161 104
18162 182
18163 182
18164 11
18165 130
18166 130
18167 182
18168 182
18169 104
18170 182
18171 1515
18172 130
18173 182
18174 62
18175 104
18176 182
18177 182
18178 182
18179 76
18180 82
18181 1336
18182 1604
18183 182
18184 1110
18185 182
18186 1125
18187 62
18188 76
18189 182
18190 182
18191 1378
18192 1378
18193 182
18194 104
18195 1133
18196 11
18197 182
18198 12
18199 182
18200 182
18201 69
18202 1113
18203 110
18204 182
18205 241
18206 182
18207 182
18208 182
18209 182
18210 182
18211 182
18212 130
18213 110
18214 182
18215 182
18216 184
18217 1604
18218 182
18219 1113
18220 62
18221 1110
18222 89
18223 182
18224 182
18225 182
18226 1133
18227 104
18228 182
18229 104
18230 1295
18231 62
18232 1586
18233 1133
18234 182
18235 82
18236 1279
18237 182
18238 104
18239 1133
18240 110
18241 182
18242 1133
18243 1279
18244 110
18245 1336
18246 130
18247 1260
18248 1117
18249 182
18250 1378
18251 155
18252 89
18253 76
18254 1500
18255 241
18256 1500
18257 182
18258 1133
18259 204
18260 182
18261 1604
18262 182
18263 104
18264 182
18265 62
18266 14
18267 76
18268 11
18269 106
18270 14
18271 11
18272 1336
18273 76
18274 104
18275 104
18276 1110
18277 1110
18278 11
18279 1110
18280 1110
18281 272
18282 62
18283 62
18284 62
18285 1118
18286 1133
18287 175
18288 62
18289 62
18290 241
18291 104
18292 1397
18293 14
18294 1278
18295 182
18296 1260
18297 175
18298 175
18299 1378
18300 89
18301 262
18302 182
18303 55
18304 89
18305 1366
18306 1604
18307 62
18308 1604
18309 62
18310 175
18311 182
18312 182
18313 267
18314 175
18315 175
18316 258
18317 182
18318 1133
18319 1604
18320 182
18321 172
18322 62
18323 104
18324 1110
18325 1586
18326 1400
18327 1117
18328 267
18329 182
18330 767
18331 1113
18332 12
18333 172
18334 1133
18335 272
18336 262
18337 1500
18338 1118
18339 62
18340 241
18341 175
18342 77
18343 1493
18344 182
18345 1118
18346 62
18347 175
18348 62
18349 12
18350 12
18351 104
18352 1493
18353 104
18354 1336
18355 175
18356 175
18357 76
18358 175
18359 1336
18360 175
18361 175
18362 175
18363 175
18364 175
18365 175
18366 175
18367 175
18368 175
18369 172
18370 175
18371 175
18372 175
18373 175
18374 175
18375 175
18376 175
18377 175
18378 175
18379 175
18380 175
18381 175
18382 175
18383 175
18384 175
18385 262
18386 175
18387 1459
18388 175
18389 175
18390 175
18391 12
18392 1288
18393 175
18394 104
18395 175
18396 12
18397 1500
18398 175
18399 175
18400 14
18401 62
18402 1500
18403 14
18404 175
18405 175
18406 175
18407 1113
18408 100
18409 1133
18410 175
18411 175
18412 175
18413 1118
18414 175
18415 175
18416 175
18417 175
18418 175
18419 175
18420 1118
18421 182
18422 182
18423 36
18424 175
18425 110
18426 241
18427 104
18428 182
18429 130
18430 62
18431 1133
18432 175
18433 1113
18434 10
18435 89
18436 62
18437 241
18438 241
18439 175
18440 1125
18441 142
18442 175
18443 104
18444 89
18445 10
18446 10
18447 175
18448 175
18449 33
18450 10
18451 175
18452 104
18453 14
18454 1138
18455 110
18456 262
18457 12
18458 182
18459 182
18460 1113
18461 182
18462 182
18463 182
18464 1133
18465 10
18466 62
18467 175
18468 175
18469 175
18470 1118
18471 767
18472 1110
18473 1118
18474 204
18475 175
18476 1500
18477 182
18478 134
18479 89
18480 155
18481 182
18482 82
18483 134
18484 175
18485 175
18486 1586
18487 77
18488 104
18489 1586
18490 175
18491 175
18492 175
18493 104
18494 1113
18495 182
18496 1500
18497 1500
18498 104
18499 48
18500 175
18501 175
18502 175
18503 100
18504 1113
18505 791
18506 272
18507 62
18508 175
18509 110
18510 1272
18511 175
18512 175
18513 175
18514 175
18515 175
18516 175
18517 1500
18518 110
18519 175
18520 1500
18521 175
18522 175
18523 3
18524 1500
18525 62
18526 48
18527 175
18528 172
18529 1133
18530 175
18531 76
18532 110
18533 182
18534 204
18535 14
18536 175
18537 89
18538 182
18539 175
18540 175
18541 1133
18542 84
18543 60
18544 110
18545 1133
18546 1459
18547 175
18548 182
18549 1272
18550 36
18551 175
18552 69
18553 76
18554 272
18555 1380
18556 258
18557 14
18558 182
18559 182
18560 21
18561 182
18562 104
18563 89
18564 267
18565 175
18566 1133
18567 1133
18568 1133
18569 175
18570 1133
18571 1133
18572 104
18573 1113
18574 12
18575 104
18576 1604
18577 175
18578 1266
18579 12
18580 11
18581 1133
18582 110
18583 130
18584 175
18585 36
18586 14
18587 14
18588 48
18589 110
18590 172
18591 104
18592 1378
18593 1110
18594 104
18595 1400
18596 1110
18597 175
18598 241
18599 1266
18600 175
18601 55
18602 272
18603 182
18604 48
18605 175
18606 104
18607 163
18608 1113
18609 1110
18610 1759
18611 14
18612 14
18613 182
18614 89
18615 110
18616 1336
18617 182
18618 175
18619 262
18620 175
18621 175
18622 104
18623 262
18624 1272
18625 1463
18626 272
18627 272
18628 258
18629 110
18630 110
18631 110
18632 272
18633 272
18634 272
18635 62
18636 110
18637 272
18638 767
18639 204
18640 175
18641 272
18642 175
18643 182
18644 1696
18645 36
18646 110
18647 175
18648 182
18649 14
18650 272
18651 182
18652 1113
18653 1118
18654 182
18655 175
18656 1133
18657 1113
18658 1154
18659 1359
18660 1459
18661 1133
18662 12
18663 1288
18664 104
18665 62
18666 104
18667 110
18668 1133
18669 104
18670 110
18671 1272
18672 104
18673 104
18674 262
18675 1500
18676 89
18677 172
18678 272
18679 272
18680 1113
18681 104
18682 1502
18683 1502
18684 100
18685 182
18686 1113
18687 1117
18688 104
18689 76
18690 1113
18691 1462
18692 1113
18693 182
18694 1378
18695 1493
18696 110
18697 1133
18698 258
18699 1336
18700 182
18701 11
18702 89
18703 89
18704 175
18705 76
18706 104
18707 1133
18708 10
18709 89
18710 175
18711 175
18712 1378
18713 104
18714 55
18715 182
18716 175
18717 182
18718 1500
18719 175
18720 104
18721 272
18722 104
18723 175
18724 130
18725 104
18726 1113
18727 1500
18728 76
18729 1138
18730 175
18731 1378
18732 1378
18733 182
18734 1482
18735 175
18736 12
18737 175
18738 1378
18739 272
18740 1133
18741 1118
18742 21
18743 11
18744 1288
18745 112
18746 11
18747 182
18748 1288
18749 110
18750 1500
18751 1110
18752 110
18753 55
18754 89
18755 1604
18756 104
18757 101
18758 182
18759 1110
18760 110
18761 101
18762 175
18763 1113
18764 182
18765 1500
18766 272
18767 175
18768 175
18769 11
18770 104
18771 14
18772 76
18773 1493
18774 89
18775 104
18776 175
18777 1113
18778 104
18779 89
18780 11
18781 182
18782 1113
18783 1336
18784 1133
18785 89
18786 110
18787 11
18788 1500
18789 11
18790 104
18791 1760
18792 1487
18793 89
18794 14
18795 112
18796 267
18797 14
18798 1500
18799 11
18800 1604
18801 110
18802 11
18803 262
18804 76
18805 1500
18806 1110
18807 1500
18808 1500
18809 89
18810 1500
18811 89
18812 1272
18813 104
18814 110
18815 11
18816 747
18817 1761
18818 89
18819 272
18820 11
18821 155
18822 1110
18823 104
18824 11
18825 10
18826 182
18827 258
18828 182
18829 1110
18830 1110
18831 1110
18832 1500
18833 104
18834 1408
18835 1110
18836 1110
18837 102
18838 1110
18839 10
18840 1408
18841 1408
18842 1408
18843 48
18844 1110
18845 1288
18846 110
18847 182
18848 110
18849 1110
18850 36
18851 104
18852 1110
18853 1133
18854 1113
18855 1113
18856 1762
18857 1500
18858 1117
18859 130
18860 14
18861 104
18862 104
18863 101
18864 163
18865 110
18866 1698
18867 104
18868 1118
18869 1378
18870 1113
18871 1696
18872 1133
18873 11
18874 11
18875 1502
18876 11
18877 11
18878 1502
18879 11
18880 175
18881 1502
18882 175
18883 182
18884 55
18885 1118
18886 89
18887 1133
18888 1500
18889 1500
18890 1336
18891 11
18892 104
18893 1133
18894 1113
18895 100
18896 175
18897 204
18898 1118
18899 272
18900 104
18901 182
18902 1500
18903 89
18904 1336
18905 1500
18906 69
18907 1500
18908 272
18909 262
18910 182
18911 110
18912 175
18913 1113
18914 1336
18915 747
18916 1113
18917 1112
18918 1133
18919 89
18920 1493
18921 1110
18922 1295
18923 1500
18924 1133
18925 182
18926 76
18927 262
18928 1295
18929 1408
18930 1113
18931 104
18932 1118
18933 104
18934 1133
18935 14
18936 76
18937 89
18938 1500
18939 1272
18940 1500
18941 1500
18942 1279
18943 1500
18944 1500
18945 1500
18946 104
18947 1764
18948 1500
18949 1288
18950 104
18951 104
18952 1500
18953 112
18954 55
18955 104
18956 1272
18957 1133
18958 129
18959 1110
18960 89
18961 1500
18962 175
18963 175
18964 1253
18965 1133
18966 89
18967 1113
18968 76
18969 104
