13761 186
13762 186
13763 185
13764 206
13765 51
13766 22
13767 147
13768 147
13769 113
13770 147
13771 1997
13772 167
13773 1994
13774 206
13775 63
13776 12
13777 2187
13778 3563
13779 147
13780 147
13781 102
13782 115
13783 147
13784 30
13785 147
13786 113
13787 51
13788 86
13789 186
13790 90
13791 147
13792 302
13793 94
13794 51
13795 302
13796 113
13797 147
13798 30
13799 153
13800 186
13801 46
13802 26
13803 65
13804 209
13805 94
13806 37
13807 63
13808 186
13809 147
13810 113
13811 186
13812 302
13813 209
13814 51
13815 153
13816 206
13817 21
13818 147
13819 20
13820 147
13821 30
13822 147
13823 147
13824 57
13825 3564
13826 46
13827 147
13828 94
13829 35
13830 30
13831 110
13832 26
13833 1994
13834 147
13835 147
13836 110
13837 302
13838 46
13839 65
13840 30
13841 185
13842 209
13843 213
13844 3565
13845 94
13846 302
13847 55
13848 3640
13849 65
13850 112
13851 115
13852 251
13853 206
13854 113
13855 37
13856 209
13857 46
13858 206
13859 213
13860 1
13861 20
13862 886
13863 130
13864 110
13865 302
13866 113
13867 57
13868 63
13869 186
13870 30
13871 147
13872 46
13873 2
13874 3654
13875 35
13876 20
13877 186
13878 57
13879 94
13880 302
13881 213
13882 51
13883 3566
13884 102
13885 1994
13886 1161
13887 65
13888 55
13889 130
13890 20
13891 110
13892 90
13893 3567
13894 7
13895 167
13896 186
13897 35
13898 879
13899 147
13900 213
13901 110
13902 209
13903 63
13904 1997
13905 57
13906 209
13907 25
13908 102
13909 94
13910 302
13911 186
13912 147
13913 186
13914 21
13915 130
13916 65
13917 102
13918 7
13919 36
13920 57
13921 113
13922 10
13923 20
13924 302
13925 206
13926 110
13927 51
13928 30
13929 113
13930 30
13931 3617
13932 302
13933 3568
13934 35
13935 94
13936 2226
13937 113
13938 3621
13939 51
13940 3569
13941 46
13942 54
13943 185
13944 7
13945 110
13946 147
13947 3570
13948 5
13949 3571
13950 4
13951 46
13952 186
13953 113
13954 20
13955 63
13956 110
13957 35
13958 37
13959 213
13960 147
13961 186
13962 147
13963 147
13964 30
13965 302
13966 886
13967 37
13968 20
13969 35
13970 209
13971 140
13972 20
13973 213
13974 147
13975 153
13976 30
13977 37
13978 102
13979 65
13980 3621
13981 255
13982 3666
13983 46
13984 37
13985 46
13986 30
13987 35
13988 57
13989 65
13990 51
13991 185
13992 209
13993 46
13994 63
13995 148
13996 94
13997 90
13998 130
13999 30
14000 7
14001 131
14002 3572
14003 20
14004 57
14005 5
14006 65
14007 7
14008 147
14009 20
14010 102
14011 7
14012 21
14013 185
14014 135
14015 3573
14016 206
14017 3574
14018 20
14019 57
14020 148
14021 30
14022 185
14023 65
14024 1994
14025 140
14026 147
14027 25
14028 63
14029 186
14030 3617
14031 7
14032 147
14033 209
14034 25
14035 46
14036 3575
14037 57
14038 30
14039 37
14040 147
14041 1994
14042 185
14043 94
14044 63
14045 186
14046 7
14047 55
14048 35
14049 110
14050 130
14051 57
14052 90
14053 886
14054 147
14055 1994
14056 51
14057 185
14058 63
14059 3576
14060 251
14061 113
14062 12
14063 94
14064 206
14065 55
14066 94
14067 209
14068 30
14069 185
14070 57
14071 110
14072 147
14073 185
14074 147
14075 36
14076 213
14077 51
14078 110
14079 302
14080 12
14081 51
14082 110
14083 186
14084 25
14085 302
14086 186
14087 186
14088 35
14089 147
14090 147
14091 147
14092 57
14093 302
14094 35
14095 206
14096 30
14097 113
14098 302
14099 209
14100 18
14101 30
14102 302
14103 37
14104 186
14105 30
14106 46
14107 115
14108 102
14109 1
14110 113
14111 148
14112 147
14113 7
14114 3081
14115 30
14116 55
14117 185
14118 113
14119 169
14120 206
14121 94
14122 209
14123 110
14124 51
14125 65
14126 57
14127 3577
14128 1
14129 94
14130 213
14131 3578
14132 147
14133 886
14134 3676
14135 63
14136 147
14137 30
14138 57
14139 147
14140 51
14141 37
14142 113
14143 26
14144 186
14145 186
14146 20
14147 206
14148 185
14149 186
14150 251
14151 147
14152 213
14153 186
14154 57
14155 153
14156 63
14157 2
14158 20
14159 35
14160 186
14161 251
14162 147
14163 167
14164 3579
14165 30
14166 213
14167 63
14168 147
14169 302
14170 186
14171 51
14172 2428
14173 186
14174 213
14175 113
14176 186
14177 94
14178 102
14179 46
14180 147
14181 3581
14182 186
14183 113
14184 185
14185 886
14186 37
14187 46
14188 886
14189 113
14190 30
14191 1994
14192 5
14193 886
14194 3582
14195 3583
14196 130
14197 3584
14198 113
14199 102
14200 147
14201 302
14202 57
14203 147
14204 209
14205 1994
14206 94
14207 65
14208 213
14209 186
14210 55
14211 30
14212 113
14213 113
14214 57
14215 3585
14216 3651
14217 51
14218 3586
14219 302
14220 51
14221 110
14222 35
14223 20
14224 206
14225 148
14226 186
14227 213
14228 302
14229 12
14230 147
14231 3640
14232 94
14233 1994
14234 251
14235 185
14236 65
14237 3302
14238 879
14239 185
14240 1994
14241 37
14242 186
14243 20
14244 206
14245 18
14246 30
14247 147
14248 147
14249 209
14250 879
14251 15
14252 879
14253 36
14254 3676
14255 186
14256 186
14257 147
14258 147
14259 1994
14260 302
14261 147
14262 302
14263 20
14264 94
14265 30
14266 25
14267 147
14268 7
14269 30
14270 213
14271 147
14272 113
14273 2
14274 46
14275 57
14276 94
14277 186
14278 46
14279 135
14280 37
14281 206
14282 206
14283 1994
14284 1994
14285 3588
14286 3589
14287 147
14288 63
14289 14
14290 153
14291 147
14292 186
14293 186
14294 30
14295 51
14296 20
14297 38
14298 1566
14299 30
14300 147
14301 209
14302 147
14303 65
14304 51
14305 94
14306 886
14307 20
14308 209
14309 147
14310 213
14311 12
14312 1111
14313 213
14314 191
14315 209
14316 3674
14317 65
14318 12
14319 102
14320 186
14321 113
14322 147
14323 206
14324 186
14325 5
14326 186
14327 36
14328 1994
14329 51
14330 3674
14331 115
14332 113
14333 51
14334 3674
14335 185
14336 251
14337 186
14338 186
14339 135
14340 37
14341 186
14342 186
14343 10
14344 65
14345 17
14346 113
14347 135
14348 186
14349 4
14350 251
14351 302
14352 153
14353 147
14354 1157
14355 209
14356 1994
14357 63
14358 46
14359 46
14360 251
14361 30
14362 147
14363 30
14364 46
14365 213
14366 302
14367 186
14368 186
14369 213
14370 46
14371 135
14372 51
14373 102
14374 94
14375 186
14376 206
14377 3590
14378 206
14379 46
14380 186
14381 20
14382 185
14383 46
14384 65
14385 251
14386 3625
14387 37
14388 1584
14389 2492
14390 115
14391 2
14392 20
14393 65
14394 1994
14395 20
14396 135
14397 3679
14398 147
14399 302
14400 51
14401 186
14402 1775
14403 147
14404 3592
14405 113
14406 213
14407 26
14408 3659
14409 46
14410 135
14411 3593
14412 46
14413 186
14414 3654
14415 55
14416 113
14417 185
14418 46
14419 185
14420 110
14421 206
14422 19
14423 30
14424 113
14425 3666
14426 147
14427 130
14428 186
14429 15
14430 51
14431 147
14432 213
14433 65
14434 30
14435 3681
14436 147
14437 147
14438 7
14439 51
14440 30
14441 191
14442 147
14443 147
14444 186
14445 102
14446 206
14447 185
14448 35
14449 17
14450 113
14451 94
14452 51
14453 135
14454 86
14455 147
14456 20
14457 147
14458 35
14459 206
14460 65
14461 31
14462 130
14463 46
14464 94
14465 25
14466 37
14467 37
14468 94
14469 110
14470 51
14471 110
14472 63
14473 251
14474 3681
14475 112
14476 57
14477 147
14478 20
14479 147
14480 115
14481 186
14482 206
14483 1
14484 206
14485 251
14486 131
14487 46
14488 37
14489 3625
14490 113
14491 147
14492 5
14493 147
14494 213
14495 37
14496 113
14497 186
14498 14
14499 206
14500 32
14501 1166
14502 51
14503 185
14504 113
14505 147
14506 3652
14507 65
14508 46
14509 3594
14510 51
14511 213
14512 30
14513 30
14514 3640
14515 147
14516 147
14517 113
14518 186
14519 57
14520 147
14521 1994
14522 113
14523 102
14524 147
14525 63
14526 31
14527 186
14528 54
14529 35
14530 3651
14531 30
14532 185
14533 19
14534 113
14535 113
14536 209
14537 30
14538 113
14539 35
14540 206
14541 3692
14542 57
14543 130
14544 206
14545 57
14546 213
14547 206
14548 57
14549 30
14550 63
14551 63
14552 65
14553 63
14554 35
14555 113
14556 302
14557 113
14558 185
14559 63
14560 206
14561 147
14562 57
14563 90
14564 302
14565 147
14566 213
14567 63
14568 147
14569 94
14570 5
14571 30
14572 63
14573 7
14574 37
14575 147
14576 206
14577 113
14578 186
14579 65
14580 2226
14581 302
14582 3679
14583 186
14584 209
14585 113
14586 147
14587 57
14588 51
14589 130
14590 57
14591 35
14592 57
14593 186
14594 46
14595 206
14596 213
14597 147
14598 10
14599 147
14600 206
14601 90
14602 94
14603 63
14604 3596
14605 20
14606 46
14607 130
14608 113
14609 25
14610 113
14611 10
14612 86
14613 94
14614 30
14615 65
14616 302
14617 206
14618 57
14619 147
14620 51
14621 185
14622 302
14623 10
14624 37
14625 46
14626 30
14627 30
14628 209
14629 94
14630 30
14631 30
14632 77
14633 186
14634 206
14635 147
14636 51
14637 30
14638 1994
14639 7
14640 153
14641 94
14642 2
14643 3649
14644 1
14645 209
14646 25
14647 46
14648 862
14649 55
14650 46
14651 63
14652 186
14653 3371
14654 63
14655 206
14656 147
14657 20
14658 30
14659 251
14660 302
14661 147
14662 65
14663 65
14664 135
14665 12
14666 30
14667 54
14668 7
14669 206
14670 3597
14671 94
14672 209
14673 147
14674 57
14675 31
14676 185
14677 185
14678 3692
14679 185
14680 110
14681 185
14682 209
14683 35
14684 113
14685 51
14686 167
14687 19
14688 147
14689 90
14690 63
14691 147
14692 26
14693 57
14694 113
14695 20
14696 251
14697 251
14698 15
14699 57
14700 30
14701 113
14702 65
14703 35
14704 302
14705 65
14706 135
14707 112
14708 30
14709 302
14710 20
14711 94
14712 110
14713 2457
14714 302
14715 30
14716 206
14717 94
14718 1994
14719 1994
14720 135
14721 94
14722 147
14723 131
14724 206
14725 147
14726 186
14727 186
14728 37
14729 147
14730 255
14731 86
14732 206
14733 147
14734 32
14735 2226
14736 191
14737 30
14738 148
14739 51
14740 113
14741 7
14742 147
14743 302
14744 302
14745 130
14746 30
14747 206
14748 3599
14749 206
14750 147
14751 1994
14752 186
14753 30
14754 209
14755 115
14756 147
14757 1568
14758 130
14759 302
14760 3600
14761 25
14762 1157
14763 186
14764 63
14765 46
14766 113
14767 302
14768 21
14769 245
14770 5
14771 186
14772 206
14773 186
14774 37
14775 54
14776 181
14777 12
14778 186
14779 185
14780 54
14781 206
14782 113
14783 167
14784 183
14785 113
14786 20
14787 86
14788 113
14789 55
14790 46
14791 186
14792 20
14793 65
14794 110
14795 186
14796 186
14797 63
14798 1157
14799 1157
14800 147
14801 186
14802 186
14803 46
14804 1994
14805 213
14806 3601
14807 30
14808 206
14809 147
14810 186
14811 3602
14812 186
14813 64
14814 110
14815 110
14816 302
14817 35
14818 113
14819 302
14820 19
14821 147
14822 35
14823 20
14824 3617
14825 153
14826 94
14827 63
14828 3603
14829 94
14830 147
14831 213
14832 10
14833 113
14834 147
14835 113
14836 22
14837 147
14838 213
14839 3649
14840 51
14841 46
14842 65
14843 1178
14844 12
14845 57
14846 46
14847 213
14848 185
14849 148
14850 147
14851 185
14852 1566
14853 251
14854 65
14855 147
14856 113
14857 3604
14858 51
14859 19
14860 51
14861 206
14862 113
14863 51
14864 51
14865 1
14866 65
14867 110
14868 51
14869 113
14870 113
14871 186
14872 94
14873 1997
14874 185
14875 209
14876 57
14877 51
14878 30
14879 147
14880 4
14881 57
14882 186
14883 55
14884 1997
14885 183
14886 102
14887 86
14888 51
14889 206
14890 185
14891 148
14892 302
14893 206
14894 20
14895 30
14896 302
14897 302
14898 22
14899 213
14900 113
14901 30
14902 886
14903 213
14904 30
14905 185
14906 302
14907 153
14908 1994
14909 255
14910 35
14911 302
14912 186
14913 153
14914 206
14915 209
14916 30
14917 25
14918 185
14919 255
14920 186
14921 213
14922 46
14923 113
14924 113
14925 7
14926 94
14927 186
14928 63
14929 147
14930 206
14931 147
14932 63
14933 185
14934 2
14935 3605
14936 51
14937 148
14938 46
14939 21
14940 213
14941 186
14942 94
14943 55
14944 186
14945 113
14946 185
14947 1
14948 113
14949 1387
14950 148
14951 102
14952 186
14953 65
14954 186
14955 30
14956 135
14957 63
14958 113
14959 94
14960 186
14961 46
14962 38
14963 37
14964 255
14965 65
14966 3659
14967 153
14968 206
14969 7
14970 65
14971 20
14972 302
14973 7
14974 46
14975 302
14976 186
14977 302
14978 186
14979 63
14980 3606
14981 113
14982 57
14983 110
14984 55
14985 3666
14986 3652
14987 94
14988 302
14989 186
14990 65
14991 186
14992 30
14993 3081
14994 113
14995 185
14996 113
14997 186
14998 1
14999 113
15000 94
15001 148
15002 3607
15003 147
15004 206
15005 3649
15006 113
15007 302
15008 147
15009 65
15010 147
15011 112
