4872 77
4873 101
4874 74
4875 121
4876 13
4877 99
4878 17
4879 21
4880 406
4881 8
4882 140
4883 41
4884 55
4885 64
4886 985
4887 21
4888 80
4889 87
4890 123
4891 23
4892 1137
4893 34
4894 13
4895 91
4896 27
4897 13
4898 141
4899 8
4900 74
4901 132
4902 86
4903 41
4904 47
4905 75
4906 1140
4907 23
4908 32
4909 75
4910 1141
4911 153
4912 8
4913 33
4914 708
4915 33
4916 25
4917 96
4918 23
4919 51
4920 155
4921 112
4922 112
4923 99
4924 81
4925 1056
4926 586
4927 74
4928 86
4929 113
4930 56
4931 782
4932 118
4933 26
4934 8
4935 1138
4936 49
4937 118
4938 15
4939 74
4940 74
4941 86
4942 58
4943 28
4944 162
4945 88
4946 27
4947 99
4948 86
4949 68
4950 86
4951 113
4952 58
4953 1069
4954 81
4955 13
4956 24
4957 80
4958 13
4959 13
4960 25
4961 406
4962 21
4963 99
4964 1068
4965 705
4966 99
4967 515
4968 17
4969 77
4970 75
4971 708
4972 184
4973 763
4974 33
4975 21
4976 81
4977 24
4978 55
4979 985
4980 112
4981 151
4982 17
4983 23
4984 673
4985 8
4986 104
4987 141
4988 34
4989 25
4990 119
4991 1000
4992 100
4993 1146
4994 16
4995 77
4996 113
4997 137
4998 140
4999 78
5000 56
5001 112
5002 1142
5003 8
5004 8
5005 21
5006 27
5007 25
5008 74
5009 36
5010 895
5011 129
5012 4
5013 37
5014 146
5015 51
5016 1151
5017 17
5018 113
5019 130
5020 395
5021 21
5022 27
5023 13
5024 41
5025 1016
5026 112
5027 137
5028 58
5029 119
5030 31
5031 129
5032 112
5033 24
5034 16
5035 51
5036 13
5037 8
5038 32
5039 31
5040 1069
5041 9
5042 113
5043 21
5044 75
5045 395
5046 17
5047 80
5048 8
5049 118
5050 37
5051 140
5052 1096
5053 78
5054 27
5055 21
5056 981
5057 99
5058 86
5059 31
5060 4
5061 99
5062 25
5063 1144
5064 99
5065 3
5066 1096
5067 33
5068 112
5069 13
5070 132
5071 132
5072 113
5073 13
5074 74
5075 74
5076 13
5077 567
5078 74
5079 151
5080 4
5081 17
5082 25
5083 189
5084 74
5085 55
5086 677
5087 13
5088 13
5089 104
5090 113
5091 1061
5092 85
5093 49
5094 39
5095 1145
5096 49
5097 15
5098 64
5099 99
5100 137
5101 2
5102 13
5103 91
5104 155
5105 189
5106 27
5107 567
5108 78
5109 49
5110 51
5111 24
5112 1135
5113 33
5114 41
5115 91
5116 31
5117 1045
5118 129
5119 99
5120 28
5121 763
5122 47
5123 73
5124 9
5125 32
5126 81
5127 113
5128 140
5129 56
5130 119
5131 13
5132 132
5133 132
5134 75
5135 75
5136 72
5137 25
5138 86
5139 23
5140 143
5141 137
5142 47
5143 1147
5144 8
5145 99
5146 132
5147 137
5148 83
5149 146
5150 74
5151 86
5152 132
5153 4
5154 74
5155 63
5156 77
5157 91
5158 109
5159 64
5160 104
5161 155
5162 55
5163 81
5164 16
5165 80
5166 31
5167 118
5168 49
5169 112
5170 74
5171 55
5172 140
5173 1074
5174 51
5175 33
5176 21
5177 101
5178 85
5179 23
5180 27
5181 16
5182 34
5183 8
5184 31
5185 4
5186 1073
5187 99
5188 25
5189 184
5190 140
5191 129
5192 39
5193 155
5194 99
5195 99
5196 26
5197 142
5198 56
5199 8
5200 34
5201 184
5202 85
5203 9
5204 151
5205 11
5206 151
5207 15
5208 1152
5209 11
5210 104
5211 8
5212 406
5213 49
5214 27
5215 41
5216 763
5217 86
5218 148
5219 13
5220 8
5221 13
5222 21
5223 1153
5224 13
5225 985
5226 13
5227 13
5228 63
5229 99
5230 596
5231 13
5232 123
5233 68
5234 52
5235 25
5236 32
5237 10
5238 13
5239 63
5240 99
5241 21
5242 1154
5243 5
5244 515
5245 118
5246 23
5247 1074
5248 68
5249 75
5250 72
5251 406
5252 1143
5253 86
5254 140
5255 86
5256 406
5257 10
5258 130
5259 10
5260 83
5261 1060
5262 80
5263 17
5264 63
5265 80
5266 100
5267 596
5268 99
5269 81
5270 1073
5271 37
5272 36
5273 41
5274 586
5275 113
5276 86
5277 99
5278 99
5279 140
5280 1150
5281 81
5282 1096
5283 11
5284 34
5285 1096
5286 49
5287 141
5288 85
5289 86
5290 99
5291 8
5292 148
5293 31
5294 32
5295 74
5296 15
5297 586
5298 99
5299 99
5300 81
5301 25
5302 132
5303 116
5304 49
5305 8
5306 32
5307 130
5308 80
5309 113
5310 129
5311 81
5312 75
5313 31
5314 58
5315 81
5316 27
5317 132
5318 13
5319 116
5320 87
5321 51
5322 17
5323 746
5324 708
5325 4
5326 13
5327 86
5328 162
5329 85
5330 11
5331 1045
5332 81
5333 705
5334 85
5335 74
5336 148
5337 41
5338 36
5339 31
5340 75
5341 8
5342 99
5343 129
5344 39
5345 74
5346 1148
5347 129
5348 8
5349 119
5350 78
5351 80
5352 46
5353 73
5354 13
5355 125
5356 708
5357 8
5358 155
5359 36
5360 99
5361 34
5362 13
5363 52
5364 78
5365 141
5366 1139
5367 8
5368 39
5369 17
5370 52
5371 13
5372 49
5373 112
5374 11
5375 74
5376 33
5377 27
5378 5
5379 129
5380 406
5381 27
5382 86
5383 2
5384 13
5385 155
5386 31
5387 49
5388 72
5389 4
5390 112
5391 86
5392 68
5393 1068
5394 68
5395 34
5396 49
5397 143
5398 129
5399 64
5400 10
5401 74
5402 116
5403 13
5404 24
5405 4
5406 8
5407 31
5408 81
5409 129
5410 708
5411 75
5412 51
5413 99
5414 1060
5415 21
5416 74
5417 23
5418 13
5419 74
5420 26
5421 109
5422 86
5423 74
5424 677
5425 31
5426 31
5427 153
5428 74
5429 31
5430 104
5431 809
5432 104
5433 99
5434 37
5435 143
5436 25
5437 74
5438 86
5439 39
5440 11
5441 17
5442 81
5443 406
5444 3
5445 116
5446 2
5447 39
5448 1149
5449 13
5450 77
5451 36
5452 26
5453 13
5454 15
5455 41
5456 8
5457 13
5458 81
5459 8
5460 33
5461 13
5462 74
5463 74
5464 1061
5465 21
5466 113
5467 80
5468 72
5469 27
5470 74
5471 16
5472 21
5473 1155
5474 32
5475 129
5476 9
5477 596
5478 116
5479 77
5480 13
5481 11
5482 23
5483 99
5484 782
5485 78
5486 13
5487 660
5488 1056
5489 1068
5490 985
5491 132
5492 49
5493 31
5494 56
5495 36
5496 21
5497 112
5498 72
5499 81
5500 33
5501 13
5502 91
5503 31
5504 36
5505 34
5506 77
5507 31
5508 49
5509 80
5510 74
5511 3
5512 78
5513 112
5514 121
5515 39
5516 25
5517 148
5518 8
5519 1136
5520 87
5521 5
5522 31
5523 8
5524 77
5525 132
5526 83
5527 32
5528 81
5529 112
5530 118
5531 100
5532 17
5533 80
5534 113
5535 184
5536 721
5537 56
5538 119
5539 100
5540 78
5541 86
5542 119
5543 74
5544 99
5545 113
5546 23
5547 155
5548 13
5549 118
5550 143
5551 4
5552 41
5553 86
5554 146
5555 23
5556 13
5557 31
5558 17
5559 112
5560 13
5561 78
5562 1156
5563 144
5564 13
5565 27
5566 78
5567 74
