10008 2226
10009 7
10010 5
10011 186
10012 1
10013 140
10014 206
10015 57
10016 1330
10017 112
10018 31
10019 15
10020 63
10021 30
10022 46
10023 57
10024 51
10025 147
10026 57
10027 90
10028 2704
10029 5
10030 25
10031 31
10032 130
10033 147
10034 5
10035 113
10036 2705
10037 209
10038 30
10039 11
10040 213
10041 65
10042 30
10043 2706
10044 110
10045 185
10046 147
10047 206
10048 130
10049 14
10050 5
10051 130
10052 206
10053 90
10054 5
10055 2775
10056 147
10057 55
10058 209
10059 31
10060 2707
10061 251
10062 147
10063 135
10064 2708
10065 63
10066 147
10067 147
10068 30
10069 2709
10070 167
10071 46
10072 113
10073 20
10074 251
10075 110
10076 147
10077 147
10078 51
10079 206
10080 31
10081 1157
10082 30
10083 115
10084 31
10085 153
10086 94
10087 30
10088 63
10089 64
10090 147
10091 36
10092 113
10093 209
10094 94
10095 63
10096 113
10097 186
10098 147
10099 31
10100 35
10101 2710
10102 2005
10103 94
10104 148
10105 5
10106 65
10107 213
10108 51
10109 30
10110 19
10111 54
10112 206
10113 90
10114 1
10115 147
10116 186
10117 57
10118 213
10119 31
10120 4
10121 86
10122 186
10123 37
10124 30
10125 63
10126 31
10127 1161
10128 5
10129 147
10130 1157
10131 7
10132 1
10133 148
10134 2712
10135 185
10136 46
10137 5
10138 2811
10139 51
10140 25
10141 5
10142 5
10143 186
10144 879
10145 30
10146 185
10147 181
10148 46
10149 206
10150 17
10151 140
10152 2713
10153 30
10154 36
10155 2714
10156 37
10157 57
10158 130
10159 31
10160 302
10161 153
10162 51
10163 7
10164 113
10165 185
10166 25
10167 57
10168 206
10169 302
10170 1157
10171 30
10172 2818
10173 1191
10174 4
10175 206
10176 147
10177 113
10178 213
10179 206
10180 147
10181 255
10182 886
10183 65
10184 186
10185 5
10186 11
10187 113
10188 130
10189 2813
10190 1
10191 2813
10192 20
10193 90
10194 206
10195 65
10196 31
10197 35
10198 30
10199 65
10200 4
10201 147
10202 22
10203 46
10204 11
10205 35
10206 51
10207 185
10208 1157
10209 186
10210 131
10211 1
10212 147
10213 186
10214 2813
10215 302
10216 255
10217 1
10218 2776
10219 7
10220 213
10221 886
10222 21
10223 5
10224 94
10225 5
10226 65
10227 2809
10228 21
10229 46
10230 94
10231 63
10232 7
10233 36
10234 302
10235 302
10236 65
10237 54
10238 147
10239 302
10240 63
10241 35
10242 65
10243 65
10244 2715
10245 94
10246 251
10247 63
10248 206
10249 14
10250 113
10251 185
10252 113
10253 46
10254 2776
10255 147
10256 31
10257 206
10258 90
10259 20
10260 302
10261 113
10262 302
10263 1
10264 206
10265 167
10266 46
10267 30
10268 1
10269 147
10270 2716
10271 25
10272 2820
10273 2771
10274 10
10275 94
10276 147
10277 51
10278 113
10279 90
10280 30
10281 20
10282 135
10283 37
10284 1994
10285 30
10286 2717
10287 51
10288 153
10289 46
10290 5
10291 90
10292 57
10293 113
10294 147
10295 113
10296 206
10297 63
10298 206
10299 30
10300 65
10301 63
10302 46
10303 147
10304 213
10305 7
10306 879
10307 147
10308 186
10309 130
10310 7
10311 65
10312 20
10313 30
10314 90
10315 147
10316 65
10317 20
10318 890
10319 251
10320 94
10321 5
10322 65
10323 30
10324 147
10325 886
10326 63
10327 302
10328 879
10329 20
10330 130
10331 12
10332 94
10333 2718
10334 7
10335 25
10336 51
10337 65
10338 2719
10339 7
10340 1
10341 2720
10342 65
10343 54
10344 17
10345 112
10346 37
10347 65
10348 213
10349 63
10350 14
10351 46
10352 46
10353 886
10354 5
10355 206
10356 65
10357 30
10358 77
10359 113
10360 186
10361 7
10362 5
10363 2721
10364 886
10365 14
10366 5
10367 213
10368 113
10369 113
10370 46
10371 30
10372 186
10373 31
10374 57
10375 63
10376 2820
10377 186
10378 102
10379 185
10380 113
10381 206
10382 26
10383 30
10384 65
10385 302
10386 213
10387 153
10388 185
10389 147
10390 213
10391 186
10392 30
10393 147
10394 30
10395 186
10396 5
10397 2818
10398 213
10399 147
10400 30
10401 2722
10402 186
10403 102
10404 35
10405 46
10406 5
10407 35
10408 206
10409 20
10410 30
10411 302
10412 2
10413 147
10414 65
10415 302
10416 94
10417 115
10418 5
10419 209
10420 2809
10421 51
10422 5
10423 65
10424 51
10425 302
10426 147
10427 30
10428 46
10429 37
10430 30
10431 186
10432 302
10433 113
10434 113
10435 186
10436 206
10437 86
10438 65
10439 206
10440 63
10441 206
10442 206
10443 167
10444 153
10445 1
10446 65
10447 147
10448 30
10449 113
10450 51
10451 113
10452 251
10453 5
10454 102
10455 38
10456 94
10457 7
10458 302
10459 153
10460 186
10461 90
10462 302
10463 186
10464 5
10465 63
10466 113
10467 46
10468 90
10469 206
10470 90
10471 31
10472 30
10473 46
10474 186
10475 63
10476 2813
10477 153
10478 63
10479 135
10480 186
10481 63
10482 894
10483 7
10484 886
10485 7
10486 46
10487 2723
10488 302
10489 186
10490 37
10491 51
10492 1
10493 51
10494 147
10495 147
10496 209
10497 5
10498 65
10499 20
10500 186
10501 110
10502 55
10503 35
10504 186
10505 2233
10506 90
10507 2
10508 255
10509 43
10510 2770
10511 857
10512 2770
10513 51
10514 35
10515 185
10516 63
10517 147
10518 1157
10519 51
10520 302
10521 2826
10522 113
10523 167
10524 1
10525 5
10526 63
10527 46
10528 51
10529 113
10530 148
10531 90
10532 135
10533 1157
10534 213
10535 2029
10536 20
10537 138
10538 30
10539 38
10540 2790
10541 55
10542 206
10543 25
10544 147
10545 7
10546 138
10547 113
10548 1157
10549 94
10550 167
10551 186
10552 90
10553 43
10554 2783
10555 186
10556 5
10557 30
10558 130
10559 147
10560 185
10561 90
10562 30
10563 36
10564 25
10565 51
10566 7
10567 147
10568 7
10569 2764
10570 302
10571 90
10572 65
10573 36
10574 167
10575 30
10576 181
10577 30
10578 20
10579 65
10580 30
10581 63
10582 186
10583 302
10584 65
10585 209
10586 26
10587 302
10588 110
10589 51
10590 1
10591 63
10592 12
10593 5
10594 94
10595 7
10596 5
10597 147
10598 35
10599 7
10600 57
10601 65
10602 879
10603 7
10604 94
10605 46
10606 148
10607 46
10608 302
10609 186
10610 63
10611 90
10612 46
10613 46
10614 30
10615 130
10616 186
10617 186
10618 186
10619 7
10620 2726
10621 186
10622 213
10623 209
10624 65
10625 5
10626 2761
10627 31
10628 2818
10629 140
10630 25
10631 55
10632 1341
10633 186
10634 55
10635 30
10636 113
10637 5
10638 37
10639 302
10640 302
10641 148
10642 302
10643 153
10644 30
10645 51
10646 86
10647 30
10648 213
10649 185
10650 206
10651 30
10652 112
10653 65
10654 30
10655 90
10656 186
10657 1988
10658 186
10659 209
10660 113
10661 54
10662 5
10663 181
10664 65
10665 36
10666 65
10667 1
10668 2727
10669 63
10670 147
10671 94
10672 186
10673 5
10674 57
10675 26
10676 63
10677 102
10678 213
10679 1161
10680 251
10681 2728
10682 185
10683 94
10684 135
10685 2813
10686 147
10687 130
10688 19
10689 19
10690 302
10691 302
10692 186
10693 148
10694 51
10695 31
10696 51
10697 2729
10698 1191
10699 186
10700 302
10701 2226
10702 5
10703 135
10704 302
10705 19
10706 186
10707 206
10708 65
10709 857
10710 102
10711 186
10712 147
10713 302
10714 186
10715 255
10716 302
10717 2783
10718 113
10719 30
10720 30
10721 110
10722 147
10723 167
10724 302
10725 94
10726 37
10727 46
10728 57
10729 148
10730 167
10731 51
10732 51
10733 2760
10734 186
10735 20
10736 206
10737 57
10738 65
10739 185
10740 15
10741 147
10742 63
10743 5
10744 2730
10745 147
10746 213
10747 46
10748 20
10749 147
10750 51
10751 94
10752 209
10753 30
10754 2731
10755 113
10756 35
10757 186
10758 886
10759 94
10760 63
10761 30
10762 12
10763 2732
10764 37
10765 186
10766 147
10767 186
10768 130
10769 30
10770 57
10771 94
10772 94
10773 147
10774 7
10775 186
10776 77
10777 94
10778 186
10779 94
10780 251
10781 186
10782 113
10783 209
10784 186
10785 130
10786 7
10787 147
10788 102
10789 206
10790 35
10791 186
10792 110
10793 94
10794 147
10795 7
10796 186
10797 2837
10798 2
10799 63
10800 25
10801 147
10802 113
10803 130
10804 251
10805 213
10806 35
10807 302
10808 186
10809 51
10810 7
10811 251
10812 63
10813 94
10814 147
10815 255
10816 302
10817 63
10818 147
10819 857
10820 94
10821 46
10822 148
10823 2160
10824 65
10825 94
10826 1616
10827 186
10828 26
10829 1178
10830 5
10831 2031
10832 186
10833 63
10834 5
10835 186
10836 130
10837 90
10838 302
10839 37
10840 37
10841 147
10842 110
10843 147
10844 57
10845 2734
10846 51
10847 63
10848 63
10849 42
10850 167
10851 65
10852 213
10853 302
10854 21
10855 2226
10856 46
10857 102
10858 51
10859 186
10860 25
10861 879
10862 2826
10863 186
10864 167
10865 2735
10866 113
10867 17
10868 26
10869 186
10870 213
10871 102
10872 2736
10873 2787
10874 302
10875 46
10876 209
10877 113
10878 102
10879 255
10880 46
10881 130
10882 113
10883 2737
10884 46
10885 57
10886 147
10887 113
10888 38
10889 63
10890 65
10891 113
10892 35
10893 183
10894 206
10895 113
10896 25
10897 57
10898 63
10899 255
10900 206
10901 31
10902 113
10903 147
10904 185
10905 5
10906 51
10907 302
10908 43
10909 5
10910 102
10911 57
10912 94
10913 147
10914 186
10915 167
10916 302
10917 185
10918 2
10919 20
10920 94
10921 213
10922 185
10923 94
10924 302
10925 2738
10926 147
10927 185
10928 94
10929 36
10930 35
10931 30
10932 1
10933 63
10934 65
10935 147
10936 302
10937 19
10938 186
10939 130
10940 147
10941 1191
10942 185
10943 183
10944 206
10945 147
10946 51
10947 65
10948 2790
10949 185
10950 186
10951 185
10952 879
10953 5
10954 46
10955 1375
10956 2787
10957 63
10958 147
10959 2811
10960 2739
10961 57
10962 148
10963 206
10964 94
10965 20
10966 206
10967 65
10968 131
10969 30
10970 186
10971 167
10972 63
10973 37
10974 148
10975 94
10976 167
10977 2770
10978 167
10979 90
10980 31
10981 113
10982 12
10983 7
10984 7
10985 209
10986 17
10987 51
10988 186
10989 185
10990 65
10991 7
10992 37
10993 879
10994 131
10995 251
10996 186
10997 1191
10998 302
10999 2740
11000 63
11001 147
11002 110
11003 147
11004 113
11005 20
11006 57
11007 7
11008 17
11009 113
11010 37
11011 54
11012 147
11013 185
11014 302
11015 206
11016 30
11017 251
11018 19
11019 7
11020 135
11021 186
11022 65
11023 302
11024 30
11025 46
11026 209
11027 302
11028 113
11029 2760
11030 186
11031 2761
11032 14
11033 1775
11034 186
11035 25
11036 30
11037 167
11038 63
11039 251
11040 94
11041 30
11042 31
11043 113
11044 110
11045 2761
11046 2813
11047 130
11048 37
11049 63
11050 30
11051 51
11052 2741
11053 209
11054 130
11055 147
11056 186
11057 213
11058 30
11059 113
11060 90
11061 17
11062 147
11063 30
11064 57
11065 17
11066 113
11067 167
11068 147
11069 63
11070 886
11071 51
11072 167
11073 251
11074 65
11075 7
11076 113
11077 147
11078 63
11079 12
11080 46
11081 1988
11082 186
11083 209
11084 110
11085 94
11086 10
11087 94
11088 147
11089 46
11090 186
11091 185
11092 55
11093 51
11094 186
11095 302
11096 46
11097 4
11098 37
11099 31
11100 302
11101 302
11102 2742
11103 65
11104 2743
11105 302
11106 130
11107 37
11108 7
11109 46
11110 115
11111 167
11112 245
11113 20
11114 213
11115 113
11116 2744
11117 65
11118 113
11119 186
11120 186
11121 90
11122 94
11123 2745
11124 63
11125 2813
11126 54
11127 147
11128 63
11129 147
11130 102
11131 46
11132 2746
11133 186
11134 12
11135 63
11136 94
11137 7
11138 20
11139 55
11140 30
11141 186
11142 206
11143 5
11144 7
11145 148
11146 7
11147 302
11148 302
11149 30
11150 21
11151 115
11152 130
11153 94
11154 30
11155 1341
11156 5
11157 185
11158 186
11159 185
11160 65
11161 186
11162 140
11163 113
11164 65
11165 7
11166 251
11167 37
11168 186
11169 147
11170 147
11171 186
11172 2457
11173 186
11174 30
11175 1157
11176 251
11177 1981
11178 302
11179 7
11180 2764
11181 209
11182 43
11183 94
11184 2496
11185 167
11186 94
11187 302
11188 65
11189 65
11190 167
11191 186
11192 94
11193 63
11194 886
11195 7
11196 2749
11197 130
11198 2750
11199 185
11200 46
11201 206
11202 191
11203 46
11204 7
11205 147
11206 255
11207 2771
11208 2775
11209 213
11210 63
11211 1
11212 186
11213 213
11214 2837
11215 65
11216 112
11217 153
11218 17
11219 213
11220 110
11221 130
11222 185
11223 110
11224 17
11225 46
11226 20
11227 209
11228 255
11229 110
11230 186
11231 57
11232 2751
11233 185
11234 302
11235 147
11236 30
11237 147
11238 90
11239 46
11240 209
11241 30
11242 65
11243 302
11244 302
11245 879
11246 2
11247 19
11248 57
11249 54
11250 147
11251 167
11252 113
11253 886
11254 51
11255 65
11256 130
11257 206
11258 63
