17073 69
17074 893
17075 69
17076 69
17077 69
17078 69
17079 69
17080 886
17081 69
17082 69
17083 69
17084 31
17085 40
17086 69
17087 69
17088 69
17089 69
17090 922
17091 69
17092 69
17093 40
17094 69
17095 882
17096 69
17097 40
17098 69
17099 69
17100 69
17101 69
17102 69
17103 40
17104 69
17105 40
17106 69
17107 40
17108 69
17109 69
17110 69
17111 40
17112 146
17113 104
17114 882
17115 69
17116 69
17117 69
17118 69
17119 40
17120 69
17121 69
17122 886
17123 40
17124 55
17125 69
17126 40
17127 69
17128 69
17129 69
17130 40
17131 40
17132 891
17133 55
17134 146
17135 69
17136 69
17137 40
17138 69
17139 40
17140 55
17141 889
17142 40
17143 40
17144 69
17145 890
17146 69
17147 1079
17148 69
17149 69
17150 69
17151 69
17152 69
17153 69
17154 40
17155 902
17156 69
17157 69
17158 1426
17159 69
17160 69
17161 40
17162 69
17163 40
17164 40
17165 69
17166 69
17167 1079
17168 40
17169 886
17170 69
17171 40
17172 69
17173 48
17174 69
17175 896
17176 40
17177 139
17178 69
17179 69
17180 40
17181 922
17182 886
17183 40
17184 69
17185 62
17186 69
17187 69
17188 69
17189 40
17190 40
17191 40
17192 40
17193 69
17194 40
17195 532
17196 40
17197 69
17198 69
17199 69
17200 40
17201 40
17202 69
17203 69
17204 36
17205 40
17206 40
17207 40
17208 69
17209 69
17210 69
17211 40
17212 40
17213 69
17214 69
17215 69
17216 69
17217 40
17218 40
17219 69
17220 922
17221 922
17222 69
17223 69
17224 69
17225 40
17226 40
17227 69
17228 40
17229 40
17230 922
17231 69
17232 69
17233 40
17234 48
17235 40
17236 1571
17237 922
17238 922
17239 884
17240 77
17241 40
17242 1573
17243 55
17244 40
17245 922
17246 69
17247 69
17248 69
17249 907
17250 40
17251 40
17252 40
17253 40
17254 40
17255 886
17256 902
17257 40
17258 69
17259 69
17260 69
17261 40
17262 69
17263 886
17264 69
17265 40
17266 69
17267 69
17268 69
17269 69
17270 1126
17271 40
17272 1428
17273 40
17274 40
17275 890
17276 204
17277 40
17278 69
17279 48
17280 1428
17281 69
17282 1203
17283 69
17284 40
17285 69
17286 69
17287 889
17288 40
17289 69
17290 77
17291 69
17292 69
17293 69
17294 69
17295 890
17296 69
17297 40
17298 40
17299 69
17300 40
17301 104
17302 40
17303 40
17304 40
17305 40
17306 40
17307 40
17308 40
17309 48
17310 69
17311 104
17312 40
17313 69
17314 40
17315 69
17316 40
17317 40
17318 922
17319 69
17320 1503
17321 882
17322 69
17323 40
17324 62
17325 104
17326 40
17327 69
17328 40
17329 48
17330 69
17331 146
17332 605
17333 40
17334 69
17335 886
17336 69
17337 103
17338 40
17339 922
17340 40
17341 1075
17342 1575
17343 40
17344 922
17345 786
17346 40
17347 40
17348 1505
17349 134
17350 40
17351 69
17352 884
17353 40
17354 89
17355 891
17356 40
17357 40
17358 889
17359 40
17360 922
17361 31
17362 146
17363 48
17364 69
17365 40
17366 1107
17367 69
17368 1126
17369 110
17370 69
17371 40
17372 40
17373 172
17374 55
17375 889
17376 922
17377 680
17378 922
17379 40
17380 48
17381 890
17382 1107
17383 889
17384 1291
17385 69
17386 40
17387 886
17388 76
17389 241
17390 69
17391 55
17392 40
17393 1426
17394 106
17395 48
17396 904
17397 106
17398 40
17399 886
17400 1503
17401 786
17402 69
17403 76
17404 893
17405 69
17406 69
17407 786
17408 69
17409 69
17410 69
17411 40
17412 1307
17413 40
17414 69
17415 55
17416 69
17417 55
17418 891
17419 1079
17420 1075
17421 40
17422 40
17423 1359
17424 69
17425 40
17426 76
17427 1577
17428 886
17429 886
17430 886
17431 680
17432 69
17433 31
17434 680
17435 680
17436 1214
17437 680
17438 680
17439 886
17440 680
17441 680
17442 40
17443 680
17444 893
17445 680
17446 680
17447 680
17448 680
17449 680
17450 680
17451 680
17452 680
17453 76
17454 680
17455 680
17456 680
17457 680
17458 680
17459 680
17460 680
17461 680
17462 680
17463 69
17464 680
17465 680
17466 893
17467 680
17468 680
17469 680
17470 69
17471 893
17472 680
17473 680
17474 680
17475 680
17476 893
17477 680
17478 680
17479 680
17480 680
17481 680
17482 893
17483 680
17484 893
17485 680
17486 40
17487 680
17488 680
17489 55
17490 680
17491 893
17492 680
17493 1359
17494 889
17495 680
17496 680
17497 680
17498 893
17499 680
17500 893
17501 680
17502 893
17503 680
17504 893
17505 893
17506 893
17507 893
17508 680
17509 680
17510 680
17511 3
17512 680
17513 680
17514 893
17515 680
17516 680
17517 680
17518 680
17519 680
17520 680
17521 893
17522 922
17523 886
17524 886
17525 680
17526 680
17527 893
17528 884
17529 893
17530 893
17531 69
17532 1075
17533 680
17534 886
17535 680
17536 922
17537 904
17538 69
17539 680
17540 680
17541 680
17542 680
17543 680
17544 893
17545 680
17546 680
17547 680
17548 69
17549 680
17550 680
17551 680
17552 680
17553 680
17554 680
17555 680
17556 680
17557 680
17558 680
17559 680
17560 680
17561 680
17562 680
17563 680
17564 680
17565 680
17566 889
17567 680
17568 680
17569 680
17570 893
17571 680
17572 680
17573 680
17574 680
17575 680
17576 680
17577 680
17578 680
17579 680
17580 40
17581 1214
17582 680
17583 680
17584 680
17585 680
17586 680
17587 680
17588 106
17589 904
17590 680
17591 1380
17592 69
17593 680
17594 680
17595 680
17596 680
17597 69
17598 680
17599 886
17600 680
17601 680
17602 680
17603 680
17604 680
17605 680
17606 904
17607 886
17608 680
17609 680
17610 893
17611 680
17612 1126
17613 40
17614 680
17615 1380
17616 69
17617 680
17618 680
17619 680
17620 680
17621 680
17622 680
17623 680
17624 680
17625 680
17626 680
17627 10
17628 680
17629 886
17630 40
17631 886
17632 680
17633 680
17634 680
17635 680
17636 680
17637 680
17638 680
17639 1126
17640 680
17641 680
17642 680
17643 77
17644 680
17645 680
17646 893
17647 1578
17648 680
17649 680
17650 680
17651 680
17652 680
17653 680
17654 680
17655 680
17656 680
17657 680
17658 680
17659 680
17660 680
17661 10
17662 680
17663 922
17664 110
17665 104
17666 680
17667 104
17668 680
17669 69
17670 680
17671 680
17672 680
17673 680
17674 893
17675 680
17676 680
17677 106
17678 1107
17679 680
17680 69
17681 680
17682 69
17683 680
17684 680
17685 680
17686 680
17687 69
17688 40
17689 680
17690 680
17691 69
17692 680
17693 680
17694 89
17695 680
17696 680
17697 680
17698 680
17699 893
17700 884
17701 893
17702 106
17703 680
17704 680
17705 48
17706 680
17707 680
17708 69
17709 40
17710 40
17711 890
17712 48
17713 104
17714 893
17715 40
17716 40
17717 680
17718 893
17719 1107
17720 893
17721 680
17722 680
17723 680
17724 680
17725 69
17726 1107
17727 1579
17728 893
17729 69
17730 69
17731 889
17732 76
17733 76
17734 76
17735 69
17736 1494
17737 258
17738 69
17739 40
17740 893
17741 893
17742 680
17743 680
17744 76
17745 891
17746 69
17747 886
17748 680
17749 214
17750 884
17751 680
17752 680
17753 922
17754 680
17755 922
17756 680
17757 680
17758 680
17759 680
17760 680
17761 1107
17762 680
17763 680
17764 69
17765 904
17766 69
17767 680
17768 893
17769 76
17770 680
17771 680
17772 1107
17773 893
17774 680
17775 680
17776 680
17777 680
17778 1359
17779 889
17780 922
17781 76
17782 76
17783 76
17784 680
17785 69
17786 680
17787 76
17788 69
17789 11
17790 1297
17791 680
17792 1297
17793 11
17794 922
17795 680
17796 69
17797 680
17798 680
17799 893
17800 69
17801 896
17802 76
17803 11
17804 680
17805 14
17806 680
17807 680
17808 680
17809 680
17810 680
17811 55
17812 922
17813 680
17814 680
17815 680
17816 680
17817 680
17818 10
17819 36
17820 40
17821 40
17822 680
17823 1470
17824 680
17825 680
17826 680
17827 893
17828 55
17829 680
17830 680
17831 680
17832 680
17833 680
17834 889
17835 104
17836 680
17837 680
17838 680
17839 886
17840 680
17841 14
17842 680
17843 680
17844 893
17845 40
17846 69
17847 680
17848 886
17849 69
17850 680
17851 680
17852 680
17853 680
17854 680
17855 1086
17856 680
17857 680
17858 1572
17859 889
17860 40
17861 69
17862 886
17863 893
17864 680
17865 110
17866 241
17867 786
17868 14
17869 680
17870 69
17871 1126
17872 40
17873 680
17874 680
17875 680
17876 680
17877 680
17878 1359
17879 14
17880 69
17881 680
17882 48
17883 680
17884 680
17885 680
17886 886
17887 680
17888 680
17889 893
17890 69
17891 680
17892 922
17893 922
17894 69
17895 893
17896 922
17897 680
17898 680
17899 893
17900 680
17901 1505
17902 680
17903 680
17904 893
17905 680
17906 110
17907 680
17908 40
17909 40
17910 680
17911 69
17912 69
17913 76
17914 69
17915 680
17916 893
17917 62
17918 69
17919 680
17920 69
17921 69
17922 69
17923 680
17924 680
17925 680
17926 893
17927 893
17928 69
17929 69
17930 69
17931 69
17932 680
17933 680
17934 680
17935 680
17936 41
17937 680
17938 889
17939 680
17940 680
17941 680
17942 889
17943 680
17944 134
17945 893
17946 155
17947 680
17948 69
17949 680
17950 890
17951 680
17952 39
17953 82
17954 1075
17955 680
17956 680
17957 680
17958 680
17959 922
17960 1075
17961 890
17962 680
17963 680
17964 134
17965 605
17966 680
17967 680
17968 680
17969 1075
17970 680
17971 40
17972 893
17973 680
17974 82
17975 110
17976 893
17977 680
17978 893
17979 922
17980 82
17981 82
17982 680
17983 680
17984 69
17985 680
17986 680
17987 889
17988 1308
17989 40
17990 82
17991 680
17992 69
17993 886
17994 680
17995 11
17996 680
17997 680
17998 680
17999 680
18000 69
18001 69
18002 893
18003 69
18004 82
18005 0
18006 893
18007 680
18008 680
18009 680
18010 680
18011 886
18012 680
18013 104
18014 82
18015 922
18016 1107
18017 680
18018 680
18019 680
18020 680
18021 896
18022 680
18023 155
18024 3
18025 922
18026 891
18027 893
18028 886
18029 680
18030 106
18031 69
18032 680
18033 680
18034 680
18035 14
18036 680
18037 1086
18038 680
18039 36
18040 680
18041 680
18042 680
18043 680
18044 893
18045 680
18046 69
18047 69
18048 69
18049 680
18050 69
18051 786
18052 786
18053 786
18054 680
18055 786
18056 104
18057 886
18058 896
18059 76
18060 40
18061 680
18062 889
18063 605
18064 82
18065 1086
18066 680
18067 680
18068 69
18069 69
18070 1086
18071 106
18072 893
18073 1426
18074 69
18075 680
18076 40
18077 82
18078 1454
18079 904
18080 14
18081 76
18082 893
18083 680
18084 680
18085 680
18086 1214
18087 1308
18088 680
18089 680
18090 680
18091 680
18092 69
18093 680
18094 69
18095 40
18096 680
18097 680
18098 1126
18099 680
18100 1086
18101 77
18102 680
18103 896
18104 680
18105 110
18106 680
18107 680
18108 104
18109 1075
18110 69
18111 893
18112 922
18113 104
18114 10
18115 104
18116 882
18117 31
18118 40
18119 55
18120 916
18121 69
18122 680
18123 55
18124 680
18125 889
18126 680
18127 886
18128 889
18129 680
18130 680
18131 680
18132 680
18133 680
18134 600
18135 600
18136 889
18137 600
18138 680
18139 680
18140 786
18141 1086
18142 600
18143 104
18144 922
18145 886
18146 922
18147 886
18148 680
18149 40
18150 69
18151 891
18152 680
18153 82
18154 40
18155 142
18156 680
18157 680
18158 889
18159 104
18160 600
18161 104
18162 680
18163 680
18164 600
18165 916
18166 916
18167 893
18168 893
18169 104
18170 893
18171 1342
18172 916
18173 680
18174 69
18175 104
18176 680
18177 680
18178 893
18179 40
18180 82
18181 1086
18182 106
18183 680
18184 884
18185 893
18186 891
18187 69
18188 40
18189 893
18190 893
18191 1107
18192 1107
18193 893
18194 104
18195 904
18196 600
18197 680
18198 680
18199 893
18200 680
18201 155
18202 886
18203 110
18204 893
18205 241
18206 680
18207 680
18208 680
18209 680
18210 680
18211 680
18212 916
18213 3
18214 893
18215 893
18216 48
18217 106
18218 680
18219 1505
18220 69
18221 884
18222 889
18223 680
18224 680
18225 680
18226 904
18227 104
18228 680
18229 104
18230 1546
18231 69
18232 70
18233 904
18234 680
18235 82
18236 76
18237 893
18238 104
18239 904
18240 110
18241 680
18242 904
18243 76
18244 916
18245 1086
18246 916
18247 155
18248 890
18249 680
18250 1107
18251 155
18252 889
18253 40
18254 1307
18255 1580
18256 1307
18257 680
18258 904
18259 1581
18260 680
18261 106
18262 893
18263 104
18264 680
18265 69
18266 14
18267 40
18268 600
18269 106
18270 14
18271 600
18272 1086
18273 40
18274 104
18275 104
18276 884
18277 884
18278 600
18279 884
18280 884
18281 272
18282 62
18283 62
18284 62
18285 891
18286 904
18287 175
18288 62
18289 69
18290 1407
18291 104
18292 600
18293 14
18294 889
18295 680
18296 3
18297 175
18298 175
18299 1107
18300 889
18301 31
18302 680
18303 55
18304 889
18305 904
18306 106
18307 62
18308 106
18309 62
18310 175
18311 680
18312 680
18313 267
18314 175
18315 175
18316 258
18317 680
18318 904
18319 106
18320 680
18321 172
18322 69
18323 104
18324 884
18325 70
18326 1214
18327 890
18328 267
18329 680
18330 1075
18331 886
18332 786
18333 172
18334 904
18335 272
18336 31
18337 1307
18338 891
18339 69
18340 241
18341 175
18342 77
18343 1303
18344 893
18345 891
18346 69
18347 175
18348 69
18349 786
18350 786
18351 104
18352 1303
18353 104
18354 1086
18355 175
18356 175
18357 40
18358 175
18359 1086
18360 175
18361 175
18362 175
18363 175
18364 175
18365 175
18366 175
18367 175
18368 175
18369 172
18370 175
18371 175
18372 175
18373 175
18374 175
18375 175
18376 175
18377 175
18378 175
18379 175
18380 175
18381 175
18382 175
18383 175
18384 175
18385 1126
18386 175
18387 1126
18388 175
18389 175
18390 175
18391 786
18392 1099
18393 175
18394 104
18395 175
18396 680
18397 1307
18398 175
18399 175
18400 14
18401 69
18402 1307
18403 14
18404 175
18405 175
18406 175
18407 886
18408 77
18409 904
18410 175
18411 175
18412 175
18413 891
18414 175
18415 175
18416 175
18417 175
18418 175
18419 175
18420 891
18421 680
18422 680
18423 36
18424 175
18425 3
18426 134
18427 104
18428 680
18429 916
18430 62
18431 904
18432 175
18433 886
18434 10
18435 889
18436 62
18437 134
18438 134
18439 175
18440 896
18441 142
18442 175
18443 104
18444 889
18445 10
18446 10
18447 175
18448 175
18449 1214
18450 10
18451 175
18452 104
18453 14
18454 139
18455 110
18456 1126
18457 786
18458 680
18459 680
18460 886
18461 680
18462 680
18463 680
18464 904
18465 10
18466 62
18467 175
18468 175
18469 175
18470 891
18471 1075
18472 884
18473 891
18474 1546
18475 175
18476 1307
18477 893
18478 134
18479 1574
18480 155
18481 680
18482 82
18483 134
18484 175
18485 175
18486 1104
18487 39
18488 104
18489 1104
18490 175
18491 175
18492 175
18493 104
18494 886
18495 893
18496 1307
18497 1307
18498 104
18499 48
18500 175
18501 175
18502 175
18503 56
18504 886
18505 1407
18506 272
18507 62
18508 175
18509 110
18510 907
18511 175
18512 175
18513 175
18514 175
18515 175
18516 175
18517 1307
18518 110
18519 175
18520 1307
18521 175
18522 175
18523 1570
18524 1307
18525 62
18526 48
18527 175
18528 172
18529 904
18530 175
18531 40
18532 110
18533 893
18534 204
18535 14
18536 175
18537 889
18538 680
18539 175
18540 175
18541 904
18542 893
18543 48
18544 916
18545 904
18546 1126
18547 175
18548 680
18549 1079
18550 36
18551 175
18552 155
18553 40
18554 272
18555 56
18556 258
18557 14
18558 680
18559 680
18560 1203
18561 680
18562 104
18563 89
18564 267
18565 175
18566 904
18567 904
18568 904
18569 175
18570 904
18571 904
18572 104
18573 886
18574 786
18575 104
18576 106
18577 175
18578 1075
18579 786
18580 600
18581 904
18582 110
18583 916
18584 175
18585 36
18586 14
18587 14
18588 48
18589 110
18590 172
18591 104
18592 1107
18593 884
18594 104
18595 1214
18596 884
18597 175
18598 1407
18599 1075
18600 175
18601 55
18602 272
18603 680
18604 48
18605 175
18606 104
18607 1435
18608 886
18609 884
18610 94
18611 14
18612 14
18613 680
18614 889
18615 110
18616 1086
18617 893
18618 175
18619 1126
18620 175
18621 175
18622 104
18623 891
18624 1079
18625 1380
18626 272
18627 272
18628 258
18629 916
18630 110
18631 916
18632 272
18633 272
18634 272
18635 69
18636 110
18637 272
18638 1075
18639 204
18640 175
18641 272
18642 175
18643 893
18644 1583
18645 36
18646 155
18647 175
18648 680
18649 14
18650 272
18651 893
18652 886
18653 891
18654 893
18655 175
18656 904
18657 886
18658 922
18659 1546
18660 1126
18661 904
18662 786
18663 1099
18664 104
18665 69
18666 104
18667 110
18668 904
18669 104
18670 110
18671 1079
18672 104
18673 104
18674 31
18675 1307
18676 889
18677 172
18678 272
18679 272
18680 886
18681 104
18682 1308
18683 1308
18684 77
18685 893
18686 1494
18687 890
18688 104
18689 40
18690 1494
18691 1576
18692 1528
18693 893
18694 1107
18695 1303
18696 155
18697 904
18698 258
18699 1086
18700 893
18701 600
18702 1528
18703 889
18704 175
18705 40
18706 104
18707 904
18708 10
18709 889
18710 175
18711 175
18712 1107
18713 104
18714 55
18715 680
18716 175
18717 680
18718 1307
18719 175
18720 104
18721 272
18722 104
18723 175
18724 916
18725 104
18726 886
18727 1307
18728 40
18729 139
18730 175
18731 1107
18732 1107
18733 680
18734 1584
18735 175
18736 786
18737 175
18738 1107
18739 272
18740 904
18741 891
18742 1203
18743 600
18744 1099
18745 175
18746 600
18747 893
18748 1099
18749 110
18750 1307
18751 884
18752 110
18753 55
18754 89
18755 106
18756 104
18757 101
18758 893
18759 884
18760 110
18761 101
18762 175
18763 886
18764 680
18765 1307
18766 272
18767 175
18768 175
18769 600
18770 104
18771 14
18772 40
18773 1303
18774 1075
18775 104
18776 175
18777 886
18778 104
18779 889
18780 600
18781 893
18782 886
18783 1086
18784 904
18785 89
18786 3
18787 600
18788 1307
18789 600
18790 104
18791 155
18792 5
18793 89
18794 14
18795 175
18796 1582
18797 14
18798 1307
18799 600
18800 106
18801 3
18802 600
18803 31
18804 40
18805 1307
18806 884
18807 1307
18808 1307
18809 1454
18810 1307
18811 89
18812 907
18813 104
18814 155
18815 600
18816 605
18817 1586
18818 889
18819 272
18820 600
18821 155
18822 884
18823 104
18824 600
18825 138
18826 680
18827 258
18828 893
18829 884
18830 884
18831 884
18832 1307
18833 104
18834 532
18835 884
18836 884
18837 1585
18838 884
18839 138
18840 532
18841 532
18842 532
18843 48
18844 884
18845 1099
18846 110
18847 680
18848 110
18849 884
18850 76
18851 104
18852 884
18853 1079
18854 886
18855 886
18856 786
18857 1307
18858 890
18859 916
18860 14
18861 104
18862 104
18863 916
18864 1435
18865 110
18866 1470
18867 104
18868 1587
18869 1107
18870 886
18871 1505
18872 904
18873 600
18874 600
18875 1308
18876 600
18877 600
18878 1308
18879 600
18880 175
18881 1308
18882 175
18883 893
18884 55
18885 891
18886 89
18887 904
18888 1307
18889 1307
18890 1086
18891 600
18892 104
18893 904
18894 886
18895 77
18896 175
18897 904
18898 891
18899 272
18900 104
18901 1588
18902 1307
18903 889
18904 1086
18905 1307
18906 889
18907 1307
18908 272
18909 31
18910 893
18911 110
18912 175
18913 886
18914 1086
18915 605
18916 886
18917 0
18918 904
18919 889
18920 1303
18921 884
18922 1104
18923 1307
18924 904
18925 893
18926 76
18927 1126
18928 1104
18929 532
18930 886
18931 104
18932 891
18933 104
18934 904
18935 14
18936 40
18937 889
18938 1307
18939 1079
18940 1307
18941 1307
18942 76
18943 1307
18944 1307
18945 1307
18946 104
18947 884
18948 1307
18949 1099
18950 104
18951 104
18952 1307
18953 175
18954 55
18955 104
18956 1079
18957 904
18958 110
18959 884
18960 1075
18961 1307
18962 175
18963 175
18964 1503
18965 904
18966 889
18967 886
18968 76
18969 104
