22764 1500
22765 173
22766 173
22767 1139
22768 173
22769 82
22770 1489
22771 1861
22772 82
22773 56
22774 82
22775 82
22776 82
22777 1113
22778 173
22779 1113
22780 82
22781 82
22782 56
22783 82
22784 82
22785 82
22786 82
22787 173
22788 1253
22789 1113
22790 82
22791 1257
22792 1278
22793 173
22794 82
22795 104
22796 173
22797 82
22798 262
22799 1686
22800 1113
22801 175
22802 262
22803 82
22804 173
22805 82
22806 1113
22807 1257
22808 1257
22809 82
22810 1257
22811 1517
22812 1257
22813 173
22814 173
22815 173
22816 82
22817 1257
22818 1257
22819 173
22820 1113
22821 1278
22822 1257
22823 1257
22824 1257
22825 173
22826 2217
22827 2217
22828 1253
22829 1257
22830 1257
22831 1257
22832 173
22833 1257
22834 1113
22835 89
22836 82
22837 142
22838 14
22839 2213
22840 55
22841 1359
22842 1257
22843 1257
22844 1359
22845 1698
22846 82
22847 1133
22848 12
22849 82
22850 55
22851 1380
22852 1113
22853 258
22854 241
22855 2157
22856 173
22857 1113
22858 1113
22859 173
22860 110
22861 1459
22862 173
22863 173
22864 82
22865 1113
22866 173
22867 173
22868 1489
22869 1489
22870 11
22871 1489
22872 155
22873 173
22874 173
22875 11
22876 11
22877 173
22878 11
22879 11
22880 1113
22881 11
22882 11
22883 1493
22884 267
22885 69
22886 82
22887 11
22888 100
22889 1257
22890 1500
22891 11
22892 11
22893 82
22894 1113
22895 11
22896 11
22897 11
22898 82
22899 1117
22900 55
22901 173
22902 11
22903 11
22904 173
22905 11
22906 11
22907 11
22908 11
22909 82
22910 173
22911 11
22912 1861
22913 1253
22914 11
22915 82
22916 11
22917 11
22918 11
22919 11
22920 82
22921 11
22922 59
22923 173
22924 1489
22925 110
22926 82
22927 11
22928 11
22929 1133
22930 82
22931 11
22932 11
22933 82
22934 173
22935 173
22936 11
22937 11
22938 11
22939 11
22940 82
22941 11
22942 173
22943 1113
22944 11
22945 11
22946 1133
22947 82
22948 1133
22949 11
22950 11
22951 1113
22952 1113
22953 1113
22954 241
22955 11
22956 11
22957 11
22958 89
22959 11
22960 173
22961 100
22962 11
22963 11
22964 2235
22965 1113
22966 1871
22967 11
22968 104
22969 1257
22970 1113
22971 82
22972 11
22973 82
22974 1113
22975 1686
22976 182
22977 1113
22978 1257
22979 11
22980 11
22981 55
22982 11
22983 11
22984 82
22985 1257
22986 1257
22987 1257
22988 1257
22989 1257
22990 173
22991 1257
22992 55
22993 82
22994 173
22995 55
22996 100
22997 1133
22998 104
22999 2213
23000 1253
23001 173
23002 1113
23003 1394
23004 89
23005 89
23006 173
23007 1336
23008 2235
23009 55
23010 1515
23011 55
23012 1257
23013 82
23014 173
23015 55
23016 1133
23017 1257
23018 1500
23019 104
23020 262
23021 262
23022 1113
23023 2241
23024 1266
23025 172
23026 262
23027 1257
23028 1861
23029 173
23030 173
23031 1133
23032 1266
23033 1257
23034 173
23035 1500
23036 1113
23037 1257
23038 1113
23039 1558
23040 173
23041 1113
23042 173
23043 1500
23044 1500
23045 1500
23046 55
23047 1253
23048 1500
23049 82
23050 1257
23051 82
23052 1278
23053 82
23054 163
23055 139
23056 1861
23057 55
23058 82
23059 1257
23060 1500
23061 1113
23062 2158
23063 6
23064 89
23065 89
23066 55
23067 2213
23068 1133
23069 241
23070 89
23071 1257
23072 1257
23073 1257
23074 89
23075 181
23076 55
23077 1253
23078 1117
23079 1133
23080 1253
23081 56
23082 1257
23083 89
23084 971
23085 1133
23086 1133
23087 33
23088 1133
23089 55
23090 1257
23091 1257
23092 1257
23093 1257
23094 1257
23095 1257
23096 1257
23097 1257
23098 1257
23099 1257
23100 1257
23101 55
23102 1257
23103 1500
23104 1257
23105 1113
23106 1257
23107 82
23108 1257
23109 1257
23110 1257
23111 110
23112 1257
23113 1257
23114 1257
23115 1257
23116 1257
23117 1257
23118 1257
23119 33
23120 1257
23121 1257
23122 104
23123 1257
23124 1257
23125 1257
23126 1257
23127 1257
23128 1257
23129 110
23130 1257
23131 1257
23132 1257
23133 1257
23134 1257
23135 1113
23136 1257
23137 1257
23138 89
23139 1257
23140 1257
23141 1257
23142 1257
23143 1257
23144 1500
23145 1257
23146 1257
23147 1257
23148 1257
23149 1257
23150 1257
23151 1257
23152 1257
23153 110
23154 82
23155 1257
23156 2160
23157 1257
23158 1257
23159 1257
23160 1257
23161 1257
23162 1257
23163 1257
23164 110
23165 1257
23166 1257
23167 1257
23168 1257
23169 1861
23170 1257
23171 1257
23172 1257
23173 1257
23174 1686
23175 1113
23176 1117
23177 1257
23178 1257
23179 172
23180 1113
23181 1257
23182 1257
23183 1500
23184 1257
23185 1257
23186 1489
23187 1257
23188 1257
23189 1257
23190 1257
23191 1257
23192 1257
23193 1257
23194 29
23195 1485
23196 1257
23197 1113
23198 1257
23199 1253
23200 1257
23201 163
23202 10
23203 1493
23204 55
23205 10
23206 10
23207 10
23208 1266
23209 110
23210 10
23211 1861
23212 1257
23213 104
23214 1257
23215 1698
23216 1489
23217 1257
23218 110
23219 1257
23220 1130
23221 1273
23222 55
23223 971
23224 1257
23225 55
23226 55
23227 1260
23228 1359
23229 1257
23230 1257
23231 1139
23232 1257
23233 1257
23234 1500
23235 55
23236 1257
23237 1257
23238 10
23239 1500
23240 1257
23241 1113
23242 1359
23243 1257
23244 1257
23245 1500
23246 1288
23247 1257
23248 1257
23249 1257
23250 1113
23251 55
23252 1500
23253 1257
23254 163
23255 2161
23256 1861
23257 1257
23258 210
23259 1861
23260 1861
23261 1861
23262 1260
23263 1133
23264 1133
23265 1113
23266 1257
23267 1257
23268 1861
23269 222
23270 89
23271 1113
23272 1861
23273 1257
23274 1253
23275 1253
23276 1257
23277 1500
23278 1500
23279 110
23280 1861
23281 89
23282 55
23283 747
23284 747
23285 52
23286 747
23287 110
23288 1133
23289 747
23290 1257
23291 55
23292 28
23293 1257
23294 1500
23295 1257
23296 182
23297 110
23298 89
23299 1500
23300 1686
23301 1257
23302 747
23303 1558
23304 89
23305 1861
23306 1113
23307 1113
23308 1257
23309 747
23310 1257
23311 110
23312 1257
23313 1861
23314 1253
23315 10
23316 1493
23317 175
23318 1359
23319 1257
23320 241
23321 1686
23322 1257
23323 1861
23324 55
23325 182
23326 1113
23327 1257
23328 182
23329 55
23330 1253
23331 55
23332 1113
23333 1257
23334 1257
23335 172
23336 172
23337 172
23338 1861
23339 1113
23340 10
23341 1113
23342 55
23343 55
23344 175
23345 1278
23346 142
23347 10
23348 1257
23349 2261
23350 155
23351 155
23352 1113
23353 1272
23354 1117
23355 1266
23356 10
23357 10
23358 110
23359 110
23360 89
23361 1257
23362 1113
23363 155
23364 10
23365 1257
23366 1113
23367 1380
23368 741
23369 55
23370 55
23371 1500
23372 1143
23373 747
23374 1500
23375 1500
23376 1257
23377 1257
23378 1394
23379 55
23380 1257
23381 1500
23382 747
23383 55
23384 110
23385 89
23386 1257
23387 55
23388 747
23389 55
23390 1113
23391 110
23392 747
23393 89
23394 2217
23395 110
23396 1257
23397 82
23398 1257
23399 1257
23400 1257
23401 747
23402 55
23403 1394
23404 89
23405 1861
23406 55
23407 2261
23408 182
23409 1253
23410 104
23411 1253
23412 14
23413 1113
23414 182
23415 1113
23416 1275
23417 1113
23418 1113
23419 1698
23420 1500
23421 1359
23422 1278
23423 172
23424 1257
23425 89
23426 10
23427 55
23428 89
23429 186
23430 55
23431 1113
23432 55
23433 89
23434 1686
23435 2163
23436 1113
23437 55
23438 55
23439 55
23440 104
23441 55
23442 104
23443 172
23444 1113
23445 1113
23446 1698
23447 89
23448 59
23449 55
23450 59
23451 1883
23452 59
23453 212
23454 59
23455 55
23456 1857
23457 55
23458 1489
23459 55
23460 59
23461 100
23462 55
23463 1861
23464 10
23465 10
23466 59
23467 1273
23468 89
23469 1278
23470 1857
23471 55
23472 89
23473 1113
23474 1253
23475 182
23476 1113
23477 1113
23478 55
23479 89
23480 182
23481 1394
23482 55
23483 1394
23484 1273
23485 10
23486 1113
23487 1113
23488 104
23489 55
23490 55
23491 55
23492 1113
23493 1113
23494 55
23495 89
23496 1113
23497 1558
23498 1113
23499 1394
23500 1686
23501 1133
23502 1257
23503 1113
23504 1558
23505 1394
23506 1558
23507 182
23508 1394
23509 1394
23510 1113
23511 59
23512 1394
23513 1558
23514 1558
23515 1558
23516 14
23517 14
23518 1929
23519 1558
23520 1558
23521 1558
23522 1394
23523 1394
23524 1558
23525 1558
23526 1558
23527 1558
23528 1558
23529 1558
23530 1558
23531 1558
23532 1558
23533 1515
23534 89
23535 1113
23536 1394
23537 55
23538 1113
23539 142
23540 1929
23541 1394
23542 55
23543 27
23544 1394
23545 55
23546 1113
23547 1500
23548 1113
23549 1394
23550 1394
23551 55
23552 55
23553 1130
23554 1253
23555 55
23556 212
23557 1394
23558 1113
23559 104
23560 1394
23561 1113
23562 2164
23563 1130
23564 55
23565 1394
23566 1394
23567 1394
23568 1253
23569 1130
23570 55
23571 1394
23572 1394
23573 55
23574 1883
23575 1394
23576 1113
23577 52
23578 1394
23579 1394
23580 1394
23581 1394
23582 1113
23583 1394
23584 52
23585 55
23586 1394
23587 55
23588 1394
23589 1278
23590 1253
23591 1113
23592 1113
23593 55
23594 55
23595 1489
23596 89
23597 1500
23598 1113
23599 89
23600 1133
23601 2166
23602 1272
23603 1257
23604 241
23605 55
23606 1253
23607 1113
23608 1113
23609 1257
23610 55
23611 10
23612 1113
23613 1273
23614 1489
23615 10
23616 55
23617 1133
23618 1253
23619 33
23620 1253
23621 1253
23622 1266
23623 1253
23624 1253
23625 1500
23626 2241
23627 1359
23628 1113
23629 1278
23630 1679
23631 55
23632 1500
23633 55
23634 1113
23635 1257
23636 55
23637 1253
23638 1139
23639 104
23640 1253
23641 12
23642 1929
23643 1253
23644 1253
23645 1278
23646 1359
23647 1253
23648 89
23649 89
23650 1133
23651 1278
23652 1500
23653 1253
23654 1500
23655 1500
23656 1253
23657 1253
23658 1500
23659 1253
23660 1253
23661 1493
23662 1278
23663 89
23664 1359
23665 1278
23666 1278
23667 1113
23668 1278
23669 1253
23670 1272
23671 1500
23672 1113
23673 1278
23674 1278
23675 1500
23676 10
23677 1493
23678 1113
23679 1679
23680 1278
23681 1253
23682 1278
23683 55
23684 1253
23685 55
23686 52
23687 1493
23688 55
23689 1493
23690 1253
23691 52
23692 1253
23693 89
23694 1253
23695 1493
23696 1113
23697 1113
23698 1113
23699 1113
23700 1253
23701 971
23702 1696
23703 1493
23704 1786
23705 52
23706 1253
23707 89
23708 1113
23709 1253
23710 1133
23711 1253
23712 1253
23713 172
23714 1500
23715 1113
23716 1500
23717 1500
23718 55
23719 89
23720 1272
23721 55
23722 55
23723 55
23724 1493
23725 1113
23726 52
23727 55
23728 55
23729 55
23730 2241
23731 55
23732 1113
23733 1493
23734 10
23735 52
23736 10
23737 212
23738 212
23739 212
23740 212
23741 212
23742 212
23743 212
23744 212
23745 212
23746 55
23747 1133
23748 1113
23749 1113
23750 10
23751 55
23752 89
23753 212
23754 212
23755 212
23756 212
23757 971
23758 1635
23759 55
23760 212
23761 1113
23762 212
23763 212
23764 212
23765 1133
23766 1113
23767 1463
23768 1272
23769 212
23770 1113
23771 212
23772 1113
23773 1761
23774 1861
23775 241
23776 103
23777 170
23778 170
23779 170
23780 170
23781 170
23782 170
23783 170
23784 1359
23785 1359
23786 1359
23787 1359
23788 1359
23789 214
23790 1359
23791 1359
23792 1359
23793 1359
23794 1359
23795 1359
23796 214
23797 170
23798 214
23799 1110
23800 1359
23801 1359
23802 12
23803 1359
23804 12
23805 11
23806 170
23807 1359
23808 1138
23809 741
23810 11
23811 1933
23812 1933
23813 1933
23814 2218
23815 214
23816 214
23817 214
23818 1933
23819 214
23820 214
23821 1933
23822 1279
23823 792
23824 1288
23825 131
23826 91
23827 82
23828 741
23829 258
23830 70
23831 1937
23832 1138
23833 11
23834 2209
23835 741
23836 12
23837 295
23838 1359
23839 1117
23840 11
23841 295
23842 1938
23843 1359
23844 1938
23845 2285
23846 1359
23847 295
23848 258
23849 1138
23850 295
23851 11
23852 1113
23853 1138
23854 11
23855 2168
23856 11
23857 1938
23858 11
23859 11
23860 214
23861 11
23862 11
23863 1109
23864 142
23865 971
23866 1387
23867 1857
23868 272
23869 295
23870 258
23871 1359
23872 295
23873 4
23874 1138
23875 1138
23876 258
23877 1786
23878 36
23879 2169
23880 48
23881 295
23882 89
23883 2170
23884 741
23885 36
23886 741
23887 258
23888 258
23889 258
23890 12
23891 12
23892 1929
23893 258
23894 258
23895 258
23896 1138
23897 2171
23898 258
23899 163
23900 1266
23901 204
23902 258
23903 11
23904 1138
23905 258
23906 741
23907 214
23908 2172
23909 1266
23910 258
23911 1266
23912 1953
23913 2173
23914 1138
23915 91
23916 149
23917 1786
23918 1295
23919 971
23920 741
23921 747
23922 1138
23923 33
23924 1138
23925 11
23926 2233
23927 11
23928 2218
23929 204
23930 2174
23931 48
23932 1288
23933 11
23934 767
23935 295
23936 11
23937 10
23938 2175
23939 1397
23940 11
23941 2218
23942 258
23943 1397
23944 11
23945 295
23946 774
23947 1463
23948 2176
23949 2218
23950 2285
23951 295
23952 1138
23953 1138
23954 1138
23955 1138
23956 10
23957 11
23958 741
23959 1397
23960 1266
23961 1397
23962 1138
23963 1397
23964 214
23965 1266
23966 1397
23967 1138
23968 11
23969 214
23970 86
23971 11
23972 1138
23973 1138
23974 11
23975 1138
23976 11
23977 1128
23978 262
23979 1138
23980 11
23981 747
23982 295
23983 204
23984 1138
23985 1953
23986 295
23987 1138
23988 2177
23989 2233
23990 1138
23991 188
23992 11
23993 1359
23994 258
23995 1113
23996 11
23997 1138
23998 1397
23999 181
24000 11
24001 1138
24002 1288
24003 1359
24004 741
24005 41
24006 41
24007 741
24008 1138
24009 1463
24010 41
24011 2179
24012 1138
24013 1938
24014 1138
24015 11
24016 1387
24017 11
24018 11
24019 11
24020 31
24021 11
24022 1028
24023 1266
24024 1138
24025 1933
24026 1138
24027 741
24028 1138
24029 11
24030 175
24031 971
24032 131
24033 1359
24034 3
24035 11
24036 258
24037 11
24038 1933
24039 1397
24040 1288
24041 139
24042 163
24043 1397
24044 1786
24045 1138
24046 741
24047 1138
24048 741
24049 1933
24050 1138
24051 11
24052 243
24053 104
24054 11
24055 65
24056 1117
24057 11
24058 1397
24059 31
24060 1138
24061 1502
24062 295
24063 91
24064 11
24065 747
24066 2180
24067 1359
24068 1138
24069 1288
24070 295
24071 1279
24072 1138
24073 1933
24074 1359
24075 11
24076 1933
24077 212
24078 11
24079 1138
24080 1397
24081 1397
24082 1507
24083 1138
24084 2181
24085 1160
24086 1138
24087 2183
24088 11
24089 1272
24090 82
24091 11
24092 11
24093 175
24094 65
24095 258
24096 1138
24097 1397
24098 1933
24099 65
24100 272
24101 295
24102 65
24103 258
24104 971
24105 11
24106 1266
24107 69
24108 11
24109 65
24110 1138
24111 18
24112 12
24113 1359
24114 2184
24115 741
24116 1397
24117 1138
24118 1138
24119 112
24120 11
24121 11
24122 11
24123 1397
24124 1138
24125 1397
24126 1138
24127 175
24128 1266
24129 1138
24130 182
24131 2186
24132 11
24133 1397
24134 11
24135 11
24136 1397
24137 1397
24138 175
24139 1397
24140 11
24141 1397
24142 11
24143 175
24144 295
24145 1397
24146 241
24147 1397
24148 1397
24149 1397
24150 1966
24151 741
24152 1397
24153 1397
24154 1397
24155 1397
24156 1397
24157 1397
24158 52
24159 1397
24160 65
24161 134
24162 1397
24163 1397
24164 204
24165 1397
24166 971
24167 1397
24168 1397
24169 1359
24170 1397
24171 1397
24172 1397
24173 1397
24174 1397
24175 1397
24176 1397
24177 1397
24178 1397
24179 2187
24180 1968
24181 1397
24182 12
24183 1397
24184 1397
24185 1397
24186 1397
24187 11
24188 1397
24189 11
24190 1359
24191 11
24192 1397
24193 11
24194 11
24195 1397
24196 1138
24197 2188
24198 1397
24199 1397
24200 1397
24201 971
24202 65
24203 1397
24204 1397
24205 26
24206 1397
24207 1397
24208 1397
24209 258
24210 1279
24211 1138
24212 258
24213 741
24214 1397
24215 1397
24216 170
24217 1397
24218 1138
24219 1397
24220 102
24221 1397
24222 243
24223 163
24224 163
24225 1138
24226 1397
24227 163
24228 104
24229 104
24230 104
24231 104
24232 104
24233 69
24234 104
24235 104
24236 69
24237 1397
24238 1397
24239 2189
24240 104
24241 258
24242 1359
24243 2190
24244 1138
24245 258
24246 104
24247 1138
24248 1387
24249 741
24250 1397
24251 69
24252 1266
24253 1359
24254 102
24255 204
24256 1266
24257 1138
24258 1266
24259 104
24260 295
24261 1397
24262 204
24263 65
24264 971
24265 11
24266 104
24267 1397
24268 1266
24269 1397
24270 1397
24271 1266
24272 1266
24273 1266
24274 1266
24275 1397
24276 188
24277 1397
24278 11
24279 11
24280 1397
24281 1266
24282 1266
24283 1266
24284 1397
24285 170
24286 1397
24287 11
24288 1397
24289 1397
24290 1973
24291 1973
24292 1973
24293 11
24294 11
24295 741
24296 1397
24297 91
24298 1397
24299 27
24300 65
24301 11
24302 971
24303 104
24304 1397
24305 1266
24306 7
24307 1973
24308 1143
24309 1387
24310 1397
24311 11
24312 1138
24313 1113
24314 11
24315 1359
24316 1973
24317 1397
24318 1266
24319 1138
24320 1397
24321 1266
24322 1138
24323 258
24324 1966
24325 11
24326 741
24327 65
24328 1397
24329 65
24330 1138
24331 1953
24332 1397
24333 1138
24334 1359
24335 1138
24336 1113
24337 1138
24338 1138
24339 5
24340 1397
24341 52
24342 1397
24343 76
24344 1786
24345 1387
24346 3
24347 1973
24348 1138
24349 1359
24350 2191
24351 1397
24352 204
24353 1397
24354 11
24355 1138
24356 1288
24357 1359
24358 1397
24359 1397
24360 1397
24361 1397
24362 741
24363 11
24364 204
24365 1110
24366 1397
24367 258
24368 295
24369 1397
24370 1397
24371 1
24372 1266
24373 258
24374 1397
24375 1397
24376 1
24377 204
24378 41
24379 102
24380 1397
24381 1397
24382 134
24383 11
24384 258
24385 272
24386 272
24387 767
24388 102
24389 1266
24390 1068
24391 204
24392 1359
24393 1288
24394 11
24395 1359
24396 36
24397 258
24398 163
24399 1397
24400 1138
24401 741
24402 11
24403 65
24404 52
24405 1266
24406 1266
24407 163
24408 52
24409 53
24410 104
24411 1359
24412 134
24413 1266
24414 104
24415 2233
24416 1397
24417 1138
24418 1138
24419 1397
24420 2218
24421 11
24422 53
24423 1359
24424 1397
24425 1288
24426 65
24427 2233
24428 89
24429 41
24430 971
24431 1359
24432 1
24433 11
24434 11
24435 102
24436 163
24437 1397
24438 1397
24439 212
24440 1380
24441 1143
24442 1288
24443 1397
24444 2209
24445 102
24446 11
24447 741
24448 1359
24449 1266
24450 1397
24451 1359
24452 1397
24453 1288
24454 1266
24455 1397
24456 11
24457 1288
24458 1359
24459 1359
24460 65
24461 1397
24462 104
24463 69
24464 1266
24465 1266
24466 1266
24467 1266
24468 1288
24469 1266
24470 1266
24471 1266
24472 1288
24473 53
24474 11
24475 1288
24476 1397
24477 1359
24478 104
24479 1397
24480 210
24481 1288
24482 11
24483 1397
24484 69
24485 69
24486 1937
24487 163
24488 1288
24489 1978
24490 104
24491 1485
24492 258
24493 258
24494 1397
24495 1266
24496 1397
24497 1397
24498 1397
24499 1138
24500 1359
24501 1266
24502 1978
24503 1397
24504 1397
24505 1138
24506 1266
24507 1397
24508 48
24509 112
24510 1397
24511 3
24512 214
24513 56
24514 258
24515 11
24516 1979
24517 11
24518 2194
24519 163
24520 1397
24521 1288
24522 1979
24523 1288
24524 1359
24525 82
24526 258
24527 4
24528 258
24529 82
24530 1397
24531 11
24532 1138
24533 52
24534 1359
24535 1359
24536 1359
24537 1397
24538 1979
24539 295
24540 188
24541 1
24542 295
24543 1359
24544 1558
24545 1968
24546 11
24547 1502
24548 741
24549 1485
24550 31
24551 741
24552 1359
24553 84
24554 741
24555 1397
24556 1978
24557 102
24558 295
24559 1138
24560 1397
24561 11
24562 741
24563 741
24564 10
24565 1786
24566 741
24567 69
24568 69
24569 1113
24570 741
24571 1968
24572 1397
24573 1861
24574 12
24575 258
24576 258
24577 295
24578 272
24579 1359
24580 295
24581 258
24582 1138
24583 741
24584 11
24585 1937
24586 1397
24587 272
24588 2195
24589 11
24590 1359
24591 1359
24592 82
24593 1266
24594 69
24595 1387
24596 11
24597 1397
24598 1359
24599 1630
24600 11
24601 204
24602 258
24603 1387
24604 1397
24605 258
24606 741
24607 30
24608 11
24609 1786
24610 243
24611 258
24612 2196
24613 11
24614 182
24615 258
24616 1288
24617 1397
24618 1266
24619 295
24620 1359
24621 1397
24622 1397
24623 1359
24624 1138
24625 1359
24626 1397
24627 1359
24628 1397
24629 2197
24630 2198
24631 204
24632 1979
24633 1485
24634 1138
24635 1485
24636 163
24637 1359
24638 1397
24639 11
24640 258
24641 1485
24642 11
24643 1635
24644 134
24645 258
24646 258
24647 258
24648 258
24649 258
24650 11
24651 258
24652 89
24653 1359
24654 1359
24655 258
24656 36
24657 1288
24658 258
24659 57
24660 741
