24661 730
24662 1570
24663 730
24664 730
24665 730
24666 907
24667 1497
24668 730
24669 1420
24670 730
24671 730
24672 907
24673 730
24674 1497
24675 29
24676 730
24677 730
24678 891
24679 1571
24680 1581
24681 604
24682 1559
24683 1497
24684 891
24685 1497
24686 1497
24687 1497
24688 1497
24689 999
24690 613
24691 1582
24692 730
24693 730
24694 730
24695 730
24696 1573
24697 1092
24698 1574
24699 45
24700 1575
24701 103
24702 23
24703 907
24704 94
24705 891
24706 907
24707 67
24708 999
24709 1497
24710 23
24711 582
24712 23
24713 730
24714 1497
24715 730
24716 1497
24717 730
24718 1576
24719 730
24720 1497
24721 23
24722 730
24723 59
24724 730
24725 1576
24726 1092
24727 1497
24728 613
24729 1771
24730 891
24731 1497
24732 102
24733 150
24734 1578
24735 1297
24736 61
24737 730
24738 891
24739 1497
24740 730
24741 907
24742 730
24743 1092
24744 730
24745 1579
24746 1445
24747 9
24748 1580
24749 730
24750 730
24751 1733
24752 730
24753 730
24754 1420
24755 1497
24756 999
24757 23
24758 907
24759 2
24760 1570
24761 891
24762 1137
24763 1137
24764 907
24765 1497
24766 730
24767 730
24768 730
24769 907
24770 1581
24771 1582
24772 1497
24773 1497
24774 1497
24775 730
24776 914
24777 891
24778 1497
24779 23
24780 891
24781 23
24782 1092
24783 891
24784 730
24785 730
24786 907
24787 891
24788 585
24789 907
24790 41
24791 907
24792 730
24793 1497
24794 1206
24795 103
24796 730
24797 23
24798 59
24799 1497
24800 730
24801 730
24802 1559
24803 1473
24804 23
24805 1497
24806 891
24807 1477
24808 2
24809 730
24810 1092
24811 730
24812 730
24813 999
24814 2
24815 1734
24816 730
24817 1570
24818 730
24819 23
24820 582
24821 730
24822 1570
24823 911
24824 730
24825 1206
24826 730
24827 1581
24828 730
24829 4
24830 999
24831 891
24832 23
24833 907
24834 1582
24835 1578
24836 23
24837 1497
24838 1497
24839 23
24840 730
24841 23
24842 1735
24843 730
24844 23
24845 891
24846 891
24847 1497
24848 1497
24849 907
24850 1497
24851 730
24852 1497
24853 103
24854 1587
24855 907
24856 730
24857 1497
24858 1497
24859 730
24860 1092
24861 730
24862 891
24863 730
24864 1570
24865 730
24866 891
24867 1497
24868 1588
24869 1497
24870 907
24871 23
24872 1497
24873 1497
24874 730
24875 1497
24876 23
24877 730
24878 730
24879 23
24880 730
24881 23
24882 1137
24883 1420
24884 52
24885 43
24886 730
24887 730
24888 730
24889 1589
24890 1137
24891 1497
24892 907
24893 1497
24894 1570
24895 1497
24896 999
24897 730
24898 891
24899 1497
24900 730
24901 1497
24902 891
24903 1092
24904 907
24905 1497
24906 730
24907 730
24908 730
24909 891
24910 1576
24911 999
24912 730
24913 42
24914 730
24915 907
24916 730
24917 1497
24918 730
24919 102
24920 730
24921 907
24922 1286
24923 1582
24924 1497
24925 730
24926 730
24927 1581
24928 730
24929 891
24930 730
24931 730
24932 730
24933 1558
24934 730
24935 907
24936 1497
24937 124
24938 999
24939 730
24940 891
24941 59
24942 23
24943 30
24944 730
24945 1497
24946 907
24947 730
24948 582
24949 730
24950 1057
24951 730
24952 1736
24953 1092
24954 730
24955 730
24956 1578
24957 23
24958 730
24959 730
24960 1497
24961 1497
24962 1587
24963 914
24964 730
24965 1570
24966 23
24967 730
24968 1473
24969 730
24970 999
24971 730
24972 730
24973 103
24974 63
24975 730
24976 730
24977 1092
24978 1497
24979 42
24980 1137
24981 23
24982 730
24983 891
24984 1092
24985 1497
24986 730
24987 1559
24988 730
24989 1137
24990 907
24991 1092
24992 1092
24993 730
24994 730
24995 41
24996 730
24997 607
24998 730
24999 730
25000 891
25001 730
25002 730
25003 1497
25004 59
25005 1497
25006 891
25007 1297
25008 891
25009 1497
25010 907
25011 1582
25012 999
25013 730
25014 102
25015 23
25016 1137
25017 907
25018 728
25019 730
25020 59
25021 730
25022 730
25023 1570
25024 1057
25025 730
25026 730
25027 1497
25028 891
25029 1558
25030 730
25031 1737
25032 90
25033 103
25034 907
25035 23
25036 1497
25037 907
25038 23
25039 59
25040 1581
25041 1587
25042 891
25043 1497
25044 730
25045 730
25046 891
25047 891
25048 1576
25049 1738
25050 1497
25051 1477
25052 1092
25053 907
25054 730
25055 1137
25056 1575
25057 1771
25058 1576
25059 1420
25060 730
25061 1581
25062 730
25063 730
25064 999
25065 1570
25066 1587
25067 907
25068 1497
25069 730
25070 1578
25071 730
25072 730
25073 730
25074 730
25075 907
25076 1582
25077 1497
25078 1574
25079 634
25080 1209
25081 1092
25082 730
25083 730
25084 1588
25085 907
25086 1118
25087 891
25088 730
25089 730
25090 1581
25091 730
25092 1497
25093 1209
25094 1497
25095 730
25096 1497
25097 730
25098 1559
25099 730
25100 891
25101 1497
25102 1092
25103 1473
25104 59
25105 730
25106 1497
25107 730
25108 23
25109 1092
25110 730
25111 1576
25112 1739
25113 59
25114 730
25115 1497
25116 59
25117 1420
25118 730
25119 23
25120 23
25121 730
25122 730
25123 23
25124 1137
25125 730
25126 1581
25127 914
25128 730
25129 1497
25130 730
25131 891
25132 41
25133 1570
25134 1497
25135 1570
25136 1092
25137 1497
25138 1559
25139 1497
25140 1420
25141 730
25142 891
25143 1559
25144 730
25145 730
25146 1206
25147 730
25148 730
25149 23
25150 1559
25151 1092
25152 730
25153 730
25154 589
25155 1092
25156 1092
25157 999
25158 1558
25159 730
25160 23
25161 730
25162 1582
25163 730
25164 1581
25165 999
25166 2
25167 1497
25168 1497
25169 1092
25170 730
25171 730
25172 1559
25173 1559
25174 730
25175 730
25176 1497
25177 1576
25178 730
25179 730
25180 999
25181 124
25182 613
25183 730
25184 730
25185 891
25186 1420
25187 891
25188 891
25189 1497
25190 907
25191 1497
25192 730
25193 1497
25194 1420
25195 730
25196 23
25197 1581
25198 1206
25199 730
25200 730
25201 891
25202 730
25203 23
25204 730
25205 730
25206 1497
25207 1092
25208 730
25209 907
25210 730
25211 730
25212 891
25213 23
25214 59
25215 1575
25216 1473
25217 914
25218 730
25219 1497
25220 730
25221 1137
25222 730
25223 1497
25224 914
25225 1497
25226 1576
25227 1581
25228 730
25229 730
25230 730
25231 730
25232 907
25233 914
25234 730
25235 730
25236 23
25237 730
25238 730
25239 1445
25240 1570
25241 730
25242 907
25243 730
25244 730
25245 730
25246 730
25247 1092
25248 891
25249 103
25250 1581
25251 891
25252 730
25253 730
25254 730
25255 730
25256 1740
25257 1582
25258 730
25259 52
25260 730
25261 1497
25262 907
25263 1497
25264 1061
25265 999
25266 730
25267 23
25268 589
25269 730
25270 1582
25271 730
25272 582
25273 730
25274 730
25275 1137
25276 891
25277 730
25278 1579
25279 730
25280 1497
25281 1497
25282 730
25283 1581
25284 42
25285 891
25286 1497
25287 1137
25288 1581
25289 730
25290 23
25291 730
25292 891
25293 1297
25294 1497
25295 730
25296 730
25297 730
25298 730
25299 2
25300 1575
25301 730
25302 730
25303 1092
25304 1581
25305 23
25306 1092
25307 1497
25308 1576
25309 1420
25310 730
25311 730
25312 634
25313 1582
25314 23
25315 634
25316 907
25317 730
25318 1497
25319 23
25320 1558
25321 730
25322 23
25323 730
25324 730
25325 1497
25326 907
25327 907
25328 730
25329 1581
25330 907
25331 23
25332 1587
25333 891
25334 891
25335 1559
25336 1581
25337 1570
25338 730
25339 730
25340 42
25341 907
25342 907
25343 1497
25344 1741
25345 1576
25346 23
25347 1497
25348 1570
25349 730
25350 891
25351 730
25352 730
25353 23
25354 1581
25355 23
25356 1559
25357 1575
25358 891
25359 1576
25360 582
25361 23
25362 1092
25363 891
25364 1570
25365 730
25366 907
25367 1574
25368 1559
25369 730
25370 1092
25371 730
25372 30
25373 1092
25374 23
25375 907
25376 730
25377 730
25378 815
25379 730
25380 1497
25381 907
25382 1297
25383 907
25384 999
25385 999
25386 730
25387 730
25388 730
25389 730
25390 1420
25391 1571
25392 730
25393 585
25394 730
25395 1570
25396 1558
25397 1092
25398 1581
25399 1497
25400 1609
25401 907
25402 1587
25403 1057
25404 730
25405 891
25406 730
25407 1570
25408 1497
25409 730
25410 1297
25411 23
25412 999
25413 1062
25414 1497
25415 730
25416 1578
25417 1582
25418 730
25419 23
25420 1137
25421 907
25422 891
25423 1581
25424 1092
25425 730
25426 1057
25427 1497
25428 730
25429 603
25430 23
25431 730
25432 1092
25433 1559
25434 730
25435 23
25436 1209
25437 891
25438 891
25439 907
25440 730
25441 730
25442 730
25443 23
25444 1497
25445 730
25446 1062
25447 1576
25448 730
25449 730
25450 730
25451 1137
25452 1092
25453 2
25454 48
25455 999
25456 1497
25457 730
25458 1609
25459 730
25460 730
25461 730
25462 1297
25463 730
25464 728
25465 730
25466 730
25467 1558
25468 23
25469 1092
25470 1576
25471 1497
25472 1057
25473 730
25474 1497
25475 1297
25476 907
25477 23
25478 1559
25479 1559
25480 1092
25481 891
25482 127
25483 1497
25484 730
25485 124
25486 1497
25487 23
25488 891
25489 730
25490 730
25491 23
25492 728
25493 1581
25494 730
25495 730
25496 730
25497 1062
25498 730
25499 634
25500 1297
25501 1559
25502 1497
25503 730
25504 891
25505 730
25506 907
25507 1497
25508 1609
25509 1587
25510 730
25511 730
25512 61
25513 730
25514 1137
25515 1137
25516 907
25517 23
25518 23
25519 891
25520 1497
25521 730
25522 23
25523 730
25524 730
25525 730
25526 730
25527 1206
25528 907
25529 730
25530 1297
25531 730
25532 891
25533 907
25534 1559
25535 730
25536 1570
25537 907
25538 1137
25539 23
25540 907
25541 891
25542 1092
25543 907
25544 730
25545 730
25546 23
25547 730
25548 891
25549 730
25550 730
25551 8
25552 907
25553 999
25554 730
25555 1057
25556 1445
25557 23
25558 1570
25559 730
25560 1497
25561 730
25562 1497
25563 730
25564 891
25565 730
25566 23
25567 1092
25568 907
25569 730
25570 1582
25571 1092
25572 1137
25573 730
25574 730
25575 730
25576 1587
25577 1497
25578 730
25579 1574
25580 124
25581 1559
25582 1297
25583 730
25584 1297
25585 1576
25586 1587
25587 1092
25588 1573
25589 1497
25590 1497
25591 730
25592 1570
25593 1578
25594 730
25595 730
25596 891
25597 907
25598 907
25599 730
25600 1582
25601 730
25602 730
25603 730
25604 1497
25605 1297
25606 730
25607 1497
25608 589
25609 730
25610 907
25611 23
25612 1742
25613 730
25614 730
25615 730
25616 44
25617 90
25618 23
25619 1092
25620 907
25621 730
25622 730
25623 43
25624 23
25625 1092
25626 891
25627 1743
25628 730
25629 1297
25630 23
25631 730
25632 1570
25633 1570
25634 1497
25635 1137
25636 1420
25637 23
25638 730
25639 730
25640 1575
25641 1497
25642 1206
25643 730
25644 1497
25645 999
25646 730
25647 730
25648 1497
25649 585
25650 730
25651 1497
25652 1559
25653 788
25654 730
25655 730
25656 103
25657 730
25658 907
25659 1570
25660 23
25661 730
25662 1206
25663 585
25664 23
25665 999
25666 1574
25667 907
25668 907
25669 907
25670 1576
25671 730
25672 23
25673 730
25674 891
25675 1134
25676 891
25677 604
25678 891
25679 1297
25680 1477
25681 1062
25682 61
25683 1497
25684 891
25685 730
25686 1092
25687 1497
25688 999
25689 730
25690 581
25691 907
25692 23
25693 1209
25694 23
25695 1571
25696 730
25697 730
25698 1582
25699 1497
25700 1420
25701 1559
25702 730
25703 23
25704 907
25705 730
25706 730
25707 1581
25708 891
25709 730
25710 1497
25711 1134
25712 907
25713 907
25714 730
25715 730
25716 730
25717 23
25718 730
25719 1137
25720 1497
25721 1559
25722 1580
25723 1573
25724 730
25725 1497
25726 730
25727 1578
25728 730
25729 1570
25730 23
25731 1559
25732 103
25733 730
25734 1570
25735 730
25736 1570
25737 891
25738 891
25739 23
25740 150
25741 999
25742 1571
25743 1570
25744 23
25745 1609
25746 730
25747 43
25748 1582
25749 730
25750 728
25751 1473
25752 1092
25753 730
25754 891
25755 730
25756 730
25757 1579
25758 891
25759 23
25760 44
25761 90
25762 1581
25763 907
25764 730
25765 86
25766 730
25767 1570
25768 59
25769 1092
25770 1580
25771 730
25772 1559
25773 891
25774 730
25775 1579
25776 730
25777 1092
25778 730
25779 730
25780 1578
25781 907
25782 730
25783 891
25784 730
25785 907
25786 23
25787 1609
25788 730
25789 1559
25790 730
25791 1570
25792 1497
25793 891
25794 1057
25795 730
25796 1497
25797 730
25798 1497
25799 1570
25800 730
25801 1575
25802 907
25803 999
25804 891
25805 730
25806 1497
25807 730
25808 730
25809 730
25810 23
25811 1576
25812 730
25813 1497
25814 730
25815 1581
25816 730
25817 1497
25818 730
25819 1497
25820 730
25821 730
25822 891
25823 730
25824 1497
25825 730
25826 1497
25827 730
25828 1570
25829 999
25830 23
25831 1582
25832 730
25833 59
25834 730
25835 891
25836 730
25837 1497
25838 23
25839 23
25840 730
25841 1559
25842 23
25843 730
25844 1134
25845 1559
25846 730
25847 730
25848 730
25849 907
25850 1570
25851 730
25852 730
25853 730
25854 1744
25855 891
25856 907
25857 999
25858 1473
25859 1559
25860 730
25861 730
25862 1558
25863 1497
25864 891
25865 730
25866 1497
25867 730
25868 730
25869 730
25870 728
25871 1745
25872 1570
25873 730
25874 907
25875 1497
25876 730
25877 23
25878 1497
25879 730
25880 730
25881 42
25882 907
25883 730
25884 728
25885 1092
25886 730
25887 730
25888 891
25889 907
25890 907
25891 1297
25892 730
25893 999
25894 730
25895 730
25896 1473
25897 1209
25898 730
25899 730
25900 730
25901 907
25902 1497
25903 1134
25904 730
25905 1587
25906 999
25907 730
25908 1297
25909 730
25910 23
25911 1559
25912 730
25913 59
25914 1575
25915 891
25916 1297
25917 907
25918 914
25919 23
25920 1092
25921 1497
25922 1559
25923 1497
25924 90
25925 1559
25926 999
25927 730
25928 23
25929 1497
25930 907
25931 730
25932 907
25933 907
25934 730
25935 730
25936 730
25937 730
25938 730
25939 1581
25940 730
25941 730
25942 1746
25943 1134
25944 730
25945 730
25946 730
25947 1570
25948 1137
25949 730
25950 1570
25951 730
25952 1570
25953 1581
25954 1575
25955 1092
25956 1497
25957 730
25958 634
25959 730
25960 1571
25961 1092
25962 730
25963 891
25964 1497
25965 1092
25966 2
25967 1137
25968 730
25969 907
25970 1497
25971 1559
25972 931
25973 1581
25974 891
25975 124
25976 1559
25977 1576
25978 1575
25979 1497
25980 730
25981 730
25982 1576
25983 730
25984 1497
25985 1581
25986 999
25987 730
25988 1497
25989 730
25990 730
25991 613
25992 999
25993 728
25994 1581
25995 1137
25996 1581
25997 1581
25998 1571
25999 1497
26000 907
26001 1559
26002 23
26003 1497
26004 42
26005 730
26006 907
26007 891
26008 730
26009 1209
26010 730
26011 730
26012 730
26013 891
26014 730
26015 1497
26016 1497
26017 59
26018 730
26019 730
26020 23
26021 1497
26022 1570
26023 1559
26024 1570
26025 730
26026 730
26027 730
26028 730
26029 1576
26030 1559
26031 1559
26032 730
26033 1092
26034 23
26035 730
26036 1497
26037 1558
26038 730
26039 891
26040 730
26041 23
26042 1581
26043 730
26044 730
26045 730
26046 1559
26047 730
26048 1576
26049 730
26050 1297
26051 1570
26052 730
26053 730
26054 730
26055 907
26056 1092
26057 1137
26058 1497
26059 1609
26060 730
26061 23
26062 1092
26063 1582
26064 730
26065 730
26066 2
26067 730
26068 730
26069 23
26070 730
26071 730
26072 730
26073 999
26074 103
26075 1497
26076 1578
26077 891
26078 907
26079 907
26080 730
26081 730
26082 581
26083 23
26084 1062
26085 907
26086 730
26087 23
26088 1575
26089 730
26090 730
26091 730
26092 1092
26093 23
26094 730
26095 907
26096 1063
26097 1497
26098 1559
26099 1497
26100 1570
26101 2
26102 1497
26103 1002
26104 2
26105 730
26106 613
26107 23
26108 891
26109 23
26110 30
26111 730
26112 730
26113 730
26114 730
26115 23
26116 730
26117 730
26118 730
26119 730
26120 1497
26121 1092
26122 1137
26123 1570
26124 124
26125 1581
26126 891
26127 730
26128 891
26129 1581
26130 728
26131 907
26132 730
26133 730
26134 730
26135 1137
26136 102
26137 583
26138 1473
26139 1581
26140 1571
26141 1576
26142 1570
26143 730
26144 907
26145 23
26146 41
26147 730
26148 730
26149 730
26150 728
26151 1420
26152 730
26153 730
26154 634
26155 4
26156 1497
26157 1579
26158 1497
26159 1497
26160 73
26161 1092
26162 29
26163 999
26164 999
26165 891
26166 1092
26167 1570
26168 1578
26169 2
26170 730
26171 1559
26172 1092
26173 1297
26174 730
26175 1559
26176 1749
26177 1497
26178 907
26179 1497
26180 730
26181 1581
26182 1092
26183 23
26184 1497
26185 789
26186 730
26187 999
26188 891
26189 730
26190 87
26191 1570
26192 891
26193 1581
26194 730
26195 1497
26196 730
26197 1497
26198 730
26199 730
26200 891
26201 730
26202 907
26203 730
26204 1092
26205 730
26206 1559
26207 59
26208 59
26209 1477
26210 999
26211 1497
26212 1570
26213 730
26214 1570
26215 1581
26216 730
26217 730
26218 730
26219 1559
26220 1497
26221 1581
26222 730
26223 1092
26224 730
26225 891
26226 1582
26227 730
26228 150
26229 999
26230 730
26231 730
26232 730
26233 891
26234 907
26235 730
26236 907
26237 1558
26238 730
26239 730
26240 730
26241 730
26242 730
26243 730
26244 730
26245 1497
26246 730
26247 914
26248 1497
26249 1092
26250 999
26251 23
26252 1206
26253 891
26254 891
26255 1570
26256 907
26257 1497
26258 1559
26259 1559
26260 1473
26261 1137
26262 999
26263 730
26264 914
26265 1559
26266 907
26267 730
26268 59
26269 730
26270 1559
26271 1420
26272 1209
26273 730
26274 730
26275 1575
26276 1497
26277 1497
26278 23
26279 94
26280 891
26281 730
26282 730
26283 891
26284 730
26285 1473
26286 730
26287 59
26288 23
26289 730
26290 1137
26291 8
26292 730
26293 730
26294 1581
26295 1206
26296 891
26297 999
26298 907
26299 914
26300 891
26301 52
26302 1137
26303 1497
26304 730
26305 1497
26306 730
26307 23
26308 1137
26309 891
26310 730
26311 730
26312 730
26313 730
26314 23
26315 730
26316 1589
26317 581
26318 1581
26319 730
26320 730
26321 730
26322 999
26323 891
26324 1582
26325 23
26326 907
26327 103
26328 730
26329 1582
26330 59
26331 1576
26332 730
26333 730
26334 1497
26335 730
26336 1092
26337 1057
26338 1497
26339 891
26340 907
26341 47
26342 1420
26343 59
26344 730
26345 1497
26346 1297
26347 730
26348 1497
26349 730
26350 1497
26351 1559
26352 730
26353 730
26354 730
26355 1497
26356 730
26357 23
26358 1497
26359 1420
26360 730
26361 61
26362 47
26363 891
26364 730
26365 23
26366 907
26367 1570
26368 891
26369 23
26370 730
26371 730
26372 23
26373 730
26374 730
26375 23
26376 999
26377 1092
26378 1297
26379 124
26380 891
26381 907
26382 891
26383 1092
26384 907
26385 1582
26386 1581
26387 730
26388 730
26389 907
26390 730
26391 113
26392 103
26393 730
26394 23
26395 23
26396 730
26397 730
26398 728
26399 1578
26400 29
26401 1497
26402 891
26403 1420
26404 1497
26405 730
26406 43
26407 730
26408 994
26409 907
26410 1497
26411 999
26412 907
26413 1497
26414 1576
26415 730
26416 23
26417 730
26418 59
26419 1559
26420 730
26421 730
26422 730
26423 891
26424 1573
26425 1445
26426 730
26427 891
26428 59
26429 730
26430 999
26431 1209
26432 43
26433 1581
26434 891
26435 124
26436 891
26437 1473
26438 1497
26439 730
26440 730
26441 1497
26442 730
26443 891
26444 907
26445 1497
26446 730
26447 730
26448 1580
26449 23
26450 891
26451 118
26452 891
26453 41
26454 730
26455 1137
26456 23
26457 730
26458 730
26459 1297
26460 23
26461 1497
26462 999
26463 730
26464 730
26465 23
26466 907
26467 907
26468 51
26469 907
26470 730
26471 1092
26472 1576
26473 29
26474 730
26475 730
26476 891
26477 999
26478 1559
26479 891
26480 891
26481 730
26482 23
26483 891
26484 730
26485 914
26486 907
26487 907
26488 730
26489 730
26490 730
26491 730
26492 613
26493 1582
26494 1497
26495 1092
26496 1092
26497 730
26498 1587
26499 730
26500 730
26501 891
26502 1581
26503 730
26504 891
26505 730
26506 1581
26507 730
26508 730
26509 730
26510 730
26511 1420
26512 1570
26513 1473
26514 730
26515 730
26516 23
26517 1771
26518 730
26519 730
26520 730
26521 730
26522 907
26523 1579
26524 914
26525 1497
26526 1559
26527 730
26528 730
26529 23
26530 1752
26531 907
26532 730
26533 1
26534 607
26535 1
26536 1079
26537 63
26538 635
26539 732
26540 730
26541 2
26542 730
26543 603
26544 1753
26545 1754
26546 1445
26547 730
26548 594
26549 730
26550 1755
26551 1576
26552 582
26553 1297
26554 594
26555 1756
26556 1757
26557 1420
