2924 1219
4245 1061
5696 1061
6938 1061
3745 1286
3719 1063
1501 1063
2055 1219
4525 1061
4966 1061
8755 1063
9841 1061
10461 1217
5201 1062
9550 1061
3788 1061
413 1219
9729 1063
6037 1061
9494 1061
3512 1063
9767 1063
3888 1061
8221 1063
7088 1219
6698 1220
2137 1220
10418 1219
1331 1223
2194 1219
894 1217
3272 1061
5413 1063
5393 1220
3979 1219
6391 1063
9306 1061
2439 1223
3017 1063
8706 1061
103 1063
806 1223
6323 1061
2186 1223
6981 1067
9471 1219
221 1220
4266 1219
4384 1220
10884 1219
4103 1220
8905 1217
9734 1061
8463 1061
330 1217
10528 1061
9183 1063
4442 1217
11031 1220
5544 1062
4164 1061
8180 1217
9894 1219
8697 1061
9676 1061
10986 1067
4252 1061
6743 1219
9037 1219
9712 1219
2982 1061
10027 1061
10827 1061
5776 1219
4039 1063
9855 1219
4353 1067
4264 1063
4574 1061
4046 1062
3118 1067
6512 1217
406 1217
8902 1063
10214 1219
2561 1219
998 1063
2388 1223
9776 1219
4241 1219
7569 1217
3447 1217
5871 1217
6810 1063
9544 1217
4614 1219
34 1219
3638 1219
2668 1217
1729 1220
1377 1220
3268 1063
4665 1063
5294 1219
7239 1061
6299 1063
7502 1219
5594 1217
8630 1219
5195 1061
670 1063
3200 1063
6576 1217
10458 1220
9904 1217
4192 1061
1534 1220
989 1217
1752 1217
9582 1061
7719 1063
3728 1219
2901 1067
6612 1219
8969 1219
8391 1222
7624 1220
9634 1220
7681 1067
10945 1217
4005 1217
188 1223
1229 1217
5038 1219
4310 1063
9572 809
2201 1219
5483 1063
255 1223
8399 1217
557 1217
3573 1061
2533 1217
393 1223
98 1063
2305 1063
1596 1063
6377 1063
4253 1062
6025 1061
4877 1061
6645 1061
6954 1063
10849 1219
7020 1063
10437 1219
5342 1061
9992 1063
921 1219
9195 1061
9451 1063
10562 1222
3384 1063
5814 1063
8226 1061
1333 1063
3225 1219
8782 1063
2454 1217
10925 1219
9145 1061
4340 1217
4190 1061
10481 1062
6272 809
192 1217
11019 1061
5061 1061
8120 1067
11055 1217
1233 1063
4468 1062
10823 1220
186 1219
10737 1067
3186 1063
11049 1219
6257 1063
7517 809
4763 1217
10111 1219
7889 1061
5299 1061
1192 1217
10015 1061
10283 1062
1581 1063
5965 1063
6793 1061
9935 1063
5718 1061
4441 1063
10200 1220
7661 1063
2672 1220
5385 1217
6973 1217
9409 1061
2195 1220
8642 1061
7350 1220
4092 1061
1316 1219
1356 1217
7410 1061
3191 1223
8774 1061
4600 1063
3344 1219
5104 1217
11086 1054
3922 1217
4538 1063
3607 1063
3052 1219
9831 1217
8783 809
1600 1217
1369 1219
4275 1063
3084 1063
5975 1219
2847 1063
550 1217
8900 1062
1802 1287
8131 1063
8065 1061
1255 1220
7814 1063
5609 1219
4390 1061
5433 1061
10138 1219
4558 1061
6525 1061
1294 1063
4345 1219
3782 1063
1770 1217
3740 1061
6340 1061
10162 1219
8787 1219
3101 1219
4267 1061
3334 1220
3315 1219
11103 1061
5578 1062
2302 1219
9741 1067
10843 1063
9402 1217
1178 1219
6811 1063
2505 1217
4473 1220
3328 1063
6477 1061
7799 1063
7619 1305
4972 1062
8960 1061
2550 1219
2607 1219
2072 1063
993 1219
2661 1223
1068 1288
1931 1219
7254 1217
7354 1219
3767 1223
4625 1217
247 1217
1108 1219
7500 1289
9327 1061
8174 1061
932 1223
8750 1217
6704 1061
9653 1217
4964 1220
3461 1219
7393 1217
10106 1220
2795 1219
9999 1061
3801 1062
738 1063
1155 1063
7110 1061
10223 1219
7557 1061
6700 1217
5982 1219
9121 1063
4173 1067
3287 1217
5682 1063
9287 1063
5358 1217
5161 1217
6573 1063
480 1219
5236 1219
6458 1217
9446 1217
10673 1217
2060 1223
6878 1063
4947 1061
6782 1067
3866 1063
4859 1062
7705 1062
5298 1063
8880 1061
6060 1061
8040 1061
6647 1219
3107 1063
4331 1219
8103 1061
5125 1219
1112 1217
8910 1217
1412 21
3984 1061
5792 1061
4225 1223
8992 1217
447 1219
8735 1063
5845 1217
6566 1062
7605 1063
1223 1217
4080 1062
7570 1217
846 1219
3231 1063
1836 1217
10957 1061
1057 1223
8109 1217
8548 1063
10928 1062
2627 1220
10327 1061
4050 809
9447 1061
5119 1061
1031 1219
4552 1061
10289 1063
1928 1219
682 1222
9648 1061
4811 1061
335 1063
9856 1217
390 1219
316 1063
1907 809
5535 1062
1423 1217
6044 1220
8426 1062
1466 809
7806 937
4659 809
2725 1219
6390 1061
6118 1063
3520 1061
2413 1219
2044 1223
5575 1063
9071 1062
4501 1063
104 1219
3314 1217
4639 1219
6604 1061
3633 1063
4038 1223
4508 1223
9974 1061
821 1220
3592 1061
4132 1219
1216 1220
6164 1219
5985 1219
2889 1061
8012 1061
4479 1061
5547 1217
6489 1061
10722 1067
3043 1220
7 1063
4688 1217
2176 1217
5057 1063
10174 1061
4100 809
8562 1219
3106 1063
9475 1061
5842 1219
4184 1219
7159 2
9309 1219
3996 1062
10096 1061
8407 1062
148 1223
2039 1220
3181 1305
9773 1061
3134 1067
4505 1061
10020 1217
6758 1063
9986 1062
7458 1063
8822 1063
9849 1219
6571 1061
4622 1067
7089 1061
3581 1063
9716 1067
8871 1067
4920 1217
4102 1061
3575 1061
2604 1063
6792 1067
8161 1061
2619 1063
650 1219
8013 1217
5189 1062
5526 937
7728 1219
4963 1061
6214 1061
1593 1063
6692 1063
7930 1063
10344 1063
4879 1063
6540 1217
7068 937
7307 1063
4641 1217
4467 1061
1617 1219
7612 1219
4017 1223
8672 1061
9090 1061
537 937
4431 1063
3843 1220
10004 1217
1503 1219
5527 1219
1732 1063
6332 1290
5193 1217
649 1223
9474 1061
7442 1061
9406 1061
1303 1220
4489 1219
490 1219
7558 1061
3219 1067
10024 1061
380 1063
8455 1219
10055 1063
2952 1063
5614 1061
5278 1061
1176 1063
3976 1063
4243 1061
2092 1219
10501 1063
7318 1062
10793 1061
6399 1062
7537 1062
4554 1063
10706 620
4142 1061
3400 1061
8367 1061
5221 809
1267 1219
10938 1220
6220 1219
10904 1219
431 1219
5878 1061
3449 1063
2943 1063
3853 1220
5268 1061
3862 1061
8640 1217
10547 1220
3964 1217
10947 1220
10253 1061
1583 1219
3421 1219
4792 1291
7255 1061
2248 1219
8114 1063
3185 1063
3117 1062
7223 1220
1171 1219
5194 1063
6224 1061
11097 1219
4016 1063
6078 1217
10154 1063
8328 1219
383 1063
8459 1062
10670 1063
5145 1061
10482 1219
4724 1063
3267 1061
10388 1062
6375 1063
2010 1219
6413 1217
3500 1061
6420 1219
10429 1061
5290 1061
6145 1063
327 1220
4233 1223
8213 1061
6045 1063
7336 1219
10148 1061
1104 1217
4869 1062
2266 1219
8223 1062
4012 1063
3305 1061
8062 1217
2423 1219
6204 1061
6249 1219
7007 1067
10788 1061
3155 1219
8835 1061
3041 1063
2873 1063
4580 1062
7308 1061
3686 1219
5917 1061
1340 1219
855 1219
8175 1061
10536 1219
1819 1219
1833 1063
6550 1061
10733 1063
9123 1219
4822 1217
3648 1061
3747 1220
4685 1061
5489 1220
6661 1061
4094 1063
6400 1061
5099 1063
1906 1063
3403 1061
2906 1061
8552 1217
2415 1063
7956 1061
10599 1220
8634 1063
3429 1223
8681 952
10824 1063
3691 1063
7258 1219
8102 1067
2474 809
2712 1217
4444 1219
3617 1063
9994 1061
7477 1063
2117 1220
1224 1219
3454 1063
5064 1063
2083 1063
2782 1220
1786 1063
817 1063
253 1219
4784 1219
4908 1219
5823 1063
5860 1061
4529 1063
6686 1063
608 1063
3237 809
701 1063
8385 1217
775 1063
3859 1219
7805 1061
563 1063
5474 1219
7834 1063
5647 1062
1132 1063
4150 2
4638 1061
1608 1217
8976 809
344 1219
3584 1063
7216 1219
6741 1062
4923 1061
7113 1219
4248 1062
10852 1063
8721 1061
5360 1063
10936 1063
4120 1217
9075 1220
10488 1063
6926 809
8807 1222
2584 1219
3874 1061
10656 1217
9826 1220
1578 1219
2042 1217
8361 1067
7697 1061
3618 1061
5183 1063
5010 614
9062 1292
511 1293
8692 1044
10320 1063
7041 1219
8518 1220
7790 1219
5003 1219
