3844 833
3845 81
3846 835
3847 833
3848 81
3849 835
3850 58
3851 836
3852 112
3853 500
3854 112
3855 112
3856 112
3857 112
3858 112
3859 112
3860 112
3861 112
3862 112
3863 112
3864 112
3865 112
3866 112
3867 112
3868 112
3869 112
3870 112
3871 112
3872 483
3873 112
3874 112
3875 112
3876 112
3877 112
3878 112
3879 859
3880 112
3881 112
3882 112
3883 859
3884 112
3885 112
3886 112
3887 112
3888 112
3889 112
3890 112
3891 836
3892 112
3893 112
3894 112
3895 112
3896 112
3897 112
3898 112
3899 112
3900 112
3901 112
3902 112
3903 836
3904 112
3905 112
3906 112
3907 500
3908 112
3909 112
3910 112
3911 112
3912 837
3913 837
3914 837
3915 837
3916 11
3917 11
3918 837
3919 837
3920 837
3921 837
3922 837
3923 837
3924 837
3925 837
3926 837
3927 837
3928 837
3929 837
3930 837
3931 837
3932 837
3933 837
3934 837
3935 837
3936 837
3937 837
3938 837
3939 837
3940 837
3941 837
3942 837
3943 837
3944 837
3945 837
3946 837
3947 837
3948 837
3949 837
3950 837
3951 837
3952 837
3953 837
3954 837
3955 837
3956 837
3957 837
3958 837
3959 837
3960 837
3961 837
3962 837
3963 837
3964 837
3965 837
3966 837
3967 837
3968 837
3969 837
3970 837
3971 837
3972 837
3973 837
3974 837
3975 837
3976 837
3977 11
3978 837
3979 837
3980 837
3981 837
3982 11
3983 837
3984 837
3985 837
3986 837
3987 837
3988 837
3989 837
3990 837
3991 837
3992 837
3993 837
3994 11
3995 837
3996 837
3997 837
3998 112
3999 112
4000 112
4001 112
4002 112
4003 112
4004 112
4005 112
4006 112
4007 112
4008 112
4009 112
4010 112
4011 112
4012 112
4013 112
4014 112
4015 112
4016 112
4017 112
4018 112
4019 112
4020 112
4021 112
4022 112
4023 603
4024 839
4025 603
4026 839
4027 46
4028 603
4029 46
4030 839
4031 603
4032 603
4033 839
4034 603
4035 839
4036 839
4037 46
4038 46
4039 603
4040 603
4041 46
4042 603
4043 603
4044 603
4045 46
4046 603
4047 839
4048 46
4049 603
4050 839
4051 46
4052 839
4053 46
4054 603
4055 839
4056 603
4057 46
4058 603
4059 603
4060 603
4061 839
4062 603
4063 839
4064 839
4065 603
4066 603
4067 603
4068 603
4069 603
4070 603
4071 603
4072 839
4073 839
4074 46
4075 603
4076 603
4077 603
4078 629
4079 603
4080 603
4081 46
4082 603
4083 839
4084 603
4085 839
4086 839
4087 603
4088 603
4089 603
4090 46
4091 46
4092 603
4093 839
4094 46
4095 839
4096 603
4097 603
4098 603
4099 46
4100 603
4101 603
4102 46
4103 839
4104 839
4105 839
4106 839
4107 839
4108 46
4109 46
4110 46
4111 839
4112 603
4113 603
4114 839
4115 839
4116 839
4117 603
4118 603
4119 603
4120 46
4121 839
4122 603
4123 46
4124 839
4125 839
4126 839
4127 603
4128 839
4129 46
4130 427
4131 603
4132 603
4133 46
4134 839
4135 46
4136 839
4137 46
4138 839
4139 603
4140 839
4141 46
4142 603
4143 603
4144 839
4145 603
4146 46
4147 839
4148 603
4149 46
4150 603
4151 603
4152 839
4153 603
4154 839
4155 839
4156 46
4157 839
4158 839
4159 46
4160 839
4161 839
4162 46
4163 603
4164 839
4165 839
4166 839
4167 46
4168 839
4169 603
4170 46
4171 839
4172 46
4173 839
4174 839
4175 603
4176 46
4177 603
4178 839
4179 603
4180 839
4181 839
4182 603
4183 603
4184 46
4185 603
4186 603
4187 603
4188 839
4189 839
4190 603
4191 839
4192 603
4193 839
4194 839
4195 603
4196 603
4197 603
4198 46
4199 839
4200 839
4201 839
4202 46
4203 603
4204 603
4205 46
4206 603
4207 839
4208 603
4209 839
4210 603
4211 603
4212 839
4213 46
4214 839
4215 603
4216 603
4217 839
4218 839
4219 603
4220 839
4221 839
4222 839
4223 839
4224 839
4225 839
4226 603
4227 839
4228 839
4229 603
4230 839
4231 46
4232 603
4233 603
4234 839
4235 46
4236 603
4237 603
4238 603
4239 839
4240 603
4241 603
4242 603
4243 603
4244 46
4245 603
4246 603
4247 603
4248 839
4249 839
4250 46
4251 839
4252 839
4253 839
4254 603
4255 603
4256 603
4257 603
4258 603
4259 603
4260 839
4261 46
4262 603
4263 839
4264 839
4265 839
4266 839
4267 603
4268 603
4269 46
4270 603
4271 839
4272 839
4273 46
4274 46
4275 46
4276 603
4277 839
4278 839
4279 839
4280 839
4281 839
4282 603
4283 839
4284 839
4285 603
4286 46
4287 603
4288 603
4289 603
4290 603
4291 603
4292 46
4293 839
4294 46
4295 839
4296 603
4297 603
4298 839
4299 839
4300 603
4301 603
4302 839
4303 852
4304 603
4305 603
4306 603
4307 603
4308 839
4309 603
4310 46
4311 839
4312 839
4313 603
4314 603
4315 603
4316 839
4317 603
4318 603
4319 603
4320 46
4321 839
4322 839
4323 839
4324 46
4325 603
4326 603
4327 603
4328 46
4329 46
4330 603
4331 603
4332 603
4333 603
4334 603
4335 603
4336 839
4337 603
4338 46
4339 108
4340 839
4341 839
4342 603
4343 603
4344 839
4345 839
4346 603
4347 839
4348 839
4349 603
4350 603
4351 603
4352 603
4353 839
4354 839
4355 603
4356 603
4357 839
4358 839
4359 603
4360 839
4361 839
4362 603
4363 603
4364 46
4365 46
4366 603
4367 603
4368 839
4369 603
4370 603
4371 46
4372 839
4373 839
4374 46
4375 603
4376 46
4377 46
4378 839
4379 603
4380 839
4381 46
4382 603
4383 46
4384 46
4385 603
4386 839
4387 603
4388 46
4389 603
4390 603
4391 603
4392 603
4393 839
4394 603
4395 839
4396 603
4397 46
4398 839
4399 839
4400 603
4401 839
4402 603
4403 603
4404 603
4405 46
4406 839
4407 641
4408 603
4409 46
4410 839
4411 839
4412 839
4413 603
4414 435
4415 435
4416 435
4417 435
4418 435
4419 435
4420 435
4421 435
4422 435
4423 435
4424 435
4425 435
4426 435
4427 435
4428 435
4429 435
4430 435
4431 435
4432 435
4433 435
4434 435
4435 435
4436 435
4437 435
4438 435
4439 435
4440 435
4441 435
4442 435
4443 435
4444 435
4445 435
4446 435
4447 435
4448 435
4449 435
4450 435
4451 435
4452 435
4453 435
4454 435
4455 435
4456 435
4457 435
4458 435
4459 435
4460 435
4461 435
4462 435
4463 435
4464 435
4465 435
4466 435
4467 435
4468 435
4469 435
4470 435
4471 435
4472 435
4473 435
4474 435
4475 641
4476 641
4477 641
4478 641
4479 641
4480 112
4481 112
4482 112
4483 112
4484 112
4485 112
4486 112
4487 112
4488 112
4489 112
4490 112
4491 112
4492 112
4493 112
4494 112
4495 841
4496 112
4497 112
4498 112
4499 112
4500 112
4501 112
4502 112
4503 112
4504 112
4505 112
4506 112
4507 112
4508 112
4509 112
4510 112
4511 112
4512 112
4513 112
4514 112
4515 112
4516 112
4517 112
4518 112
4519 112
4520 112
4521 112
4522 112
4523 112
4524 112
4525 112
4526 112
4527 112
4528 112
4529 112
4530 112
4531 112
4532 112
4533 112
4534 112
4535 112
4536 112
4537 112
4538 112
4539 112
4540 112
4541 112
4542 112
4543 112
4544 112
4545 112
4546 112
4547 112
4548 112
4549 112
4550 112
4551 112
4552 112
4553 112
4554 112
4555 112
4556 112
4557 112
4558 112
4559 112
4560 112
4561 112
4562 112
4563 112
4564 112
4565 112
4566 112
4567 112
4568 841
4569 112
4570 112
4571 112
4572 112
4573 112
4574 112
4575 112
4576 112
4577 112
4578 112
4579 112
4580 112
4581 54
4582 54
4583 54
4584 87
4585 87
4586 87
4587 54
4588 54
4589 54
4590 87
4591 54
4592 87
4593 618
4594 54
4595 87
4596 842
4597 87
4598 87
4599 87
4600 54
4601 87
4602 87
4603 87
4604 87
4605 54
4606 87
4607 87
4608 87
4609 87
4610 54
4611 87
4612 87
4613 87
4614 54
4615 87
4616 87
4617 54
4618 87
4619 54
4620 87
4621 87
4622 87
4623 87
4624 87
4625 87
4626 87
4627 54
4628 54
4629 54
4630 87
4631 87
4632 87
4633 87
4634 54
4635 54
4636 87
4637 87
4638 54
4639 54
4640 87
4641 54
4642 87
4643 54
4644 87
4645 87
4646 87
4647 87
4648 54
4649 87
4650 54
4651 87
4652 87
4653 87
4654 87
4655 54
4656 87
4657 87
4658 87
4659 54
4660 843
4661 87
4662 87
4663 54
4664 54
4665 54
4666 54
4667 87
4668 87
4669 87
4670 87
4671 54
4672 87
4673 87
4674 54
4675 88
4676 87
4677 87
4678 87
4679 87
4680 54
4681 54
4682 54
4683 87
4684 54
4685 54
4686 87
4687 54
4688 87
4689 54
4690 87
4691 87
4692 54
4693 54
4694 619
4695 54
4696 54
4697 87
4698 87
4699 54
4700 54
4701 87
4702 87
4703 54
4704 87
4705 87
4706 54
4707 54
4708 619
4709 87
4710 87
4711 54
4712 87
4713 87
4714 87
4715 87
4716 87
4717 54
4718 87
4719 87
4720 87
4721 54
4722 87
4723 54
4724 87
4725 54
4726 87
4727 54
4728 54
4729 54
4730 87
4731 54
4732 54
4733 54
4734 87
4735 87
4736 54
4737 87
4738 54
4739 87
4740 87
4741 54
4742 87
4743 87
4744 87
4745 87
4746 87
4747 54
4748 54
4749 87
4750 87
4751 87
4752 87
4753 87
4754 87
4755 87
4756 87
4757 87
4758 54
4759 54
4760 54
4761 54
4762 87
4763 54
4764 87
4765 54
4766 87
4767 87
4768 87
4769 54
4770 54
4771 54
4772 87
4773 87
4774 87
4775 87
4776 87
4777 54
4778 54
4779 87
4780 87
4781 87
4782 87
4783 54
4784 87
4785 54
4786 87
4787 54
4788 54
4789 54
4790 842
4791 843
4792 54
4793 87
4794 87
4795 54
4796 87
4797 54
4798 87
4799 87
4800 54
4801 87
4802 87
4803 87
4804 619
