5924 1218
8421 2944
4998 3259
2989 2974
1011 1493
2554 3260
4648 2915
6960 1218
1117 36
758 1493
1860 3262
2915 2915
528 1218
9045 1218
3469 2944
1055 3263
7174 1218
3840 3240
8575 1493
8531 2944
10810 1057
4236 2974
3030 3264
5402 1057
10150 1218
9617 3263
6640 3265
8998 1057
4910 2135
3893 3266
8664 1057
8831 3260
9511 2974
1688 2974
1527 2974
8083 1218
8961 1218
1987 2974
8930 3247
977 3539
788 1057
4500 3264
244 2974
11021 1218
1095 1057
4821 49
6890 3264
9038 1493
8300 1218
6746 3260
2234 1218
144 2915
2239 3264
3910 889
6510 1057
5461 1490
7819 3247
3147 3260
10420 3247
4416 1057
8947 2915
5172 1218
4914 2944
5780 3570
3860 1493
4797 1493
210 3264
1269 3273
10033 3247
7779 2944
10224 3247
9635 1493
1096 1057
8559 2973
6273 3247
2208 3248
10017 3540
3224 3265
2033 1218
2299 1057
10384 903
7329 3247
9484 3266
695 3541
4628 2944
6653 3248
9699 1218
8124 2109
4746 3247
1544 3262
9545 2915
1073 3240
3760 36
6724 1057
5563 3266
10781 1218
9603 1493
1288 1218
10801 2944
2566 2974
2944 2974
5833 3248
11078 1218
1479 1493
1414 2974
5750 2944
10374 1057
2021 3240
702 2907
9750 1218
6181 3247
1017 1057
10910 2944
7831 1057
9975 1218
4484 3240
8493 1493
2492 3264
10749 3240
8105 2915
9848 2974
7839 3265
1607 1493
5938 2974
8671 1493
3063 1218
629 2135
9426 2942
2101 1493
9707 1218
2929 1493
4543 1493
4819 1057
8064 3542
4129 0
10431 1483
9698 1057
2167 3247
8827 1493
106 3265
2831 3264
1852 1218
2509 3265
10043 2973
10422 2944
6032 2944
8445 3283
9742 3262
1335 3240
7486 2973
6868 3284
9087 1057
9808 2944
5445 1057
8491 2973
493 39
9411 1493
10419 3241
10446 3260
10981 892
3959 3247
9654 1057
7809 3265
4075 3247
8763 2973
132 2974
1929 3273
2720 1493
5779 2912
11009 3543
7054 1493
551 49
10627 3260
9155 892
3733 3248
1652 1493
3826 1493
464 2915
1996 889
7430 1057
4481 2974
6097 3247
3591 1493
2051 1493
3677 1218
8981 3544
4458 2974
9821 2973
6121 1493
808 1218
9758 1218
11061 2944
4056 1218
6608 2915
4818 1493
2756 1493
2342 1218
2751 1218
10435 3292
9092 1493
6100 1493
10448 2349
4024 1493
5935 1493
4181 1493
4981 1476
4594 3262
6133 3273
10194 1057
2992 1218
1524 3240
9688 2915
8903 1057
4143 1218
8054 1218
6815 3247
8480 1493
3316 3545
6950 1057
7646 3240
742 1218
2922 903
9948 2944
3917 3247
7539 3546
5478 1057
2417 1057
9234 2930
9199 1493
10719 1057
2268 1493
4207 3263
3619 1218
8510 3292
1445 3247
6591 1057
1005 1218
9277 2973
6255 3240
9210 1493
3026 1493
2308 3241
1403 1218
4364 1493
10529 1057
4815 1493
3387 1218
8424 2973
7894 1493
507 2974
7237 2974
1550 1493
9613 2915
3865 3247
4378 1493
9919 1218
5410 2944
3885 2944
5806 1493
2463 1218
8657 1057
10688 2974
1572 3241
3262 1493
9008 1493
9614 2973
6056 2974
8401 2974
2535 1057
6256 1218
7362 2944
4199 1493
5888 1493
7262 1218
5782 1493
10813 2944
4993 2349
1588 1205
9156 889
3062 1493
2053 3247
6184 1858
7562 892
10578 3262
10625 3260
10653 1057
8578 3570
6668 3547
5683 1057
4612 3241
5930 3548
986 3302
2905 2109
1076 3549
10263 3550
1704 1493
7845 1493
8596 3241
6945 2942
6473 3266
4656 1493
2485 1057
1893 2974
6933 1057
6230 1218
5065 1493
1241 3247
9010 3263
6978 1493
9739 2385
338 1493
792 1057
4342 2944
8846 3260
10198 3264
6482 3247
126 2973
8579 1218
3757 49
4377 1218
8363 3265
10321 2915
2422 903
10746 3260
9389 3265
6930 2944
8088 3240
4710 1218
3300 3265
7426 3551
1484 2974
4415 3260
6331 1493
6706 2944
7019 3264
7038 3248
6274 2944
3307 1493
7091 2974
3409 1493
110 2973
9343 1493
7265 1057
7115 3283
10951 2944
580 1057
5824 2944
6462 1057
531 1057
5051 3259
6372 2973
9937 3266
7516 2974
3670 1218
10846 3247
6425 1057
10933 1057
7891 3284
3254 1218
4889 3240
3264 1218
6368 1493
5642 3247
1686 1493
10489 3260
2635 3283
5016 3262
9007 1493
314 1493
2525 1493
7576 2974
9427 2944
6898 1493
469 1218
8182 2944
396 3264
2636 1218
2335 1493
3721 1493
8347 1858
1318 1218
10018 2385
6018 2973
41 2974
7075 3240
9432 2944
8556 2944
569 3240
1771 3247
8196 1493
10175 1218
11016 2974
8244 1218
6523 1218
8274 1218
10820 3273
5865 2974
9525 2944
4714 2944
2990 2944
3466 1057
5581 2973
1004 3284
11048 3284
691 3552
8762 2944
2572 49
8752 2944
2521 1057
9317 2973
8705 2944
3492 1493
2096 1057
11075 1057
9057 1493
6159 1493
2939 1493
5684 1218
5565 3553
8811 1493
3737 1493
1056 2973
9307 1057
2879 1218
10415 1057
950 1218
10249 1393
3451 2944
9241 1218
3624 1057
5589 1493
9443 3264
3001 1493
7106 2915
4971 2944
7005 1218
9691 1218
4814 1493
3819 1057
3609 1218
101 2915
9622 1493
5520 3302
5787 1493
10395 2974
3952 2974
8908 1057
3548 49
8890 2915
5511 1493
8185 2973
4300 2930
5723 1493
10734 3262
4104 1218
5666 1218
2650 2974
1547 3265
2045 2915
3323 1493
6199 1057
3869 3283
5580 1057
8271 1218
1003 1057
2067 1493
4271 3265
2368 1493
4219 1218
4566 1218
597 1057
10556 2915
8248 3266
8781 3265
6253 1493
1197 3247
10387 1057
606 1057
10459 1218
10299 2944
714 1218
7199 2944
2871 3260
6599 2974
8611 3260
7996 3262
2212 3240
10658 2973
7069 1218
5562 2973
2796 3248
8668 3240
5279 1218
4110 2973
10730 1057
9264 3247
6063 1493
8731 1218
991 1493
6750 3240
7912 1493
414 1218
4730 3264
4514 1493
10268 2944
7771 3247
10765 3264
1220 1493
5603 1493
1328 1493
7772 2974
6742 3248
1554 1218
7152 2944
7934 2944
9403 2973
3571 1218
7271 1057
1436 3241
6932 3247
725 1493
5324 2944
10554 1218
8428 2973
7518 1493
149 1057
2271 1493
3097 1493
2516 1493
7602 3240
167 1218
7403 2915
3476 2915
9439 1057
3401 1493
743 2946
1820 3265
6067 1218
8972 1057
1200 3260
4681 1218
3407 1057
6137 1218
1557 1218
8917 3265
914 3240
2418 1493
3057 2915
4013 1057
1953 3240
7531 3247
618 2974
10561 1218
10335 2944
2395 49
3042 1493
9909 2944
3752 1493
10613 3247
8432 1057
3112 39
1610 1057
8881 1493
3890 3554
8353 3555
7550 3266
8949 3247
2541 2973
2747 3260
10648 1218
6707 1057
11092 3260
5319 1057
6388 1218
5644 1218
1603 1057
6495 2974
5799 1493
2673 2944
202 3247
716 1057
7039 3265
3081 4
235 3556
5431 2110
7689 2349
8340 3247
3517 1493
5698 2974
928 2974
9242 2915
251 1493
7992 1218
7671 2915
5798 1057
1495 1493
1293 2915
1723 3247
4664 3240
6468 2915
4494 3241
5254 3247
2532 903
1038 889
6109 1218
8018 1218
5962 1493
10364 3273
4301 1057
8909 1057
5515 1483
3329 1493
1440 3247
2014 1493
10307 3265
664 1493
8891 2112
303 1057
5128 1218
8166 2915
2611 2110
7563 1057
1964 2974
6381 2973
2948 1057
8246 2915
9916 1218
10193 1218
3735 1493
2707 3248
4882 1218
3416 1218
2842 3273
2641 49
7076 2915
5469 1493
7668 1493
5032 1493
4771 2974
305 49
4255 1493
3526 683
5356 2944
6729 1057
1662 9
399 3557
4320 49
8868 3558
1844 1218
610 3260
9175 1493
10000 1218
1070 3240
4620 1493
6348 1493
4421 674
1567 2915
5320 2915
8937 1493
6602 1218
2190 1493
9606 1493
7998 3247
9192 2944
9213 1493
4014 1493
9060 2942
9335 1218
5730 2973
7699 1057
1815 1493
1152 682
4492 3559
123 3318
8589 689
9376 682
2023 892
6869 1493
6461 30
3489 33
777 1493
3974 2911
4140 2930
5840 3560
8883 689
641 689
7663 1493
45 689
4193 1493
615 3561
2555 678
7242 716
8418 1493
1462 1493
1351 3318
7665 3562
