7784 134
7785 13
7786 13
7787 47
7788 31
7789 33
7790 8
7791 4
7792 13
7793 76
7794 113
7795 13
7796 81
7797 76
7798 16
7799 100
7800 110
7801 75
7802 789
7803 1212
7804 87
7805 100
7806 32
7807 184
7808 4
7809 172
7810 73
7811 184
7812 9
7813 49
7814 100
7815 55
7816 113
7817 41
7818 114
7819 143
7820 139
7821 897
7822 201
7823 95
7824 51
7825 126
7826 151
7827 127
7828 16
7829 13
7830 87
7831 213
7832 99
7833 1492
7834 100
7835 137
7836 212
7837 1280
7838 5
7839 998
7840 26
7841 131
7842 75
7843 32
7844 13
7845 3
7846 1479
7847 17
7848 110
7849 184
7850 960
7851 80
7852 1125
7853 75
7854 11
7855 114
7856 1441
7857 131
7858 13
7859 75
7860 24
7861 905
7862 16
7863 27
7864 76
7865 49
7866 25
7867 34
7868 16
7869 1280
7870 897
7871 173
7872 82
7873 1512
7874 27
7875 82
7876 156
7877 13
7878 82
7879 61
7880 149
7881 219
7882 137
7883 31
7884 95
7885 24
7886 13
7887 206
7888 24
7889 100
7890 8
7891 196
7892 16
7893 114
7894 27
7895 27
7896 64
7897 134
7898 33
7899 154
7900 58
7901 1212
7902 13
7903 73
7904 4
7905 31
7906 17
7907 73
7908 25
7909 86
7910 8
7911 1442
7912 3
7913 41
7914 4
7915 127
7916 897
7917 203
7918 1138
7919 23
7920 95
7921 103
7922 37
7923 23
7924 184
7925 1480
7926 39
7927 102
7928 5
7929 4
7930 100
7931 134
7932 13
7933 75
7934 202
7935 113
7936 76
7937 134
7938 13
7939 87
7940 119
7941 13
7942 149
7943 119
7944 15
7945 49
7946 97
7947 26
7948 37
7949 219
7950 52
7951 17
7952 16
7953 114
7954 231
7955 13
7956 100
7957 165
7958 68
7959 33
7960 218
7961 1443
7962 8
7963 101
7964 49
7965 5
7966 206
7967 154
7968 34
7969 102
7970 78
7971 8
7972 87
7973 37
7974 87
7975 75
7976 23
7977 13
7978 49
7979 127
7980 110
7981 784
7982 39
7983 36
7984 33
7985 137
7986 103
7987 105
7988 8
7989 113
7990 16
7991 33
7992 143
7993 76
7994 149
7995 86
7996 998
7997 218
7998 143
7999 76
8000 77
8001 17
8002 154
8003 31
8004 4
8005 99
8006 12
8007 119
8008 82
8009 10
8010 905
8011 55
8012 100
8013 86
8014 165
8015 78
8016 16
8017 16
8018 143
8019 13
8020 87
8021 134
8022 103
8023 27
8024 25
8025 25
8026 31
8027 4
8028 184
8029 4
8030 151
8031 25
8032 1492
8033 16
8034 120
8035 87
8036 74
8037 59
8038 37
8039 75
8040 100
8041 16
8042 25
8043 61
8044 49
8045 23
8046 165
8047 102
8048 86
8049 75
8050 37
8051 101
8052 5
8053 9
8054 143
8055 5
8056 23
8057 127
8058 134
8059 87
8060 63
8061 25
8062 217
8063 51
8064 213
8065 100
8066 75
8067 47
8068 127
8069 114
8070 15
8071 1480
8072 16
8073 146
8074 119
8075 113
8076 1445
8077 81
8078 13
8079 16
8080 75
8081 208
8082 75
8083 239
8084 897
8085 151
8086 87
8087 114
8088 1517
8089 1446
8090 39
8091 58
8092 87
8093 81
8094 201
8095 73
8096 105
8097 13
8098 151
8099 16
8100 15
8101 82
8102 100
8103 100
8104 31
8105 88
8106 173
8107 13
8108 118
8109 86
8110 114
8111 8
8112 114
8113 76
8114 100
8115 97
8116 2
8117 129
8118 78
8119 5
8120 100
8121 113
8122 82
8123 92
8124 80
8125 82
8126 8
8127 798
8128 4
8129 84
8130 17
8131 196
8132 99
8133 165
8134 31
8135 28
8136 87
8137 15
8138 78
8139 120
8140 51
8141 76
8142 61
8143 206
8144 92
8145 68
8146 26
8147 120
8148 99
8149 13
8150 34
8151 25
8152 75
8153 23
8154 113
8155 114
8156 31
8157 87
8158 75
8159 31
8160 82
8161 100
8162 212
8163 75
8164 960
8165 154
8166 88
8167 15
8168 1490
8169 39
8170 49
8171 113
8172 134
8173 87
8174 100
8175 100
8176 231
8177 33
8178 34
8179 25
8180 86
8181 1326
8182 202
8183 113
8184 134
8185 104
8186 82
8187 34
8188 76
8189 68
8190 137
8191 86
8192 905
8193 51
8194 122
8195 145
8196 3
8197 105
8198 119
8199 9
8200 81
8201 13
8202 87
8203 102
8204 36
8205 100
8206 15
8207 975
8208 4
8209 763
8210 27
8211 25
8212 16
8213 100
8214 110
8215 127
8216 114
8217 31
8218 82
8219 75
8220 166
8221 100
8222 75
8223 196
8224 134
8225 113
8226 100
8227 4
8228 26
8229 13
8230 131
8231 113
8232 113
8233 56
8234 214
8235 41
8236 134
8237 76
8238 173
8239 34
8240 76
8241 87
8242 201
8243 75
8244 143
8245 114
8246 88
8247 56
8248 38
8249 212
8250 807
8251 16
8252 2
8253 76
8254 4
8255 47
8256 82
8257 33
8258 92
8259 87
8260 5
8261 105
8262 31
8263 73
8264 201
8265 8
8266 139
8267 75
8268 32
8269 114
8270 15
8271 143
8272 92
8273 119
8274 143
8275 76
8276 137
8277 44
8278 8
8279 82
8280 49
8281 128
8282 21
8283 82
8284 131
8285 114
8286 58
8287 119
8288 165
8289 34
8290 1447
8291 75
8292 1238
8293 82
8294 113
8295 118
8296 39
8297 87
8298 140
8299 33
8300 143
8301 68
8302 34
8303 68
8304 784
8305 81
8306 47
8307 76
8308 47
8309 78
8310 23
8311 82
8312 68
8313 39
8314 134
8315 105
8316 75
8317 119
8318 74
8319 166
8320 119
8321 81
8322 120
8323 8
8324 231
8325 80
8326 75
8327 134
8328 32
8329 105
8330 81
8331 75
8332 8
8333 17
8334 23
8335 78
8336 8
8337 118
8338 86
8339 58
8340 143
8341 33
8342 21
8343 201
8344 26
8345 120
8346 221
8347 1492
8348 33
8349 87
8350 47
8351 55
8352 39
8353 141
8354 218
8355 58
8356 143
8357 134
8358 4
8359 8
8360 114
8361 100
8362 47
8363 998
8364 766
8365 789
8366 13
8367 100
8368 81
8369 41
8370 13
8371 143
8372 87
8373 24
8374 52
8375 41
8376 81
8377 97
8378 218
8379 119
8380 87
8381 78
8382 63
8383 134
8384 789
8385 86
8386 41
8387 134
8388 41
8389 1449
8390 31
8391 8
8392 81
8393 15
8394 99
8395 78
8396 44
8397 37
8398 24
8399 86
8400 33
8401 38
8402 13
8403 114
8404 113
8405 76
8406 13
8407 196
8408 960
8409 39
8410 27
8411 33
8412 128
8413 87
8414 33
8415 114
8416 118
8417 8
8418 27
8419 16
8420 31
8421 202
8422 217
8423 24
8424 104
8425 31
8426 196
8427 3
8428 104
8429 201
8430 137
8431 807
8432 213
8433 79
8434 2
8435 68
8436 114
8437 114
8438 23
8439 16
8440 75
8441 79
8442 16
8443 46
8444 49
8445 103
8446 119
8447 13
8448 75
8449 13
8450 137
8451 92
8452 27
8453 13
8454 27
8455 32
8456 44
8457 103
8458 56
8459 196
8460 206
8461 21
8462 33
8463 100
8464 87
8465 56
8466 33
8467 114
8468 13
8469 25
8470 23
8471 27
8472 10
8473 8
8474 27
8475 16
8476 76
8477 34
8478 206
8479 1450
8480 3
8481 52
8482 119
8483 221
8484 13
8485 51
8486 73
8487 31
8488 184
8489 25
8490 25
8491 203
8492 80
8493 3
8494 34
8495 8
8496 15
8497 2
8498 92
8499 24
8500 21
8501 11
8502 131
8503 86
8504 119
8505 51
8506 47
8507 11
8508 13
8509 92
8510 143
8511 87
8512 807
8513 31
8514 110
8515 134
8516 68
8517 73
8518 47
8519 87
8520 231
8521 74
8522 4
8523 203
8524 21
8525 73
8526 1212
8527 78
8528 118
8529 114
8530 212
8531 202
8532 16
8533 120
8534 23
8535 75
8536 68
8537 1451
8538 75
8539 92
8540 55
8541 86
8542 137
8543 103
8544 975
8545 103
8546 16
8547 16
8548 100
8549 63
8550 105
8551 201
8552 217
8553 975
8554 784
8555 68
8556 202
8557 206
8558 41
8559 104
8560 31
8561 17
8562 32
8563 120
8564 4
8565 13
8566 120
8567 145
8568 4
8569 39
8570 16
8571 173
8572 61
8573 37
8574 206
8575 3
8576 120
8577 218
8578 893
8579 143
8580 75
8581 13
8582 36
8583 25
8584 15
8585 92
8586 8
8587 76
8588 86
8589 41
8590 75
8591 8
8592 13
8593 82
8594 75
8595 75
8596 213
8597 75
8598 82
8599 120
8600 86
8601 75
8602 119
8603 36
8604 11
8605 39
8606 44
8607 140
8608 23
8609 13
8610 76
8611 208
8612 114
8613 119
8614 47
8615 4
8616 8
8617 99
8618 132
8619 27
8620 113
8621 44
8622 8
8623 883
8624 127
8625 16
8626 76
8627 206
8628 33
8629 134
8630 32
8631 24
8632 114
8633 1479
8634 100
8635 101
8636 75
8637 128
8638 13
8639 766
8640 217
8641 63
8642 100
8643 9
8644 16
8645 21
8646 17
8647 37
8648 59
8649 41
8650 73
8651 184
8652 49
8653 75
8654 75
8655 76
8656 1512
8657 213
8658 99
8659 16
8660 134
8661 102
8662 231
8663 146
8664 213
8665 37
8666 23
8667 120
8668 1517
8669 13
8670 4
8671 3
8672 100
8673 27
8674 4
8675 49
8676 131
8677 9
8678 75
8679 68
8680 105
8681 13
8682 78
8683 13
8684 31
8685 100
8686 114
8687 151
8688 137
8689 77
8690 4
8691 789
8692 86
8693 76
8694 75
8695 8
8696 5
8697 100
8698 23
8699 49
8700 27
8701 76
8702 87
8703 87
8704 51
8705 202
8706 100
8707 1453
8708 126
8709 122
8710 105
8711 51
8712 154
8713 131
8714 888
8715 75
8716 146
8717 41
8718 205
8719 221
8720 13
8721 100
8722 1492
8723 64
8724 119
8725 51
8726 103
8727 87
8728 113
8729 100
8730 33
8731 143
8732 76
8733 37
8734 47
8735 100
8736 201
8737 56
8738 75
8739 137
8740 103
8741 1490
8742 114
8743 75
8744 149
8745 33
8746 92
8747 16
8748 26
8749 1212
8750 217
8751 76
8752 202
8753 1046
8754 87
8755 100
8756 206
8757 97
8758 5
8759 49
8760 231
8761 21
8762 202
8763 104
8764 15
8765 114
8766 47
8767 31
8768 75
8769 16
8770 120
8771 118
8772 16
8773 82
8774 100
8775 52
8776 24
8777 4
8778 80
8779 114
8780 4
8781 172
8782 100
8783 13
8784 33
8785 47
8786 122
8787 32
8788 110
8789 137
8790 51
8791 33
8792 8
8793 156
8794 58
8795 24
8796 87
8797 139
8798 4
8799 1143
8800 113
8801 21
8802 34
8803 17
8804 100
8805 212
8806 139
8807 8
8808 139
8809 960
8810 156
8811 3
8812 75
8813 137
8814 51
8815 15
8816 51
8817 13
8818 102
8819 75
8820 113
8821 81
8822 100
8823 36
8824 73
8825 203
8826 51
8827 3
8828 763
8829 4
8830 113
8831 208
8832 151
8833 31
8834 101
8835 100
8836 16
8837 13
8838 134
8839 87
8840 176
8841 149
8842 8
8843 76
8844 82
8845 86
8846 208
8847 1143
8848 114
8849 4
8850 49
8851 17
8852 119
8853 119
8854 113
8855 131
8856 86
8857 1212
8858 68
8859 47
8860 1280
8861 1174
8862 13
8863 13
8864 87
8865 24
8866 110
8867 131
8868 134
8869 81
8870 119
8871 100
8872 8
8873 154
8874 76
8875 75
8876 76
8877 82
8878 4
8879 87
8880 100
8881 3
8882 87
8883 41
8884 4
8885 807
8886 75
8887 120
8888 74
8889 75
8890 88
8891 4
8892 784
8893 146
8894 76
8895 105
