18970 14
18971 1578
18972 104
18973 104
18974 904
18975 104
18976 1582
18977 175
18978 916
18979 916
18980 904
18981 916
18982 175
18983 175
18984 916
18985 14
18986 916
18987 886
18988 893
18989 884
18990 110
18991 893
18992 1075
18993 1212
18994 175
18995 904
18996 76
18997 1672
18998 25
18999 916
19000 36
19001 110
19002 175
19003 904
19004 25
19005 884
19006 1107
19007 25
19008 76
19009 1308
19010 1086
19011 1203
19012 1107
19013 104
19014 884
19015 1107
19016 31
19017 605
19018 1493
19019 1493
19020 25
19021 1493
19022 8
19023 1493
19024 904
19025 904
19026 1493
19027 904
19028 916
19029 33
19030 916
19031 175
19032 904
19033 1086
19034 884
19035 31
19036 104
19037 36
19038 36
19039 31
19040 884
19041 36
19042 1084
19043 31
19044 1086
19045 104
19046 884
19047 886
19048 1104
19049 8
19050 886
19051 14
19052 31
19053 104
19054 1303
19055 904
19056 31
19057 1107
19058 48
19059 1107
19060 31
19061 886
19062 31
19063 31
19064 884
19065 241
19066 110
19067 110
19068 31
19069 884
19070 891
19071 31
19072 828
19073 104
19074 31
19075 31
19076 104
19077 31
19078 1494
19079 1609
19080 31
19081 1494
19082 1494
19083 104
19084 104
19085 1494
19086 907
19087 25
19088 1494
19089 884
19090 886
19091 1494
19092 884
19093 175
19094 828
19095 104
19096 1494
19097 104
19098 172
19099 890
19100 884
19101 1454
19102 104
19103 886
19104 104
19105 1303
19106 31
19107 1494
19108 104
19109 31
19110 1494
19111 104
19112 104
19113 104
19114 104
19115 104
19116 104
19117 884
19118 1494
19119 1107
19120 31
19121 4
19122 104
19123 4
19124 889
19125 4
19126 904
19127 4
19128 31
19129 1494
19130 1493
19131 1493
19132 884
19133 175
19134 104
19135 896
19136 786
19137 886
19138 884
19139 916
19140 104
19141 1079
19142 1307
19143 104
19144 1311
19145 904
19146 786
19147 1107
19148 25
19149 31
19150 104
19151 104
19152 884
19153 1493
19154 884
19155 104
19156 786
19157 31
19158 1086
19159 884
19160 14
19161 104
19162 104
19163 10
19164 31
19165 25
19166 884
19167 25
19168 891
19169 172
19170 884
19171 40
19172 104
19173 175
19174 1294
19175 25
19176 884
19177 1126
19178 76
19179 8
19180 1311
19181 76
19182 76
19183 104
19184 76
19185 76
19186 76
19187 76
19188 907
19189 76
19190 889
19191 76
19192 76
19193 76
19194 76
19195 76
19196 76
19197 1307
19198 76
19199 76
19200 76
19201 76
19202 8
19203 889
19204 76
19205 76
19206 76
19207 907
19208 76
19209 76
19210 891
19211 76
19212 25
19213 104
19214 76
19215 31
19216 104
19217 76
19218 89
19219 76
19220 76
19221 891
19222 1494
19223 76
19224 76
19225 76
19226 76
19227 31
19228 76
19229 884
19230 76
19231 884
19232 104
19233 104
19234 76
19235 76
19236 76
19237 76
19238 76
19239 1307
19240 89
19241 76
19242 76
19243 76
19244 76
19245 104
19246 1307
19247 76
19248 76
19249 916
19250 76
19251 76
19252 31
19253 76
19254 76
19255 76
19256 76
19257 884
19258 76
19259 76
19260 76
19261 76
19262 884
19263 31
19264 31
19265 76
19266 110
19267 76
19268 76
19269 76
19270 786
19271 76
19272 1307
19273 76
19274 76
19275 76
19276 76
19277 76
19278 76
19279 1494
19280 76
19281 1673
19282 76
19283 1582
19284 76
19285 76
19286 76
19287 76
19288 76
19289 76
19290 884
19291 76
19292 76
19293 31
19294 891
19295 31
19296 1075
19297 31
19298 76
19299 907
19300 1086
19301 1086
19302 893
19303 786
19304 76
19305 76
19306 76
19307 104
19308 76
19309 110
19310 76
19311 155
19312 76
19313 175
19314 76
19315 31
19316 76
19317 25
19318 76
19319 155
19320 31
19321 884
19322 76
19323 76
19324 175
19325 31
19326 904
19327 1126
19328 104
19329 31
19330 104
19331 1107
19332 76
19333 104
19334 31
19335 31
19336 48
19337 31
19338 31
19339 31
19340 76
19341 76
19342 1674
19343 31
19344 172
19345 155
19346 40
19347 76
19348 104
19349 31
19350 76
19351 891
19352 104
19353 886
19354 31
19355 902
19356 104
19357 272
19358 76
19359 891
19360 786
19361 76
19362 77
19363 175
19364 104
19365 1307
19366 76
19367 104
19368 172
19369 104
19370 104
19371 104
19372 104
19373 104
19374 76
19375 884
19376 1311
19377 891
19378 175
19379 31
19380 175
19381 175
19382 175
19383 110
19384 1107
19385 175
19386 31
19387 31
19388 76
19389 104
19390 76
19391 175
19392 175
19393 36
19394 175
19395 889
19396 104
19397 175
19398 76
19399 884
19400 175
19401 104
19402 106
19403 175
19404 175
19405 104
19406 104
19407 104
19408 104
19409 104
19410 1307
19411 175
19412 76
19413 104
19414 886
19415 1494
19416 175
19417 104
19418 175
19419 104
19420 89
19421 1307
19422 175
19423 175
19424 1311
19425 175
19426 31
19427 884
19428 175
19429 1126
19430 175
19431 104
19432 104
19433 104
19434 104
19435 104
19436 175
19437 31
19438 104
19439 884
19440 1311
19441 104
19442 886
19443 175
19444 175
19445 175
19446 106
19447 31
19448 1311
19449 1107
19450 104
19451 31
19452 104
19453 3
19454 104
19455 1075
19456 175
19457 104
19458 104
19459 104
19460 175
19461 104
19462 104
19463 31
19464 31
19465 104
19466 104
19467 886
19468 104
19469 104
19470 31
19471 104
19472 1104
19473 104
19474 175
19475 175
19476 175
19477 76
19478 76
19479 104
19480 104
19481 1104
19482 76
19483 890
19484 76
19485 76
19486 76
19487 76
19488 916
19489 1307
19490 884
19491 36
19492 104
19493 1107
19494 1212
19495 1307
19496 56
19497 889
19498 884
19499 55
19500 104
19501 36
19502 89
19503 89
19504 1126
19505 175
19506 8
19507 31
19508 890
19509 891
19510 893
19511 1107
19512 1676
19513 886
19514 104
19515 104
19516 104
19517 1677
19518 104
19519 891
19520 104
19521 184
19522 104
19523 1678
19524 889
19525 188
19526 1679
19527 104
19528 184
19529 104
19530 104
19531 184
19532 184
19533 1494
19534 1107
19535 1107
19536 104
19537 1680
19538 902
19539 129
19540 104
19541 40
19542 884
19543 104
19544 1126
19545 104
19546 890
19547 1502
19548 890
19549 155
19550 1494
19551 1571
19552 8
19553 31
19554 31
19555 891
19556 1311
19557 175
19558 904
19559 889
19560 175
19561 104
19562 175
19563 904
19564 104
19565 886
19566 48
19567 886
19568 1311
19569 104
19570 104
19571 104
19572 110
19573 1303
19574 31
19575 1311
19576 1311
19577 104
19578 1311
19579 1311
19580 1311
19581 104
19582 1311
19583 104
19584 104
19585 104
19586 1493
19587 31
19588 31
19589 1307
19590 1311
19591 1311
19592 94
19593 104
19594 898
19595 104
19596 104
19597 104
19598 172
19599 1494
19600 172
19601 891
19602 48
19603 104
19604 77
19605 76
19606 104
19607 172
19608 1311
19609 104
19610 31
19611 14
19612 172
19613 1107
19614 1107
19615 175
19616 902
19617 104
19618 104
19619 110
19620 104
19621 1107
19622 48
19623 104
19624 1311
19625 175
19626 40
19627 175
19628 77
19629 1126
19630 1086
19631 172
19632 104
19633 104
19634 828
19635 893
19636 175
19637 1307
19638 181
19639 886
19640 893
19641 886
19642 1578
19643 1311
19644 31
19645 52
19646 31
19647 1307
19648 76
19649 889
19650 175
19651 1212
19652 25
19653 25
19654 1311
19655 1212
19656 1212
19657 1504
19658 25
19659 1504
19660 25
19661 884
19662 110
19663 605
19664 25
19665 25
19666 916
19667 25
19668 25
19669 25
19670 25
19671 104
19672 25
19673 25
19674 104
19675 904
19676 104
19677 104
19678 104
19679 104
19680 104
19681 1311
19682 76
19683 1107
19684 1615
19685 25
19686 1214
19687 25
19688 1504
19689 25
19690 104
19691 1107
19692 7
19693 104
19694 89
19695 1086
19696 181
19697 25
19698 1311
19699 1311
19700 31
19701 1494
19702 1107
19703 1494
19704 893
19705 25
19706 904
19707 889
19708 25
19709 163
19710 25
19711 25
19712 104
19713 104
19714 14
19715 104
19716 25
19717 129
19718 25
19719 1214
19720 893
19721 1307
19722 890
19723 110
19724 889
19725 25
19726 104
19727 94
19728 7
19729 104
19730 1084
19731 1084
19732 104
19733 25
19734 1084
19735 1214
19736 181
19737 1084
19738 104
19739 104
19740 1493
19741 786
19742 886
19743 893
19744 104
19745 267
19746 25
19747 25
19748 890
19749 1084
19750 1084
19751 1084
19752 163
19753 25
19754 25
19755 1084
19756 241
19757 184
19758 1107
19759 267
19760 1084
19761 184
19762 1214
19763 1084
19764 890
19765 104
19766 31
19767 1084
19768 214
19769 3
19770 36
19771 241
19772 886
19773 31
19774 31
19775 1126
19776 172
19777 25
19778 25
19779 25
19780 1084
19781 31
19782 1214
19783 1086
19784 188
19785 48
19786 889
19787 889
19788 267
19789 889
19790 172
19791 1084
19792 1084
19793 1084
19794 1084
19795 1084
19796 1084
19797 1084
19798 1311
19799 1307
19800 1086
19801 1086
19802 31
19803 1086
19804 886
19805 1084
19806 155
19807 1311
19808 1084
19809 12
19810 886
19811 1084
19812 1084
19813 104
19814 1107
19815 1084
19816 134
19817 31
19818 1084
19819 1431
19820 25
19821 12
19822 25
19823 1086
19824 1307
19825 104
19826 12
19827 1107
19828 1107
19829 1084
19830 886
19831 1431
19832 1615
19833 110
19834 1084
19835 175
19836 267
19837 886
19838 25
19839 1307
19840 1084
19841 31
19842 1214
19843 1104
19844 1084
19845 886
19846 12
19847 1311
19848 12
19849 12
19850 12
19851 12
19852 12
19853 12
19854 12
19855 12
19856 12
19857 12
19858 12
19859 12
19860 12
19861 12
19862 12
19863 12
19864 1214
19865 12
19866 12
19867 12
19868 12
19869 258
19870 886
19871 104
19872 12
19873 12
19874 12
19875 12
19876 12
19877 12
19878 12
19879 12
19880 12
19881 12
19882 12
19883 12
19884 12
19885 12
19886 12
19887 1086
19888 12
19889 12
19890 31
19891 12
19892 12
19893 12
19894 12
19895 12
19896 12
19897 12
19898 12
19899 106
19900 12
19901 12
19902 12
19903 12
19904 104
19905 12
19906 12
19907 295
19908 12
19909 12
19910 12
19911 886
19912 12
19913 31
19914 12
19915 12
19916 12
19917 12
19918 12
19919 12
19920 12
19921 12
19922 1086
19923 12
19924 12
19925 12
19926 12
19927 110
19928 172
19929 1086
19930 1086
19931 886
19932 1086
19933 258
19934 267
19935 12
19936 3
19937 12
19938 12
19939 155
19940 110
19941 12
19942 1086
19943 12
19944 12
19945 1214
19946 1084
19947 12
19948 12
19949 12
19950 886
19951 31
19952 1084
19953 1086
19954 886
19955 12
19956 916
19957 104
19958 12
19959 12
19960 1214
19961 12
19962 48
19963 12
19964 896
19965 12
19966 12
19967 12
19968 12
19969 893
19970 12
19971 12
19972 12
19973 12
19974 12
19975 12
19976 238
19977 886
19978 921
19979 12
19980 31
19981 77
19982 12
19983 886
19984 884
19985 12
19986 12
19987 12
19988 1104
19989 55
19990 12
19991 12
19992 1214
19993 267
19994 12
19995 12
19996 884
19997 886
19998 12
19999 12
20000 886
20001 12
20002 12
20003 1086
20004 893
20005 12
20006 1086
20007 12
20008 1084
20009 272
20010 12
20011 12
20012 12
20013 1086
20014 31
20015 1311
20016 163
20017 12
20018 12
20019 12
20020 1086
20021 12
20022 28
20023 12
20024 12
20025 104
20026 1107
20027 31
20028 12
20029 886
20030 55
20031 1494
20032 12
20033 1407
20034 12
20035 12
20036 12
20037 1107
20038 1107
20039 31
20040 1086
20041 1086
20042 175
20043 12
20044 12
20045 12
20046 12
20047 31
20048 1086
20049 893
20050 786
20051 1107
20052 12
20053 295
20054 1214
20055 12
20056 12
20057 1431
20058 12
20059 904
20060 886
20061 12
20062 55
20063 104
20064 12
20065 12
20066 12
20067 12
20068 886
20069 1086
20070 272
20071 1086
20072 12
20073 680
20074 12
20075 12
20076 12
20077 181
20078 267
20079 181
20080 12
20081 902
20082 12
20083 12
20084 12
20085 12
20086 155
20087 181
20088 1546
20089 12
20090 7
20091 31
20092 12
20093 12
20094 891
20095 12
20096 12
20097 889
20098 12
20099 12
20100 12
20101 12
20102 48
20103 12
20104 12
20105 31
20106 1107
20107 12
20108 1454
20109 12
20110 12
20111 1084
20112 110
20113 12
20114 1685
20115 12
20116 1578
20117 12
20118 886
20119 1084
20120 1086
20121 1107
20122 12
20123 12
20124 1107
20125 1214
20126 1107
20127 48
20128 889
20129 89
20130 12
20131 1084
20132 1107
20133 1086
20134 12
20135 12
20136 1307
20137 1107
20138 12
20139 12
20140 31
20141 12
20142 12
20143 1203
20144 25
20145 891
20146 89
20147 532
20148 1203
20149 1107
20150 1307
20151 1084
20152 48
20153 110
20154 12
20155 12
20156 12
20157 12
20158 886
20159 889
20160 1086
20161 1107
20162 884
20163 1086
20164 1126
20165 1307
20166 1307
20167 12
20168 12
20169 12
20170 12
20171 1107
20172 155
20173 12
20174 12
20175 1494
20176 1307
20177 12
20178 110
20179 12
20180 182
20181 1107
20182 1107
20183 12
20184 12
20185 893
20186 893
20187 1107
20188 12
20189 12
20190 12
20191 12
20192 12
20193 12
20194 1107
20195 1107
20196 1086
20197 55
20198 893
20199 134
20200 12
20201 0
20202 786
20203 605
20204 1086
20205 12
20206 12
20207 1107
20208 40
20209 891
20210 12
20211 25
20212 12
20213 1311
20214 12
20215 40
20216 12
20217 12
20218 40
20219 12
20220 12
20221 1084
20222 31
20223 893
20224 1107
20225 40
20226 40
20227 532
20228 12
20229 891
20230 48
20231 175
20232 1086
20233 55
20234 175
20235 40
20236 605
20237 48
20238 891
20239 31
20240 12
20241 12
20242 40
20243 907
20244 175
20245 181
20246 893
20247 1107
20248 605
20249 12
20250 40
20251 12
20252 40
20253 1084
20254 889
20255 40
20256 1107
20257 272
20258 173
20259 1682
20260 28
20261 104
20262 1307
20263 104
20264 173
20265 886
20266 40
20267 886
20268 886
20269 886
20270 210
20271 40
20272 12
20273 12
20274 1107
20275 886
20276 40
20277 40
20278 904
20279 886
20280 1494
20281 12
20282 884
20283 886
20284 1494
20285 1086
20286 886
20287 40
20288 1126
20289 1494
20290 1107
20291 31
20292 40
20293 82
20294 1494
20295 1494
20296 181
20297 1494
20298 886
20299 1494
20300 1494
20301 1107
20302 1494
20303 181
20304 1494
20305 1107
20306 40
20307 1494
20308 1494
20309 1494
20310 886
20311 889
20312 1086
20313 1494
20314 1107
20315 40
20316 1086
20317 1086
20318 1494
20319 1494
20320 1494
20321 40
20322 1086
20323 1086
20324 1086
20325 40
20326 1494
20327 886
20328 181
20329 181
20330 55
20331 1086
20332 916
20333 1307
20334 1494
20335 886
20336 181
20337 40
20338 1494
20339 891
20340 12
20341 1086
20342 40
20343 12
20344 1203
20345 104
20346 104
20347 1307
20348 40
20349 1494
20350 40
20351 1505
20352 886
20353 40
20354 904
20355 1195
20356 1494
20357 181
20358 1494
20359 1494
20360 889
20361 886
20362 1494
20363 886
20364 12
20365 12
20366 1086
20367 181
20368 104
20369 238
20370 1494
20371 1086
20372 1494
20373 889
20374 1104
20375 1663
20376 1203
20377 12
20378 1494
20379 181
20380 181
20381 25
20382 188
20383 184
20384 886
20385 104
20386 1086
20387 77
20388 12
20389 893
20390 175
20391 25
20392 12
20393 182
20394 181
20395 1086
20396 12
20397 181
20398 1086
20399 181
20400 104
20401 181
20402 12
20403 886
20404 1494
20405 1494
20406 1494
20407 12
20408 886
20409 181
20410 12
20411 1686
20412 1104
20413 104
20414 1084
20415 605
20416 14
20417 886
20418 1494
20419 181
20420 238
20421 12
20422 181
20423 175
20424 1505
20425 175
20426 175
20427 175
20428 1687
20429 267
20430 1126
20431 1307
20432 175
20433 1086
20434 175
20435 104
20436 1494
20437 1494
20438 89
20439 1494
20440 1494
20441 907
20442 12
20443 55
20444 181
20445 12
20446 1494
20447 1494
20448 104
20449 12
20450 1494
20451 886
20452 175
20453 12
20454 12
20455 155
20456 916
20457 12
20458 181
20459 104
20460 1494
20461 104
20462 181
20463 77
20464 1494
20465 1494
20466 12
20467 175
20468 175
20469 12
20470 891
20471 181
20472 175
20473 1494
20474 104
20475 889
20476 104
20477 12
20478 1681
20479 181
20480 1494
20481 181
20482 605
20483 605
20484 1688
20485 55
20486 55
20487 12
20488 1494
20489 1689
20490 3
20491 1494
20492 893
20493 1494
20494 1494
20495 1494
20496 904
20497 104
20498 31
20499 605
20500 891
20501 175
20502 886
20503 1307
20504 181
20505 891
20506 1494
20507 1494
20508 1494
20509 1494
20510 31
20511 1086
20512 175
20513 181
20514 1494
20515 893
20516 1086
20517 1494
20518 181
20519 605
20520 605
20521 889
20522 1494
20523 1494
20524 886
20525 181
20526 1494
20527 104
20528 181
20529 104
20530 31
20531 1494
20532 181
20533 1690
20534 1494
20535 181
20536 104
20537 891
20538 886
20539 1494
20540 889
20541 110
20542 1494
20543 1494
20544 1494
20545 181
20546 181
20547 1303
20548 12
20549 1086
20550 886
20551 680
20552 110
20553 1691
20554 891
20555 1086
20556 891
20557 680
20558 1303
20559 1494
20560 31
20561 1494
20562 1494
20563 1307
20564 1307
20565 173
20566 1494
20567 100
20568 891
20569 889
20570 181
20571 12
20572 238
20573 893
20574 896
20575 891
20576 31
20577 89
20578 89
20579 1663
20580 241
20581 893
20582 31
20583 1086
20584 1692
20585 889
20586 181
20587 907
20588 1307
20589 1303
20590 889
20591 1086
20592 1086
20593 1086
20594 1086
20595 1086
20596 55
20597 799
20598 238
20599 1502
20600 799
20601 36
20602 36
20603 36
20604 104
20605 896
20606 12
20607 1126
20608 1294
20609 1307
20610 181
20611 110
20612 110
20613 104
20614 1693
20615 1582
20616 110
20617 605
20618 890
20619 181
20620 12
20621 889
20622 1079
20623 12
20624 40
20625 889
20626 1195
20627 110
20628 1086
20629 55
20630 163
20631 12
20632 110
20633 12
20634 916
20635 893
20636 241
20637 1126
20638 175
20639 680
20640 889
20641 889
20642 55
20643 1684
20644 1126
20645 799
20646 181
20647 1126
20648 605
20649 55
20650 891
20651 890
20652 31
20653 889
20654 175
20655 77
20656 104
20657 110
20658 14
20659 55
20660 31
20661 1075
20662 1683
20663 1694
20664 181
20665 31
20666 106
20667 1494
20668 104
20669 11
20670 786
20671 11
20672 33
20673 77
20674 1075
20675 12
20676 175
20677 175
20678 175
20679 1494
20680 1503
20681 1099
20682 11
20683 110
20684 11
20685 11
20686 799
20687 1695
20688 916
20689 1104
20690 1104
20691 1104
20692 1104
20693 893
20694 886
20695 110
20696 916
20697 1494
20698 916
20699 1494
20700 891
20701 48
20702 916
20703 12
20704 916
20705 916
20706 916
20707 916
20708 916
20709 916
20710 916
20711 916
20712 916
20713 916
20714 916
20715 916
20716 916
20717 916
20718 891
20719 1675
20720 188
20721 916
20722 916
20723 893
20724 916
20725 916
20726 916
20727 11
20728 916
20729 916
20730 916
20731 916
20732 916
20733 916
20734 916
20735 916
20736 916
20737 916
20738 893
20739 916
20740 916
20741 181
20742 916
20743 916
20744 916
20745 916
20746 1126
20747 916
20748 1104
20749 916
20750 1104
20751 916
20752 916
20753 1494
20754 1494
20755 916
20756 1494
20757 916
20758 916
20759 916
20760 916
20761 916
20762 1494
20763 36
20764 916
20765 1104
20766 1104
20767 916
20768 916
20769 916
20770 1104
20771 916
20772 916
20773 916
20774 36
20775 916
20776 916
20777 916
20778 1104
20779 175
20780 916
20781 916
20782 1104
20783 886
20784 110
20785 155
20786 799
20787 1104
20788 1104
20789 1104
20790 916
20791 1104
20792 238
20793 1104
20794 916
20795 886
20796 1104
20797 1311
20798 916
20799 916
20800 1696
20801 1104
20802 886
20803 896
20804 916
20805 1104
20806 1075
20807 1104
20808 916
20809 1104
20810 916
20811 1104
20812 916
20813 916
20814 1307
20815 916
20816 916
20817 916
20818 916
20819 916
20820 916
20821 11
20822 886
20823 172
20824 1104
20825 1104
20826 110
20827 1104
20828 916
20829 1126
20830 1104
20831 1075
20832 916
20833 916
20834 14
20835 1104
20836 916
20837 1407
20838 916
20839 916
20840 916
20841 916
20842 916
20843 916
20844 1104
20845 1104
20846 1697
20847 916
20848 916
20849 886
20850 916
20851 916
20852 89
20853 916
20854 916
20855 891
20856 1494
20857 896
20858 916
20859 916
20860 916
20861 916
20862 916
20863 799
20864 1609
20865 916
20866 916
