5568 189
5569 31
5570 37
5571 121
5572 44
5573 17
5574 1045
5575 99
5576 76
5577 1625
5578 99
5579 21
5580 116
5581 11
5582 34
5583 1631
5584 154
5585 982
5586 47
5587 11
5588 1631
5589 3
5590 55
5591 13
5592 1636
5593 34
5594 155
5595 13
5596 141
5597 112
5598 8
5599 189
5600 74
5601 37
5602 123
5603 3
5604 55
5605 119
5606 148
5607 79
5608 21
5609 32
5610 982
5611 26
5612 74
5613 13
5614 99
5615 64
5616 74
5617 654
5618 1707
5619 41
5620 31
5621 44
5622 141
5623 47
5624 26
5625 72
5626 86
5627 80
5628 31
5629 113
5630 21
5631 74
5632 24
5633 21
5634 112
5635 64
5636 37
5637 34
5638 13
5639 1628
5640 41
5641 1045
5642 140
5643 49
5644 140
5645 118
5646 8
5647 99
5648 32
5649 59
5650 23
5651 1077
5652 101
5653 101
5654 74
5655 132
5656 113
5657 146
5658 148
5659 1709
5660 83
5661 87
5662 72
5663 129
5664 33
5665 13
5666 140
5667 68
5668 119
5669 101
5670 81
5671 37
5672 75
5673 113
5674 132
5675 1710
5676 99
5677 81
5678 13
5679 119
5680 13
5681 1711
5682 99
5683 116
5684 116
5685 25
5686 100
5687 56
5688 37
5689 4
5690 13
5691 8
5692 47
5693 9
5694 113
5695 55
5696 99
5697 23
5698 38
5699 31
5700 68
5701 41
5702 1077
5703 74
5704 33
5705 24
5706 109
5707 982
5708 74
5709 75
5710 63
5711 47
5712 16
5713 13
5714 1625
5715 189
5716 8
5717 13
5718 99
5719 13
5720 104
5721 23
5722 654
5723 3
5724 3
5725 119
5726 8
5727 23
5728 88
5729 21
5730 11
5731 13
5732 68
5733 31
5734 25
5735 132
5736 80
5737 8
5738 86
5739 109
5740 81
5741 17
5742 86
5743 85
5744 11
5745 100
5746 1077
5747 1688
5748 49
5749 41
5750 933
5751 39
5752 34
5753 148
5754 123
5755 143
5756 21
5757 129
5758 23
5759 75
5760 74
5761 74
5762 146
5763 11
5764 23
5765 141
5766 13
5767 118
5768 68
5769 72
5770 1713
5771 16
5772 125
5773 77
5774 113
5775 132
5776 32
5777 85
5778 75
5779 137
5780 1259
5781 74
5782 3
5783 112
5784 13
5785 74
5786 75
5787 3
5788 47
5789 119
5790 39
5791 81
5792 99
5793 55
5794 141
5795 44
5796 1688
5797 39
5798 116
5799 3
5800 9
5801 8
5802 8
5803 37
5804 16
5805 44
5806 3
5807 80
5808 119
5809 34
5810 77
5811 15
5812 13
5813 77
5814 99
5815 1625
5816 64
5817 77
5818 132
5819 11
5820 27
5821 118
5822 154
5823 99
5824 933
5825 36
5826 1636
5827 148
5828 25
5829 81
5830 939
5831 24
5832 13
5833 1259
5834 132
5835 11
5836 5
5837 9
5838 13
5839 81
5840 146
5841 23
5842 32
5843 132
5844 154
5845 155
5846 31
5847 74
5848 85
5849 146
5850 91
5851 27
5852 37
5853 154
5854 81
5855 58
5856 31
5857 104
5858 1689
5859 32
5860 99
5861 132
5862 55
5863 74
5864 13
5865 38
5866 86
5867 189
5868 13
5869 132
5870 81
5871 155
5872 33
5873 23
5874 9
5875 33
5876 78
5877 8
5878 99
5879 26
5880 31
5881 81
5882 68
5883 132
5884 9
5885 80
5886 13
5887 31
5888 3
5889 4
5890 79
5891 132
5892 17
5893 49
5894 37
5895 148
5896 8
5897 100
5898 39
5899 49
5900 13
5901 13
5902 141
5903 100
5904 36
5905 41
5906 99
5907 11
5908 55
5909 100
5910 74
5911 125
5912 17
5913 81
5914 68
5915 85
5916 123
5917 99
5918 101
5919 8
5920 8
5921 81
5922 74
5923 1276
5924 140
5925 34
5926 23
5927 118
5928 9
5929 1705
5930 116
5931 119
5932 113
5933 118
5934 49
5935 3
5936 141
5937 16
5938 38
5939 104
5940 81
5941 39
5942 39
5943 119
5944 86
5945 101
5946 80
5947 8
5948 33
5949 80
5950 34
5951 25
5952 9
5953 74
5954 25
5955 13
5956 8
5957 96
5958 75
5959 44
5960 113
5961 74
5962 3
5963 27
5964 4
5965 99
5966 85
5967 34
5968 8
5969 86
5970 13
5971 13
5972 74
5973 1606
5974 1276
5975 8
5976 8
5977 37
5978 33
5979 33
5980 146
5981 58
5982 32
5983 129
5984 75
5985 32
5986 75
5987 86
5988 112
5989 100
5990 3
5991 1012
5992 113
5993 75
5994 13
5995 118
5996 85
5997 58
5998 74
5999 74
6000 13
6001 33
6002 49
6003 119
6004 37
6005 37
6006 41
6007 79
6008 27
6009 34
6010 1628
6011 153
6012 41
6013 39
6014 9
6015 31
6016 11
6017 80
6018 11
6019 101
6020 32
6021 4
6022 27
6023 31
6024 113
6025 99
6026 74
6027 132
6028 27
6029 113
6030 4
6031 74
6032 933
6033 13
6034 8
6035 85
6036 91
6037 99
6038 34
6039 56
6040 74
6041 939
6042 13
6043 31
6044 24
6045 99
6046 49
6047 1714
6048 129
6049 81
6050 113
6051 112
6052 1045
6053 47
6054 872
6055 55
6056 38
6057 72
6058 100
6059 13
6060 99
6061 189
6062 34
6063 3
6064 112
6065 26
6066 100
6067 140
6068 8
6069 25
6070 13
6071 31
6072 33
6073 104
6074 17
6075 112
6076 1636
6077 39
6078 155
6079 86
6080 15
6081 16
6082 4
6083 141
6084 63
6085 72
6086 8
6087 77
6088 1628
6089 982
6090 47
6091 34
6092 85
6093 112
6094 79
6095 121
6096 132
6097 116
6098 23
6099 8
6100 3
6101 132
6102 123
6103 8
6104 74
6105 1631
6106 31
6107 13
6108 33
6109 140
6110 112
6111 86
6112 125
6113 119
6114 112
6115 121
6116 41
6117 55
6118 99
6119 83
6120 36
6121 3
6122 872
6123 15
6124 39
6125 99
6126 189
6127 75
6128 129
6129 1689
6130 76
6131 1708
6132 51
6133 38
6134 118
6135 8
6136 1712
6137 140
6138 88
6139 104
6140 104
6141 86
6142 74
6143 26
6144 81
6145 99
6146 13
6147 72
6148 132
6149 41
6150 27
6151 17
6152 5
6153 72
6154 13
6155 34
6156 74
6157 130
6158 25
6159 3
6160 33
6161 129
6162 24
6163 31
6164 32
6165 16
6166 23
6167 37
6168 88
6169 141
6170 79
6171 21
6172 36
6173 31
6174 76
6175 63
6176 86
6177 51
6178 55
6179 1706
6180 74
6181 140
6182 189
6183 39
6184 112
6185 118
6186 33
6187 13
6188 86
6189 118
6190 85
6191 74
6192 113
6193 118
6194 4
6195 13
6196 37
6197 49
6198 17
6199 116
6200 24
6201 113
6202 113
6203 9
6204 99
6205 96
6206 118
6207 72
6208 104
6209 56
6210 8
6211 75
6212 80
6213 77
6214 99
6215 8
6216 74
6217 13
6218 86
6219 47
6220 32
6221 8
6222 189
6223 113
6224 99
6225 119
6226 75
6227 64
6228 118
6229 64
6230 140
6231 119
6232 13
6233 141
6234 74
6235 80
6236 41
6237 41
6238 41
6239 13
6240 77
6241 23
6242 91
6243 86
6244 17
6245 8
6246 112
6247 113
6248 80
6249 32
6250 74
6251 16
6252 27
6253 3
6254 119
6255 87
6256 140
6257 99
6258 112
6259 113
6260 4
6261 44
6262 75
6263 72
