4395 1161
886 1227
4095 1226
936 1227
7273 1227
8093 33
5308 658
10228 1228
6888 1228
7151 1161
3936 1234
6216 1090
2918 1228
9364 1161
5513 1228
4339 1231
4744 1161
2449 1161
1146 1228
401 1226
3828 1231
1470 1161
1456 1231
1830 1234
6761 1090
10618 1161
1971 1090
2646 1235
7678 1236
5353 1237
5760 1090
4348 643
9419 1236
5419 1090
3973 1236
2790 1227
1186 1161
3227 1234
7301 1227
4113 1161
4379 1090
140 1228
6093 1228
2612 1161
1488 1226
6307 1226
5047 1161
4126 1228
3109 1228
970 1161
8171 1228
4213 643
3148 1226
2242 1234
5946 1161
3529 1226
651 1236
7816 1228
7278 1226
8022 1226
2849 1227
7604 1161
1043 1235
1336 1226
4497 1226
1845 1227
8580 1226
11044 1237
3269 1161
4653 1228
8225 1231
6791 1090
2949 1227
7676 1090
10506 1161
9921 1133
2787 1090
5736 1234
1839 643
9657 1228
2549 1226
4857 1227
7610 1161
1355 1226
5597 1231
3540 1226
3718 1161
3233 1090
1339 1231
7853 1090
5863 1090
11057 1161
10239 1237
419 1237
7367 1090
752 1226
4536 1161
9312 1235
9468 1133
6317 1090
1170 1231
4541 1161
9858 1228
9116 1228
6456 1369
5533 1161
7975 1226
2216 1227
8376 1234
9025 1161
2955 1161
3382 1227
5510 1226
6322 1226
3261 1228
9522 1228
7842 643
2933 1231
673 1231
2136 1226
2182 1228
3431 1161
2081 1226
8434 1133
1455 1234
6481 1237
4064 1227
8623 1344
7429 1090
6342 1231
4175 1090
5467 1161
862 643
5154 1090
8260 1236
1983 1227
9933 1231
4921 1228
5521 1236
1505 1228
9704 1079
10894 1228
8854 1228
3940 33
1345 1237
8036 1237
3290 1228
6502 1227
9693 1231
8267 1226
4091 1227
8305 1161
4737 1090
8404 1228
870 1227
3927 1090
10038 1231
1448 1228
2430 1231
8830 1231
770 1236
8121 1228
8820 1228
2113 1090
1960 1228
6110 1231
8200 1234
8821 1161
4922 1228
5219 1228
6152 1236
492 1227
53 1228
6212 1161
439 1226
7420 1231
2775 1090
2419 1226
7567 1236
10837 1161
1760 1090
1673 1234
7643 1227
1943 1228
7645 1236
2811 1231
2325 1228
7679 1226
1877 1235
2336 1234
4839 1236
304 1237
3938 643
1863 1235
1806 1090
6288 1226
3748 1237
6784 1236
2853 1231
1758 1236
322 1161
1430 1236
5075 1227
4683 1237
7064 1161
416 628
3471 1161
2056 1231
4469 1236
6662 1236
8326 1090
3736 1226
7485 1234
2691 1226
3311 1228
7331 1090
8888 1237
7544 1161
3675 1227
1161 1090
1968 1231
2824 1090
2995 1226
1712 1227
7986 1227
1458 1228
4957 1161
7148 1161
8770 1345
3354 1161
7630 643
6114 1228
3435 1161
7921 1227
8318 1237
7279 1226
3428 1161
1817 643
1033 1228
10436 1346
6680 1227
815 1226
325 1161
913 1226
9840 1228
8597 1226
1050 1228
5885 1234
6796 1226
8990 1231
5783 1228
3318 1227
9289 1161
3627 1237
7753 1236
4765 1231
7460 1090
8222 643
2387 1347
2884 1231
2653 1226
5335 1227
3207 1228
761 1090
2486 1227
5616 1227
2301 1236
668 1226
2696 1161
8080 1090
3586 1226
6844 1228
3717 1228
6862 1236
6527 1090
6968 1236
7714 1237
2822 1226
780 1228
2160 1090
2592 1226
10915 1231
2233 1161
5123 1237
7611 1227
1902 1228
9562 1228
4269 643
3002 1228
4323 1161
7758 1227
92 1234
4510 1226
5068 1231
2997 1090
2211 1227
6850 1090
7634 643
9181 1236
3247 1226
6 1235
4408 1227
9518 1228
1247 1237
8601 1090
5785 1226
9585 1161
757 1228
1049 1226
2426 1236
10581 1231
9177 1236
9221 1231
7732 1236
6483 1227
1706 1228
5165 1234
7330 1231
6311 1228
9936 1228
10657 1161
8440 1227
2812 1228
1239 1237
10352 1348
5949 1161
4590 1161
6705 1228
6895 1349
4360 1228
7213 1236
8457 1227
7859 1226
8082 1226
1690 1226
5910 1226
1870 1369
5169 1228
7706 1226
2567 1234
7206 1161
7077 1227
6250 1090
1025 1234
3458 1228
3732 1228
6601 1161
6338 1226
8163 1226
519 1236
9246 1228
7345 1226
10463 1236
7989 1228
1283 1227
820 1226
5378 1236
5627 1161
84 1237
7117 1235
4480 1236
854 1231
9212 1234
6291 1090
5265 1234
10932 1228
2715 1236
1908 1228
6019 1161
10598 1228
6248 1161
4848 1228
3668 1231
9786 1161
10549 1231
3369 1161
3378 1226
1575 1226
9001 1234
1873 1161
8538 1226
9009 1133
6040 1227
3019 1161
10513 1230
3104 1237
1400 1226
7428 1090
8066 1226
3144 1237
10690 1228
9294 1161
5961 1226
2347 1231
6142 1226
1362 1226
4980 1231
2679 1227
2582 1237
8119 1236
769 1227
5761 1226
8138 1075
2942 1090
1092 1228
6075 1231
7598 1226
7421 1227
941 1090
10498 1161
3664 1226
8321 1234
4940 1226
8954 1228
97 1236
4008 643
7257 1228
3034 1227
1457 1226
3105 1090
6235 1161
8183 1228
9667 1231
8869 1234
8345 1161
7450 1226
2107 1226
4087 1161
5373 1231
10188 1161
5922 1227
6548 1227
146 1228
5390 1228
8232 1228
897 1234
10675 1231
8521 1237
1162 1350
7652 1227
6156 1226
8800 1228
8545 1227
10686 1236
6051 1228
2119 1079
1546 1228
1492 1236
7525 1161
1899 1090
7735 1228
9803 1133
10284 1161
825 1237
4411 1228
6402 1226
9958 1133
2810 1230
6505 1226
227 1161
3450 1227
919 1236
1889 1230
1382 1161
530 1231
3808 1161
498 1226
172 1161
1407 1161
10071 1161
10164 1161
10759 1231
3291 1090
1281 1227
7647 1234
6714 1234
7965 1236
4725 1227
376 1237
3778 1234
8758 1236
6339 1237
4604 1226
5529 1228
4316 1161
6814 1236
6234 1090
6424 1090
7452 1090
3427 1351
8985 1228
10760 1236
4888 1234
2624 1226
1322 1161
5243 1235
8158 1226
8154 1228
5001 1228
10683 1161
4785 1226
242 1227
326 1236
3845 1161
5170 1227
4374 1090
7675 1231
5559 1231
3126 1227
9616 1228
8543 1227
6419 1234
3550 1228
21 658
5262 1161
762 1161
6460 1161
5781 1227
3612 828
4713 1227
2690 1228
1716 1226
7651 1161
2432 1228
8077 1161
6829 1090
9817 1228
8620 1228
2835 1090
1213 1236
1762 1079
4596 1228
2938 643
10009 1161
8316 1090
9597 1228
5428 1090
2338 1226
6818 1226
2448 1234
1179 1090
6104 643
8052 1236
4686 1228
5463 1226
2303 1228
6823 1228
6270 1237
367 1228
2538 1227
11000 1133
2285 1161
2243 1161
8392 1234
1768 1161
8728 1228
6715 1237
3473 1227
1078 1226
3478 1226
5437 1227
10199 1133
6265 1227
5008 1090
2427 1226
5988 1231
6281 1227
1651 1237
5497 1228
2046 1231
6935 1234
7008 1235
7794 1352
3152 1226
1576 1161
6681 33
7156 1227
4812 1227
9917 1234
6663 1234
8152 1090
1150 1228
3680 1226
4531 1161
6651 1236
9628 1236
7666 1237
1280 1228
9769 1228
2848 1090
2513 1230
616 1226
85 1226
2385 1226
2371 1227
8075 1228
3886 1231
2530 1234
3679 1228
7796 1234
9764 1231
3796 1226
203 1227
3681 1227
8055 1236
1397 1161
2128 1237
7052 1226
2365 1090
285 1237
6476 1226
8535 1226
279 1227
1997 1161
3048 1236
7482 1090
1463 1234
7044 1353
218 1090
4795 1231
575 1226
10819 1236
9042 21
5807 1234
6064 1228
4154 1090
10541 1133
3898 1090
3800 1231
8294 1228
1385 1161
7132 1226
4333 1226
5972 1227
4775 1226
4728 1236
6910 1236
2016 1231
252 1226
5026 1228
1330 1228
1020 1231
2481 1161
4684 1236
6031 1227
425 643
5708 1226
3998 1226
8696 1236
6042 1230
2412 1226
462 1161
1193 1236
9431 1234
2975 1228
1958 1161
1654 1237
10560 1228
5509 1161
698 1161
8231 1228
9029 1228
4626 1228
6320 1226
10596 1161
4464 1161
7157 1226
6358 1228
5567 1226
3050 1236
2337 1231
8448 1226
272 1090
206 1228
9245 1228
4158 1161
347 643
9262 1133
3854 1228
7838 1236
1349 1354
10089 835
10534 1235
205 1355
7888 1356
23 1357
2896 1358
8167 1359
6841 1360
8544 1361
10723 1235
634 948
6985 1362
1632 1235
4777 1235
10851 1363
