10808 1313
2693 1395
7586 612
8118 1395
6939 1313
1707 1313
6610 1398
1939 1399
5522 1317
2471 1399
3615 1317
2600 1399
660 1313
2235 1313
3356 1420
1564 1395
6023 1313
9191 1315
1552 1313
134 1398
11010 1317
3457 1313
9880 1293
5557 1313
3145 1313
10540 1313
422 1394
290 1315
10842 1313
4535 1398
4022 1317
5479 1395
297 1395
4361 1399
6508 1315
10774 1315
3330 1317
4127 1398
5131 1399
6655 1317
10833 1293
740 1317
7092 1313
5371 1399
2433 1317
2961 1313
3163 1398
3781 1313
3876 1313
652 1398
1476 1317
5817 1395
10142 1395
5205 1398
10134 1317
9000 1313
4800 1395
4559 1313
4995 1395
5524 1394
3832 1398
1048 1317
1185 1395
8217 1313
4581 1315
2386 1313
10178 1293
2178 1398
4687 612
10357 1398
4515 1399
4448 1317
3939 1398
5059 1313
1113 1398
7599 1317
2328 1315
10104 1395
1598 1394
7698 1395
1925 1399
10306 1313
6313 1313
10646 1313
452 612
4512 1315
8425 1313
1480 1402
9472 1313
866 1394
337 1399
7854 1398
8134 1313
5440 1398
6166 1317
2931 1317
6463 1313
3235 1313
3085 1313
9479 1395
6967 1313
9795 1317
89 1395
4572 1399
7049 1315
4389 1313
7785 809
1222 1399
9813 1313
10264 1313
2671 1317
2958 1395
10818 1395
4616 1313
6394 1317
10887 1395
6816 636
12 1398
9815 1395
402 1399
2606 1399
3871 1313
6071 1313
1525 1317
5166 1313
9435 1313
9828 1293
196 1313
9996 1293
1139 1313
405 1313
4718 1395
5155 1315
7250 1317
8666 1317
9631 1395
1105 938
1699 1398
1985 1313
245 1315
328 1399
4779 1315
3655 1313
3470 1399
5482 1317
5907 1398
8381 1395
7508 1315
191 1399
2864 1317
9660 1315
9871 1394
11051 1398
5810 1395
7982 1293
8942 1394
9543 1395
2059 1398
3764 1395
10090 1317
10401 1293
7405 1395
925 1313
3849 1313
5587 1398
4983 1317
9040 1317
11062 1395
2348 1398
949 1398
2726 1398
4907 1317
7399 1313
8922 1313
3564 1315
4955 1399
8608 1317
4733 1317
4757 1317
1913 1398
10890 1313
6650 1313
10023 1293
1661 1395
1227 1395
32 1313
8015 1395
1 1313
212 1317
3595 1315
4147 1313
10623 612
7883 1313
1826 1317
2269 1317
9632 1293
6405 1313
2263 1472
5228 1315
8604 1398
9274 1395
2331 1313
7788 1313
8534 1317
10460 1317
8060 1315
9150 1313
3537 1399
1275 1399
5744 1398
5264 1315
8045 1317
5595 1399
420 1317
4861 1473
5073 1399
9806 1293
3682 1313
9314 1313
333 1315
2501 1399
10058 1395
219 1313
3418 1399
5471 1474
9673 1315
3248 1317
4398 1313
5569 1313
3443 1313
6846 1313
5846 1313
6847 1317
7062 1395
8767 1313
4640 1313
1237 1317
7776 1313
5246 1317
9098 1317
3406 1313
3915 1317
6659 1315
6691 1313
10685 1398
8507 1398
5407 1313
8104 1313
8487 1313
3031 1315
5721 1317
10348 1315
1890 1475
3216 1398
607 1313
418 1313
2614 1399
3244 1317
793 1313
4263 1399
2185 1315
5764 1317
7919 1317
6547 1315
5699 1313
4866 1395
10282 1317
9637 1398
8309 1395
8944 1317
10694 1313
3806 1399
8310 1317
8090 1293
1024 1315
2317 1399
10128 1293
6626 1398
10167 1317
8470 1317
5139 1317
2315 1398
5384 1399
657 1317
5156 1220
6631 1476
1206 1317
400 1313
2319 1395
3122 1398
9523 1313
4573 1313
10442 1313
2375 1395
5493 1313
1481 1395
11058 1398
1865 1317
2667 1395
7368 1313
640 1313
377 1313
10265 1395
9569 1313
9416 1313
1720 1398
4513 1317
4726 1395
8965 1293
8984 1395
10254 1317
9089 1313
5880 1313
6564 1402
6596 1317
8549 1315
6652 1317
8169 1293
5179 1317
7480 1313
2648 1399
1824 1313
1509 1399
1998 1313
6853 1317
7281 1313
954 1398
5546 1317
4203 612
278 1399
2762 1313
4434 1313
8003 1313
8698 1317
2218 1394
8682 1394
5628 1313
2738 1315
9316 1398
8501 1398
7483 1317
10252 1315
2745 1317
10051 1315
5835 1398
3138 1317
8056 1317
10908 1313
3361 1317
4035 1317
3370 1317
2247 1315
6654 1317
5313 1313
3149 1313
9105 1317
8335 1395
6280 1395
10288 1398
5339 1313
24 1317
3058 1395
10989 1293
3545 1317
1703 1313
7404 1313
5481 1398
5784 1399
1675 1395
3588 612
7742 1317
256 1313
1634 1317
6696 1313
10589 1313
1274 1398
7492 1398
5819 1398
8906 1313
4475 1317
5030 1313
4603 1399
10166 1313
4918 1317
9136 1395
6087 1395
5690 1399
5763 1398
3749 1317
4369 1398
2290 1313
3153 1313
1923 1317
2887 1317
6043 1313
782 1399
10639 1313
2082 1399
3053 1317
8527 1395
581 1315
7923 1317
7577 1315
11050 1398
4332 1399
7546 1317
10414 1395
3468 1399
1777 1395
4958 1399
4876 1399
10604 1293
4652 1399
2314 1398
8296 1293
837 1313
177 1398
778 1395
4793 1313
4782 1315
4108 1313
1148 1313
9341 1293
156 1317
5417 1317
9386 1315
8026 1313
3007 1399
5503 1313
9864 1420
6266 1394
6017 1395
4860 1399
6722 1395
5039 1313
6362 1395
4624 1317
7751 1395
2130 1394
564 1317
5506 1395
10116 1313
10505 1313
3527 1313
10920 1313
3483 1313
9982 1398
9193 1395
2078 1398
6725 1398
3508 1395
10816 1317
6942 1313
10575 1315
2311 1313
9883 1398
11004 1395
5429 1313
9130 1395
8334 1317
3585 1394
6827 1394
2064 1398
4969 1395
8605 1293
403 1399
4666 1313
7095 1398
8986 1313
559 1313
9670 1313
8420 1313
3168 1315
614 1395
6163 1313
10836 1317
8560 1313
5758 1317
10053 1313
2264 1394
5239 1315
39 1317
722 1398
2911 1317
3337 1315
6015 1313
145 1317
5184 1313
9947 1398
277 1398
7099 1313
6240 1395
4201 1317
2894 1315
719 1317
4067 1395
7363 1395
609 1399
2459 1399
4216 1395
473 1315
10386 1293
9697 1402
5733 1313
1489 1313
7070 1293
2464 1395
9407 1313
8395 1394
10036 1317
108 1317
2562 1395
6964 1313
6098 1317
6664 1313
2020 1313
1919 1313
4872 1395
667 1317
10285 1313
1337 1398
604 1399
9032 1313
10628 1395
4317 1313
933 1398
11059 1293
1034 1317
9229 1315
2576 1317
4608 1399
9898 1317
7344 1315
3715 1313
8684 1313
9551 1395
6775 1313
3993 1317
746 1313
3128 1399
4053 1313
7970 1394
5620 1313
9805 1317
7727 1315
11029 1313
9981 1313
7087 1398
10538 1313
8313 1293
3342 1317
8156 1313
109 1317
6301 1313
2595 1313
7926 1293
9961 1395
3946 1317
4546 1317
5697 1317
8262 1313
1900 1398
1697 1398
6943 1313
807 1395
4829 1313
811 1313
1937 1395
4891 1317
5719 1399
8833 1313
4488 1313
5731 1399
2038 1313
6585 1313
11063 1313
3711 1317
2885 1395
5717 1399
7093 1395
5650 1317
10149 1317
10182 1313
1827 1317
8352 1293
1101 1315
5856 1313
3636 1399
3895 1313
6213 1395
10046 1313
9186 1317
1841 1398
6173 1313
4523 1395
5873 1317
3708 1398
8382 1315
5330 1398
5386 1313
920 1313
7264 1313
10682 1317
360 1395
8438 1317
1348 1315
10634 1293
2171 1313
9710 1398
5727 1317
5293 1313
7137 1398
9173 1313
8513 1313
1127 1313
687 1317
10088 1313
4328 1398
366 1313
2392 1313
450 1313
7905 1313
10976 1395
5116 1313
8390 1313
5425 1313
5088 1399
266 1317
4352 1313
8159 1313
5209 1398
4119 1313
10085 1313
5507 1313
754 1399
3178 1317
4115 1313
2799 1317
3552 1315
6241 1317
8153 1317
1125 1395
162 1395
72 1315
4200 1315
1508 1398
5450 1395
10772 1313
368 1398
5374 1398
8409 1293
8641 1315
7505 1293
6084 1315
9940 1317
9573 1317
5841 1317
6445 1313
1187 1313
7285 1313
3999 1317
946 1395
9319 1395
5555 1317
1399 1315
676 1395
1350 1313
10176 1395
9500 1317
9430 1293
917 1313
8569 1293
5773 1395
7609 1398
1613 1399
9073 1317
10859 1395
779 1317
204 1394
9555 1317
9043 1317
2710 1317
10786 1317
7353 1410
2723 1477
3360 1412
10693 1412
2769 1478
3838 1479
1182 1410
4853 612
9480 612
9778 1410
878 1410
8912 1399
5302 1412
