2924 948
4245 835
5696 835
6938 835
3745 991
3719 837
1501 837
2055 948
4525 835
4966 835
8755 837
9841 835
10461 946
5201 836
9550 835
3788 835
413 948
9729 837
6037 835
9494 835
3512 837
9767 837
3888 835
8221 837
7088 948
6698 949
2137 949
10418 948
1331 952
2194 948
894 946
3272 835
5413 837
5393 949
3979 948
6391 837
9306 835
2439 948
3017 837
8706 835
103 837
806 952
6323 835
2186 837
6981 841
9471 948
221 949
4266 948
4384 949
10884 948
4103 949
8905 946
9734 835
8463 835
330 946
10528 835
9183 837
4442 946
11031 949
5544 836
4164 835
8180 946
9894 948
8697 835
9676 835
10986 841
4252 835
6743 948
9037 948
9712 948
2982 835
10027 835
10827 835
5776 948
4039 837
9855 948
4353 841
4264 837
4574 835
4046 836
3118 841
6512 946
406 946
8902 837
10214 948
2561 948
998 837
2388 952
9776 948
4241 948
7569 946
3447 946
5871 946
6810 837
9544 946
4614 948
34 948
3638 948
2668 946
1729 949
1377 949
3268 837
4665 837
5294 948
7239 835
6299 837
7502 948
5594 946
8630 948
5195 835
670 837
3200 837
6576 946
10458 949
9904 946
4192 835
1534 949
989 946
1752 946
9582 835
7719 837
3728 948
2901 841
6612 948
8969 948
8391 951
7624 949
9634 949
7681 841
10945 946
4005 946
188 952
1229 946
5038 948
4310 837
9572 658
2201 948
5483 837
255 952
8399 946
557 946
3573 835
2533 946
393 948
98 837
2305 837
1596 837
6377 837
4253 836
6025 835
4877 835
6645 835
6954 837
10849 948
7020 837
10437 948
5342 835
9992 837
921 948
9195 835
9451 837
10562 951
3384 837
5814 837
8226 835
1333 837
3225 948
8782 837
2454 946
10925 948
9145 835
4340 946
4190 835
10481 836
6272 658
192 946
11019 835
5061 835
8120 841
11055 946
1233 837
4468 836
10823 949
186 948
10737 841
3186 837
11049 948
6257 837
7517 658
4763 946
10111 948
7889 835
5299 835
1192 946
10015 835
10283 836
1581 837
5965 837
6793 835
9935 837
5718 835
4441 837
10200 949
7661 837
2672 949
5385 946
6973 946
9409 835
2195 949
8642 835
7350 949
4092 835
1316 948
1356 946
7410 835
3191 952
8774 835
4600 837
3344 948
5104 946
11086 828
3922 946
4538 837
3607 837
3052 948
9831 946
8783 658
1600 946
1369 948
4275 837
3084 837
5975 948
2847 837
550 946
8900 836
1802 992
8131 837
8065 835
1255 949
7814 837
5609 948
4390 835
5433 835
10138 948
4558 835
6525 835
1294 837
4345 948
3782 837
1770 946
3740 835
6340 835
10162 948
8787 948
3101 948
4267 835
3334 949
3315 948
11103 835
5578 836
2302 948
9741 841
10843 837
9402 946
1178 948
6811 837
2505 946
4473 949
3328 837
6477 835
7799 837
7619 1010
4972 836
8960 835
2550 948
2607 948
2072 837
993 948
2661 952
1068 993
1931 948
7254 946
7354 948
3767 952
4625 946
247 946
1108 948
7500 994
9327 835
8174 835
932 952
8750 946
6704 835
9653 946
4964 949
3461 948
7393 946
10106 949
2795 948
9999 835
3801 836
738 837
1155 837
7110 835
10223 948
7557 835
6700 946
5982 948
9121 837
4173 841
3287 946
5682 837
9287 837
5358 946
5161 946
6573 837
480 948
5236 948
6458 946
9446 946
10673 946
2060 952
6878 837
4947 835
6782 841
3866 837
4859 836
7705 836
5298 837
8880 835
6060 835
8040 835
6647 948
3107 837
4331 948
8103 835
5125 948
1112 946
8910 946
1412 21
3984 835
5792 835
4225 952
8992 946
447 948
8735 837
5845 946
6566 836
7605 837
1223 946
4080 836
7570 946
846 948
3231 837
1836 946
10957 835
1057 952
8109 946
8548 837
10928 836
2627 949
10327 835
4050 658
9447 835
5119 835
1031 948
4552 835
10289 837
1928 948
682 951
9648 835
4811 835
335 837
9856 946
390 948
316 837
1907 658
5535 836
1423 946
6044 949
8426 836
1466 658
7806 744
4659 658
2725 948
6390 835
6118 837
3520 835
2413 948
2044 952
5575 837
9071 836
4501 837
104 948
3314 946
4639 948
6604 835
3633 837
4038 952
4508 952
9974 835
821 949
3592 835
4132 948
1216 949
6164 948
5985 948
2889 835
8012 835
4479 835
5547 946
6489 835
10722 841
3043 949
7 837
4688 946
2176 946
5057 837
10174 835
4100 658
8562 948
3106 837
9475 835
5842 948
4184 948
7159 2
9309 948
3996 836
10096 835
8407 836
148 952
2039 949
3181 1010
9773 835
3134 841
4505 835
10020 946
6758 837
9986 836
7458 837
8822 837
9849 948
6571 835
4622 841
7089 835
3581 837
9716 841
8871 841
4920 946
4102 835
3575 835
2604 837
6792 841
8161 835
2619 837
650 948
8013 946
5189 836
5526 744
7728 948
4963 835
6214 835
1593 837
6692 837
7930 837
10344 837
4879 837
6540 946
7068 744
7307 837
4641 946
4467 835
1617 948
7612 948
4017 952
8672 835
9090 835
537 744
4431 837
3843 949
10004 946
1503 948
5527 948
1732 837
6332 995
5193 946
649 952
9474 835
7442 835
9406 835
1303 949
4489 948
490 948
7558 835
3219 841
10024 835
380 837
8455 948
10055 837
2952 837
5614 835
5278 835
1176 837
3976 837
4243 835
2092 948
10501 837
7318 836
10793 835
6399 836
7537 836
4554 837
10706 520
4142 835
3400 835
8367 835
5221 658
1267 948
10938 949
6220 948
10904 948
431 948
5878 835
3449 837
2943 837
3853 949
5268 835
3862 835
8640 946
10547 949
3964 946
10947 949
10253 835
1583 948
3421 948
4792 996
7255 835
2248 948
8114 837
3185 837
3117 836
7223 949
1171 948
5194 837
6224 835
11097 948
4016 837
6078 946
10154 837
8328 948
383 837
8459 836
10670 837
5145 835
10482 948
4724 837
3267 835
10388 836
6375 837
2010 948
6413 946
3500 835
6420 948
10429 835
5290 835
6145 837
327 949
4233 952
8213 835
6045 837
7336 948
10148 835
1104 946
4869 836
2266 948
8223 836
4012 837
3305 835
8062 946
2423 948
6204 835
6249 948
7007 841
10788 835
3155 948
8835 835
3041 837
2873 837
4580 836
7308 835
3686 948
5917 835
1340 948
855 948
8175 835
10536 948
1819 948
1833 837
6550 835
10733 837
9123 948
4822 946
3648 835
3747 949
4685 835
5489 949
6661 835
4094 837
6400 835
5099 837
1906 837
3403 835
2906 835
8552 946
2415 837
7956 835
10599 949
8634 837
3429 952
8681 759
10824 837
3691 837
7258 948
8102 841
2474 658
2712 946
4444 948
3617 837
9994 835
7477 837
2117 949
1224 948
3454 837
5064 837
2083 837
2782 949
1786 837
817 837
253 948
4784 948
4908 948
5823 837
5860 835
4529 837
6686 837
608 837
3237 658
701 837
8385 946
775 837
3859 948
7805 835
563 837
5474 948
7834 837
5647 836
1132 837
4150 2
4638 835
1608 946
8976 658
344 948
3584 837
7216 948
6741 836
4923 835
7113 948
4248 836
10852 837
8721 835
5360 837
10936 837
4120 946
9075 949
10488 837
6926 658
8807 951
2584 948
3874 835
10656 946
9826 949
1578 948
2042 946
8361 841
7697 835
3618 835
5183 837
5010 514
9062 997
511 998
8692 818
10320 837
7041 948
8518 949
7790 948
5003 948
