2133 2587
2188 2385
3847 2115
8676 2381
2099 2573
2846 2385
1701 2109
9485 2573
3210 2381
8773 2344
5346 2590
929 2587
7857 2381
7035 2344
8411 2573
6905 2381
6797 2591
8348 2573
760 2573
9910 2381
895 2587
1957 2138
178 2381
1136 2385
10237 2135
4162 2385
9082 2343
1773 2573
9809 1059
9941 2573
6839 2573
3488 2587
9763 2138
10274 2888
1961 2575
5475 2115
7478 2381
6798 2587
513 2385
3896 2587
8010 2587
6417 2573
3255 2381
476 2381
10404 2587
6165 2591
6335 2381
1665 2587
9263 2573
10834 2381
1494 2381
8008 2344
9503 2573
1756 2385
9533 2573
10317 2381
7369 2109
952 2381
11065 2384
9984 2381
4563 2573
284 2381
10262 2587
8860 2587
2816 2573
8288 2384
5500 2573
7083 2381
3970 2587
2578 2889
800 2385
9584 2573
2688 2587
10497 2381
879 2109
1887 2597
9305 2587
10509 2573
10563 2587
7018 2109
688 2381
4294 2381
1982 2587
9333 2573
11030 2587
5212 2384
1518 2573
5067 2573
8099 2590
4537 2109
5347 2381
7342 2346
3484 2573
11020 2109
1850 2384
9834 2384
622 2587
2 2573
2569 2385
5256 2384
2783 2381
2400 2381
128 2384
3509 2601
5577 2587
6860 2381
5872 2573
7286 2344
2306 2381
5011 2115
9371 2573
6264 2587
8939 2381
5113 2573
3521 2575
6900 2573
6733 2590
9381 2587
4975 2385
8284 2381
5804 2587
8283 2344
8996 2573
8230 2890
10410 1059
6161 2381
7249 2587
1417 2587
7898 2573
4257 2590
10514 2384
5875 2573
5191 2381
696 2385
4226 2587
4840 2132
9501 2381
1549 2385
10519 2381
10743 2109
3075 2587
10054 2344
6382 2384
1717 2385
9158 2344
3567 2573
2862 903
3474 2381
10259 2344
7059 903
9180 2381
6803 2573
9793 2381
6994 2573
10692 2381
5343 2115
1165 2385
371 2381
3136 2381
10873 2381
3937 2573
2499 2587
3094 2384
2570 2381
7878 2344
2174 2384
1719 2591
8101 2344
10999 2344
306 2381
5460 2573
10049 2587
2823 2575
7584 2344
2742 2573
2766 2381
35 2573
6170 2109
6611 2381
10140 2344
7754 2109
7173 2573
10105 2384
1464 2385
6108 2573
4715 2385
9253 2344
2000 2587
50 2135
5409 2381
2981 2587
11035 2344
8006 2115
7423 2384
1212 2385
2649 2587
561 2385
10984 1205
2097 2381
10129 2573
7317 2344
3544 2109
7328 2344
2444 2587
10901 2109
6586 2384
5398 2381
8014 2384
4221 2385
7566 2573
10773 2381
1425 2573
1474 2115
6870 2344
4706 2587
10574 2344
10050 2344
5251 2384
3672 2109
6937 2573
1201 2381
10608 2109
7991 2573
5664 2573
404 2573
7295 2381
9107 2344
7984 2573
9255 2587
6160 2573
8341 2109
2381 2381
5921 1059
2694 2601
10360 2603
10943 2573
4650 2385
2602 2109
9185 2573
3539 2573
759 2575
10152 2344
7444 2344
3639 2384
5704 2573
3423 2384
2637 2117
10068 2573
1847 2385
3169 2587
872 2590
6421 2381
1627 2573
10977 2344
5175 2573
5937 2587
2173 2384
5979 2573
7959 2573
6401 2591
7762 2587
4303 2108
4417 2573
137 2587
3184 2381
7511 2587
11068 2573
8713 2381
4865 2385
5310 2381
6334 2381
8778 2109
3032 2381
10839 2587
7961 671
10543 2344
9420 2587
1327 2384
1140 2109
10826 2573
2363 2573
5285 2587
5771 2590
4856 2385
3228 2573
7837 2587
9216 2344
8747 2587
8932 2573
9329 2381
7712 2344
6931 2573
2114 1059
3129 2381
8844 2344
10377 2384
9615 2573
6634 2344
3954 2573
4293 2109
2080 2385
8122 2344
3703 2575
10504 2117
7185 2109
2960 2573
10146 2573
3511 2573
8745 2573
10192 2891
8730 2573
10965 2381
7658 2344
88 2575
5066 2591
1413 2109
22 2385
8192 2892
6128 2381
5282 2587
6800 2893
3831 1059
10491 2587
10039 2344
258 2385
5948 2573
987 2575
4831 2385
5002 2573
224 2385
7256 2381
9104 2344
1042 2381
2362 2381
4660 2587
510 2573
4305 2385
5714 2587
2293 2587
5983 2381
9295 2109
814 2381
10535 2573
4027 2381
2908 2894
5607 2109
8980 2384
4565 2384
2753 2109
8904 2344
584 2385
8033 2587
4824 2381
2591 2381
7789 2573
200 2587
7721 2587
10407 2573
9951 2384
7872 2344
10272 2573
6442 2575
2455 2385
4491 2115
10324 2587
10483 2590
4465 2385
4009 2381
214 2385
9350 2381
1320 2381
10467 2344
9272 2573
5978 2573
9232 2574
9360 2587
7869 2587
3432 2573
10170 2109
2599 1057
7145 2344
9258 2623
357 2385
10296 2573
8186 2344
8389 2895
5815 2587
3513 2381
6892 2573
9872 2344
10775 2344
1765 2385
10499 680
1612 2381
3481 2381
8257 2109
3249 2381
1941 2573
2956 2573
9396 2573
2563 2109
1946 2896
560 2603
3562 2381
4054 2381
10409 2381
3098 2587
8279 2587
10952 2384
3283 2573
6988 2587
6378 2591
9685 2344
3294 2573
2329 2587
6298 2587
1295 2115
8878 2587
3879 2385
7449 2573
555 2115
2722 2573
2721 2587
9645 2344
147 2109
9115 2381
10762 2897
3141 2590
7707 2898
3694 2109
10973 671
7578 2138
6872 2573
7016 2381
1539 2573
5376 2573
10641 2587
10861 2587
2573 2384
9762 1864
3750 2385
5408 1059
961 2899
1895 2385
8414 2109
631 2384
9397 4
7168 2109
2035 2381
10645 2381
582 2575
2127 2385
1678 2381
1374 2381
2581 2381
1138 2573
9733 2587
9323 2109
10804 2590
3776 2385
6072 2109
2203 2573
6906 2573
2421 2138
6871 2573
9647 2587
2435 2573
6565 2381
10832 2573
8784 2573
3658 2575
7841 2381
5473 2900
3349 2109
8325 2109
10492 2587
9124 2344
6251 2591
2523 2381
189 2381
2393 2385
10877 2573
7302 2344
2397 2381
6373 2381
10130 2109
3977 2385
7125 2587
2657 2573
8598 2343
4944 680
1804 2385
7632 2344
7875 2344
1410 2384
6094 2109
2868 2385
345 2115
4915 2573
4325 2109
7603 2381
8462 2573
4669 1207
6962 2344
10212 2344
8000 2575
8256 2344
10173 2573
2087 2587
5970 1477
4586 2344
2298 2587
1955 675
3960 2381
9934 2901
2664 2573
8971 2381
10661 2344
9077 2587
187 2573
4355 2573
9576 2384
4674 2573
6873 2575
4155 2109
514 2385
4583 2384
7119 2573
3049 2573
6866 2573
3234 2573
455 2385
7532 2573
10453 2587
10107 2591
6450 2384
7504 2344
7861 2587
10147 2587
9641 2138
927 2573
1669 2573
9797 2573
232 2573
1905 2384
4047 2575
2793 2575
8855 2381
6081 2587
6186 2573
5757 2381
8160 2344
4778 2573
8177 2573
6587 2597
1497 2587
7360 2344
11036 2344
1151 2573
3905 2385
7589 2344
1725 2109
8027 2587
3616 2573
3327 2384
2805 2902
4533 2573
1781 2384
669 2590
3790 2587
13 2115
2522 2385
7593 2573
10006 2381
10100 2587
3472 2575
6649 2903
8877 2344
5315 2587
9891 2109
1674 2385
7127 2344
6048 2115
8125 2344
10924 2344
3599 2573
91 2109
2917 2575
10803 2384
4913 2109
9141 2357
10115 2344
4974 2573
8593 2344
6757 2573
6001 2573
9814 2381
3453 2384
3135 2381
2204 2573
8293 2344
9182 2381
2214 2381
7243 2384
5611 2904
2953 2109
1353 2381
7375 2344
1008 2384
10875 2573
6130 2575
5870 2573
1642 2109
4871 2590
8989 2590
5663 2381
7957 2384
5379 2381
8628 2109
456 2385
1814 2573
995 2385
5887 2384
11096 2590
2404 2381
2353 2381
3660 2384
10584 2384
8689 2575
907 2109
8466 2573
8400 2573
1014 2573
10703 2384
131 2575
3004 2115
5052 2587
8299 2573
7414 2587
2030 2587
9442 2344
8133 2384
1657 2381
1404 2573
2450 2573
2603 2381
363 2381
11105 2591
8181 2591
4589 2381
1109 2109
8502 2381
8311 2344
8867 2381
4896 2587
8046 2384
9392 2344
7259 2381
4806 2109
3434 2587
10913 2344
2579 2109
2472 2109
2771 2385
6326 2587
7533 2623
7196 2344
7484 2572
5118 2381
4105 2573
5890 2109
7608 2109
4428 2573
2819 2385
4346 2905
7034 2625
8530 3
3518 673
7585 2625
8342 2385
1793 673
10183 2385
489 2906
43 673
10524 2385
8656 2907
2708 2908
1854 2909
4773 2910
9349 2911
1236 2912
9342 2913
9720 2914
7401 2385
5539 2915
7947 673
