9485 1110
9486 94
9487 1354
9488 94
9489 94
9490 70
9491 747
9492 747
9493 1109
9494 1109
9495 1112
9496 1113
9497 1260
9498 41
9499 272
9500 747
9501 1112
9502 241
9503 1109
9504 1260
9505 94
9506 14
9507 41
9508 1109
9509 272
9510 10
9511 1152
9512 1355
9513 1112
9514 1109
9515 110
9516 262
9517 101
9518 1113
9519 747
9520 1260
9521 1110
9522 48
9523 94
9524 1152
9525 41
9526 94
9527 1356
9528 94
9529 1109
9530 172
9531 1112
9532 89
9533 1113
9534 1113
9535 267
9536 267
9537 172
9538 29
9539 1112
9540 747
9541 1109
9542 1112
9543 747
9544 1109
9545 101
9546 86
9547 1112
9548 1109
9549 1154
9550 1109
9551 1113
9552 747
9553 1112
9554 89
9555 48
9556 172
9557 1133
9558 267
9559 1152
9560 1113
9561 262
9562 1109
9563 1110
9564 272
9565 1109
9566 89
9567 48
9568 89
9569 101
9570 110
9571 89
9572 48
9573 139
9574 94
9575 1109
9576 139
9577 1112
9578 146
9579 747
9580 1110
9581 1279
9582 41
9583 41
9584 41
9585 30
9586 41
9587 5
9588 1110
9589 41
9590 241
9591 747
9592 41
9593 41
9594 41
9595 94
9596 106
9597 41
9598 69
9599 747
9600 41
9601 41
9602 41
9603 89
9604 747
9605 1260
9606 747
9607 1266
9608 41
9609 1288
9610 18
9611 70
9612 1112
9613 950
9614 747
9615 41
9616 41
9617 1110
9618 94
9619 41
9620 94
9621 747
9622 747
9623 41
9624 41
9625 14
9626 41
9627 41
9628 1110
9629 41
9630 41
9631 41
9632 142
9633 41
9634 142
9635 41
9636 142
9637 142
9638 142
9639 41
9640 1113
9641 142
9642 142
9643 971
9644 142
9645 971
9646 971
9647 267
9648 971
9649 971
9650 142
9651 1112
9652 1109
9653 101
9654 142
9655 142
9656 971
9657 142
9658 142
9659 971
9660 1112
9661 971
9662 110
9663 971
9664 971
9665 971
9666 971
9667 971
9668 971
9669 971
9670 41
9671 971
9672 971
9673 971
9674 971
9675 971
9676 110
9677 1112
9678 971
9679 747
9680 971
9681 139
9682 55
9683 139
9684 41
9685 971
9686 139
9687 262
9688 971
9689 971
9690 971
9691 139
9692 1109
9693 204
9694 1152
9695 139
9696 971
9697 1109
9698 971
9699 262
9700 971
9701 971
9702 971
9703 971
9704 110
9705 971
9706 1109
9707 142
9708 139
9709 971
9710 971
9711 971
9712 971
9713 971
9714 41
9715 101
9716 89
9717 971
9718 14
9719 971
9720 1152
9721 1109
9722 127
9723 971
9724 971
9725 971
9726 971
9727 142
9728 971
9729 971
9730 971
9731 971
9732 971
9733 971
9734 971
9735 89
9736 1109
9737 971
9738 971
9739 41
9740 142
9741 971
9742 971
9743 971
9744 33
9745 971
9746 139
9747 262
9748 971
9749 41
9750 971
9751 142
9752 971
9753 142
9754 41
9755 139
9756 1113
9757 1112
9758 139
9759 139
9760 971
9761 971
9762 971
9763 1112
9764 971
9765 139
9766 971
9767 971
9768 139
9769 971
9770 747
9771 101
9772 747
9773 139
9774 41
9775 41
9776 971
9777 971
9778 971
9779 747
9780 241
9781 1118
9782 971
9783 971
9784 971
9785 14
9786 971
9787 110
9788 1357
9789 142
9790 110
9791 971
9792 139
9793 142
9794 1358
9795 12
9796 110
9797 971
9798 41
9799 1380
9800 12
9801 1112
9802 182
9803 747
9804 146
9805 45
9806 41
9807 142
9808 971
9809 971
9810 971
9811 41
9812 41
9813 41
9814 41
9815 41
9816 41
9817 41
9818 139
9819 41
9820 41
9821 971
9822 41
9823 142
9824 41
9825 971
9826 41
9827 747
9828 1109
9829 110
9830 142
9831 41
9832 41
9833 14
9834 41
9835 41
9836 971
9837 41
9838 747
9839 41
9840 1110
9841 971
9842 142
9843 41
9844 41
9845 41
9846 41
9847 41
9848 110
9849 41
9850 41
9851 41
9852 31
9853 41
9854 41
9855 41
9856 971
9857 41
9858 971
9859 41
9860 41
9861 41
9862 41
9863 971
9864 41
9865 41
9866 41
9867 41
9868 142
9869 1133
9870 41
9871 41
9872 41
9873 41
9874 41
9875 971
9876 41
9877 142
9878 41
9879 142
9880 1109
9881 41
9882 41
9883 41
9884 91
9885 41
9886 971
9887 41
9888 41
9889 41
9890 41
9891 971
9892 41
9893 971
9894 41
9895 41
9896 41
9897 41
9898 41
9899 41
9900 747
9901 41
9902 971
9903 41
9904 971
9905 41
9906 139
9907 41
9908 41
9909 41
9910 139
9911 971
9912 971
9913 41
9914 41
9915 139
9916 971
9917 41
9918 41
9919 139
9920 41
9921 1272
9922 41
9923 102
9924 41
9925 41
9926 971
9927 3
9928 1118
9929 41
9930 41
9931 41
9932 41
9933 41
9934 139
9935 41
9936 142
9937 41
9938 41
9939 1110
9940 139
9941 41
9942 41
9943 41
9944 1112
9945 41
9946 41
9947 41
9948 41
9949 142
9950 41
9951 1273
9952 971
9953 41
9954 41
9955 971
9956 1109
9957 971
9958 41
9959 971
9960 139
9961 41
9962 971
9963 41
9964 1110
9965 41
9966 41
9967 262
9968 1113
9969 41
9970 89
9971 41
9972 139
9973 139
9974 110
9975 55
9976 1113
9977 971
9978 41
9979 41
9980 41
9981 41
9982 971
9983 41
9984 41
9985 41
9986 1112
9987 41
9988 139
9989 971
9990 1113
9991 1359
9992 41
9993 41
9994 41
9995 155
9996 971
9997 139
9998 139
9999 142
10000 41
10001 262
10002 41
10003 971
10004 139
10005 41
10006 41
10007 262
10008 971
10009 971
10010 41
10011 41
10012 41
10013 182
10014 102
10015 14
10016 41
10017 41
10018 139
10019 41
10020 55
10021 139
10022 1110
10023 41
10024 971
10025 971
10026 142
10027 55
10028 41
10029 41
10030 41
10031 41
10032 747
10033 971
10034 77
10035 28
10036 747
10037 971
10038 747
10039 971
10040 110
10041 1113
10042 262
10043 1276
10044 971
10045 41
10046 971
10047 41
10048 1266
10049 41
10050 41
10051 28
10052 89
10053 747
10054 971
10055 55
10056 1110
10057 1110
10058 1110
10059 146
10060 146
10061 1110
10062 41
10063 1110
10064 146
10065 41
10066 139
10067 41
10068 971
10069 110
10070 86
10071 146
10072 1110
10073 1110
10074 262
10075 1109
10076 971
10077 1113
10078 41
10079 41
10080 60
10081 142
10082 1113
10083 971
10084 138
10085 41
10086 1110
10087 142
10088 142
10089 142
10090 5
10091 110
10092 11
10093 41
10094 127
10095 1112
10096 747
10097 89
10098 747
10099 142
10100 971
10101 86
10102 41
10103 1113
10104 33
10105 41
10106 1110
10107 41
10108 41
10109 1110
10110 1110
10111 41
10112 41
10113 41
10114 86
10115 41
10116 146
10117 1110
10118 41
10119 41
10120 41
10121 41
10122 127
10123 747
10124 69
10125 41
10126 41
10127 272
10128 41
10129 1113
10130 1110
10131 41
10132 41
10133 41
10134 1
10135 146
10136 142
10137 53
10138 110
10139 146
10140 747
10141 971
10142 139
10143 106
10144 41
10145 11
10146 243
10147 41
10148 41
10149 41
10150 41
10151 747
10152 139
10153 142
10154 139
10155 1118
10156 41
10157 41
10158 1113
10159 971
10160 41
10161 262
10162 41
10163 41
10164 41
10165 41
10166 41
10167 48
10168 102
10169 142
10170 1109
10171 59
10172 267
10173 971
10174 1113
10175 1110
10176 747
10177 747
10178 1139
10179 170
10180 262
10181 170
10182 747
10183 41
10184 971
10185 146
10186 142
10187 747
10188 142
10189 142
10190 142
10191 55
10192 41
10193 1113
10194 1110
10195 1360
10196 971
10197 142
10198 102
10199 747
10200 110
10201 86
10202 747
10203 30
10204 971
10205 747
10206 747
10207 262
10208 1110
10209 1255
10210 142
10211 1110
10212 747
10213 33
10214 138
10215 1110
10216 182
10217 142
10218 104
10219 747
10220 89
10221 1118
10222 142
10223 41
10224 142
10225 33
10226 747
10227 747
10228 747
10229 747
10230 747
10231 110
10232 139
10233 142
10234 262
10235 41
10236 41
10237 82
10238 30
10239 48
10240 1112
10241 11
10242 262
10243 1109
10244 127
10245 41
10246 100
10247 33
10248 1139
10249 5
10250 1110
10251 971
10252 69
10253 1110
10254 971
10255 747
10256 262
10257 971
10258 1272
10259 747
10260 1110
10261 747
10262 188
10263 102
10264 1133
10265 82
10266 155
10267 1113
10268 82
10269 971
10270 41
10271 1110
10272 30
10273 172
10274 89
10275 172
10276 267
10277 747
10278 1109
10279 172
10280 1109
10281 1110
10282 1380
10283 110
10284 172
10285 12
10286 172
10287 82
10288 172
10289 172
10290 55
10291 33
10292 1113
10293 1273
10294 1113
10295 142
10296 172
10297 30
10298 41
10299 971
10300 30
10301 30
10302 262
10303 65
10304 172
10305 204
10306 172
10307 172
10308 1109
10309 1113
10310 172
10311 110
10312 41
10313 142
10314 182
10315 172
10316 1112
10317 1112
10318 139
10319 139
10320 1109
10321 110
10322 30
10323 971
10324 1109
10325 172
10326 1113
10327 55
10328 172
10329 1122
10330 30
10331 1109
10332 41
10333 1109
10334 747
10335 1122
10336 102
10337 18
10338 1122
10339 89
10340 1125
10341 65
10342 18
10343 1122
10344 1122
10345 82
10346 65
10347 65
10348 48
10349 1109
10350 65
10351 1112
10352 82
10353 82
10354 127
10355 1122
10356 65
10357 104
10358 65
10359 1112
10360 30
10361 82
10362 1112
10363 1113
10364 267
10365 18
10366 1113
10367 30
10368 18
10369 1272
10370 65
10371 65
10372 1110
10373 65
10374 262
10375 65
10376 65
10377 971
10378 65
10379 89
10380 65
10381 65
10382 65
10383 30
10384 30
10385 172
10386 65
10387 262
10388 104
10389 1113
10390 65
10391 102
10392 33
10393 1118
10394 33
10395 1362
10396 33
10397 1110
10398 1110
10399 65
10400 1110
10401 1109
10402 41
10403 1109
10404 18
10405 65
10406 18
10407 182
10408 1110
10409 971
10410 30
10411 1109
10412 65
10413 65
10414 65
10415 64
10416 1113
10417 1109
10418 84
10419 18
10420 65
10421 1110
10422 3
10423 1113
10424 1133
10425 89
10426 971
10427 64
10428 65
10429 86
10430 65
10431 1113
10432 23
10433 65
10434 139
10435 86
10436 65
10437 110
10438 971
10439 65
10440 65
10441 65
10442 65
10443 65
10444 65
10445 65
10446 65
10447 65
10448 1109
10449 65
10450 65
10451 65
10452 65
10453 971
10454 747
10455 971
10456 65
10457 65
10458 65
10459 65
10460 1113
10461 971
10462 142
10463 65
10464 65
10465 65
10466 65
10467 65
10468 142
10469 65
10470 1278
10471 110
10472 65
10473 262
10474 1273
10475 65
10476 30
10477 172
10478 1122
10479 18
10480 1113
10481 172
10482 172
10483 41
10484 89
10485 1118
10486 142
10487 101
10488 173
10489 142
10490 142
10491 104
10492 1260
10493 41
10494 811
10495 18
10496 102
10497 1154
10498 1133
10499 102
10500 747
10501 110
10502 89
10503 18
10504 18
10505 747
10506 1109
10507 1109
10508 30
10509 30
10510 1278
10511 262
10512 30
10513 18
10514 142
10515 1118
10516 18
10517 30
10518 89
10519 241
10520 172
10521 30
10522 30
10523 1122
10524 30
10525 241
10526 33
10527 18
10528 110
10529 30
10530 5
10531 30
10532 1122
10533 110
10534 18
10535 30
10536 172
10537 18
10538 173
10539 172
10540 104
10541 5
10542 1278
10543 110
10544 1113
10545 1110
10546 12
10547 267
10548 18
10549 30
10550 1138
10551 30
10552 1266
10553 1133
10554 30
10555 89
10556 110
10557 1109
10558 89
10559 182
10560 30
10561 36
10562 36
10563 747
10564 89
10565 30
10566 18
10567 12
10568 18
10569 30
10570 41
10571 30
10572 110
10573 89
10574 30
10575 30
10576 30
10577 182
10578 41
10579 30
10580 30
10581 30
10582 30
10583 30
10584 30
10585 55
10586 1118
10587 30
10588 1113
10589 172
10590 30
10591 204
10592 267
10593 100
10594 30
10595 30
10596 30
10597 1118
10598 30
10599 1122
10600 1112
10601 30
10602 1122
10603 1113
10604 30
10605 30
10606 139
10607 1109
10608 21
10609 1133
10610 30
10611 1133
10612 1133
10613 127
10614 33
10615 55
10616 55
10617 55
10618 1133
10619 1133
10620 30
10621 1266
10622 30
10623 30
10624 30
10625 262
10626 30
10627 172
10628 89
10629 30
10630 86
10631 129
10632 89
10633 30
10634 5
10635 30
10636 30
10637 30
10638 30
10639 1113
10640 811
10641 1139
10642 55
10643 30
10644 30
10645 30
10646 30
10647 30
10648 30
10649 30
10650 30
10651 30
10652 18
10653 30
10654 30
10655 30
10656 30
10657 30
10658 1278
10659 30
10660 30
10661 33
10662 77
10663 30
10664 1118
10665 30
10666 1133
10667 110
10668 89
10669 1113
10670 30
10671 30
10672 30
10673 30
10674 1133
10675 18
10676 30
10677 30
10678 30
10679 1273
10680 241
10681 262
10682 89
10683 1133
10684 262
10685 30
10686 89
10687 30
10688 30
10689 30
10690 30
10691 267
10692 1113
10693 30
10694 1113
10695 30
10696 142
10697 1363
10698 267
10699 41
10700 48
10701 1154
10702 64
10703 21
10704 65
10705 1288
10706 747
10707 142
10708 1118
10709 36
10710 142
10711 1288
10712 1288
10713 1113
10714 1133
10715 747
10716 102
10717 1266
10718 102
10719 18
10720 1288
10721 1288
10722 30
10723 1122
10724 30
10725 30
10726 182
10727 30
10728 30
10729 30
10730 77
10731 30
10732 18
10733 1133
10734 30
10735 103
10736 1113
10737 182
10738 110
10739 30
10740 1266
10741 30
10742 262
10743 89
10744 30
10745 30
10746 30
10747 1133
10748 30
10749 30
10750 30
10751 30
10752 23
10753 23
10754 30
10755 30
10756 30
10757 30
10758 1133
10759 30
10760 1113
10761 267
10762 89
10763 30
10764 139
10765 89
10766 55
10767 30
10768 30
10769 30
10770 139
10771 1133
10772 1133
10773 747
10774 30
10775 1133
10776 30
10777 1133
10778 30
10779 30
10780 1133
10781 1133
10782 30
10783 36
10784 1133
10785 110
10786 110
10787 36
10788 1133
10789 101
10790 1288
10791 30
10792 1408
10793 1133
10794 30
10795 1133
10796 155
10797 1133
10798 30
10799 1133
10800 1133
10801 1133
10802 30
10803 1133
10804 30
10805 30
10806 182
10807 1133
10808 30
10809 1380
10810 30
10811 89
10812 30
10813 30
10814 262
10815 1112
10816 30
10817 1133
10818 1288
10819 1133
10820 1133
10821 30
10822 1154
10823 30
10824 1133
10825 272
10826 1278
10827 30
10828 30
10829 30
10830 30
10831 12
10832 1113
10833 69
10834 30
10835 182
10836 30
10837 30
10838 69
10839 1133
10840 1118
10841 30
10842 89
10843 30
10844 1118
10845 1133
10846 30
10847 18
10848 1133
10849 1110
10850 33
10851 110
10852 959
10853 30
10854 30
10855 30
10856 971
10857 30
10858 30
10859 76
10860 30
10861 1133
10862 30
10863 1133
10864 1133
10865 33
10866 1133
10867 1118
10868 30
10869 30
10870 30
10871 30
10872 30
10873 210
10874 1133
10875 1133
10876 30
10877 89
10878 1133
10879 30
10880 1118
10881 1364
10882 21
10883 23
10884 1133
10885 30
10886 30
10887 30
10888 1133
10889 30
10890 30
10891 1109
10892 30
10893 18
10894 30
10895 30
10896 3
10897 30
10898 30
10899 182
10900 30
10901 30
10902 30
10903 1133
10904 30
10905 18
10906 1133
10907 30
10908 1133
10909 30
10910 30
10911 1122
10912 30
10913 182
10914 747
10915 77
10916 30
10917 1133
10918 30
10919 1133
10920 1133
10921 971
10922 262
10923 30
10924 110
10925 30
10926 182
10927 30
10928 30
10929 89
10930 30
10931 30
10932 182
10933 767
10934 30
10935 89
10936 89
10937 1133
10938 100
10939 30
10940 110
10941 1133
10942 1111
10943 30
10944 1133
10945 747
10946 1133
10947 30
10948 1133
10949 1133
10950 1133
10951 30
10952 1133
10953 30
10954 971
10955 1133
10956 1133
10957 30
10958 30
10959 1133
10960 30
10961 30
10962 1154
10963 30
10964 30
10965 30
10966 1133
10967 30
10968 1112
10969 89
10970 30
10971 5
10972 1133
10973 139
10974 1379
10975 30
10976 30
10977 30
10978 1133
10979 1133
10980 30
10981 55
10982 1113
10983 30
10984 30
10985 30
10986 262
10987 175
10988 28
10989 30
10990 1133
10991 30
10992 182
10993 1133
10994 1133
10995 1113
10996 1133
10997 262
10998 1139
10999 89
11000 30
11001 971
11002 1110
11003 18
11004 1379
11005 1133
11006 10
11007 747
11008 747
11009 1133
11010 55
11011 1266
11012 41
11013 1272
11014 175
11015 212
11016 1133
11017 182
11018 747
11019 1266
11020 1133
11021 1133
11022 1133
11023 1133
11024 241
11025 1133
11026 1133
11027 30
11028 1133
11029 30
11030 1133
11031 1133
11032 30
11033 30
11034 1133
11035 1133
11036 1133
11037 1133
11038 1133
11039 1133
11040 747
11041 1133
11042 1133
11043 1133
11044 262
11045 30
11046 1133
11047 1133
11048 182
11049 139
11050 1133
11051 1133
11052 1133
11053 1133
11054 1133
11055 30
11056 30
11057 33
11058 1133
11059 1118
11060 30
11061 5
11062 1133
11063 1133
11064 1133
11065 1133
11066 1133
11067 1133
11068 30
11069 1133
11070 1133
11071 1133
11072 30
11073 30
11074 1133
11075 1133
11076 1133
11077 101
11078 1133
11079 1133
11080 1133
11081 30
11082 1133
11083 30
11084 30
11085 89
11086 1133
11087 142
11088 1110
11089 1133
11090 1133
11091 1133
11092 262
11093 1139
11094 1133
11095 262
11096 1133
11097 1133
11098 182
11099 1133
11100 262
11101 1408
11102 1133
11103 182
11104 1133
11105 30
11106 1118
11107 89
11108 89
11109 1133
11110 30
11111 747
11112 1133
11113 1113
11114 1133
11115 1133
11116 89
11117 1133
11118 1133
11119 1133
11120 77
11121 1113
11122 41
11123 241
11124 1133
11125 1133
11126 30
11127 30
11128 89
11129 139
11130 262
11131 30
11132 110
11133 30
11134 30
11135 1113
11136 1133
11137 1118
11138 1365
11139 1133
11140 89
11141 30
11142 241
11143 40
11144 110
11145 1366
11146 18
11147 18
11148 1133
11149 1266
11150 89
11151 1276
11152 971
11153 30
11154 1293
11155 1113
11156 30
11157 267
11158 1278
11159 1288
11160 1266
11161 36
11162 33
11163 89
11164 33
11165 89
11166 33
11167 77
11168 210
11169 1113
11170 267
11171 1113
11172 33
11173 30
11174 1109
11175 56
11176 101
11177 971
11178 1113
11179 110
11180 89
11181 76
11182 129
11183 89
11184 262
11185 110
11186 1295
11187 1295
11188 1133
11189 1295
11190 1295
11191 1295
11192 1295
11193 1295
11194 1295
11195 89
11196 18
11197 18
11198 267
11199 1295
11200 1133
11201 1295
11202 18
11203 262
11204 1295
11205 33
11206 1109
11207 1295
11208 1110
11209 1295
11210 1295
11211 1295
11212 1295
11213 1295
11214 1295
11215 18
11216 1295
11217 1295
11218 1295
11219 1133
11220 1133
11221 1295
11222 1295
11223 45
11224 1295
11225 1295
11226 86
11227 1295
11228 1133
11229 1295
11230 1109
11231 182
11232 33
11233 1295
11234 21
11235 1295
11236 10
11237 1293
11238 1118
11239 1109
11240 1295
11241 100
11242 1110
11243 262
11244 1109
11245 1295
11246 1295
11247 1295
11248 747
11249 1295
11250 1367
11251 110
11252 1295
11253 1295
11254 1295
11255 1295
11256 1295
11257 1295
11258 1295
11259 1295
11260 1295
11261 1295
11262 1295
11263 1295
11264 1295
11265 1295
11266 1295
11267 1109
11268 18
11269 1133
11270 12
11271 1109
11272 18
11273 1295
11274 1295
11275 971
11276 1295
11277 1295
11278 18
11279 18
11280 1295
11281 48
11282 86
11283 18
11284 1109
11285 1272
11286 1295
11287 48
11288 1295
11289 1109
11290 1118
11291 1118
11292 1295
11293 1110
11294 1295
11295 33
11296 89
11297 1133
11298 89
11299 1295
11300 1113
11301 241
11302 1118
11303 1118
11304 1118
11305 1118
11306 1118
11307 1118
11308 1118
11309 1118
11310 1118
11311 1118
11312 1118
11313 30
11314 77
11315 139
11316 971
11317 1109
11318 89
11319 747
11320 1295
11321 262
11322 36
11323 104
11324 104
11325 1133
11326 100
11327 971
11328 971
11329 971
11330 971
11331 1113
11332 1125
11333 1112
11334 1295
11335 1118
11336 1295
11337 1113
11338 100
11339 48
11340 1133
11341 1118
11342 1295
11343 18
11344 262
11345 1113
11346 1295
11347 182
11348 1295
11349 5
11350 1113
11351 1295
11352 1133
11353 182
11354 1109
11355 1118
11356 1109
11357 1113
11358 1133
11359 1295
11360 89
11361 142
11362 18
11363 1295
11364 1113
11365 182
11366 1295
11367 267
11368 18
11369 1113
11370 1272
11371 1394
11372 1394
11373 1110
11374 272
11375 1295
11376 21
11377 1394
11378 1394
11379 1394
11380 1394
11381 89
