1 31
2 33
3 2
4 3
5 4
6 5
7 8
8 240
9 8
10 9
11 10
12 11
13 12
14 13
15 113
16 15
17 16
18 17
19 44
20 476
21 101
22 21
23 75
24 23
25 24
26 25
27 26
28 27
29 28
30 240
31 121
32 31
33 13
34 32
35 33
36 34
37 81
38 36
39 23
40 37
41 38
42 39
43 26
44 55
45 41
46 49
47 91
48 17
49 44
50 125
51 46
52 47
53 344
54 49
55 44
56 118
57 51
58 52
59 13
60 477
61 125
62 55
63 56
64 121
65 15
66 58
67 59
68 109
69 478
70 58
71 62
72 63
73 64
74 132
75 113
76 347
77 68
78 33
79 41
80 49
81 25
82 51
83 72
84 73
85 74
86 75
87 46
88 76
89 77
90 78
91 79
92 80
93 81
94 78
95 83
96 64
97 5
98 85
99 86
100 24
101 87
102 81
103 8
104 8
105 13
106 88
107 81
108 23
109 23
110 11
111 91
112 92
113 37
114 88
115 25
116 78
117 51
118 96
119 97
120 26
121 99
122 100
123 101
124 74
125 27
126 11
127 104
128 162
129 162
130 479
131 76
132 38
133 24
134 11
135 108
136 109
137 16
138 148
139 68
140 112
141 113
142 81
143 480
144 87
145 23
146 112
147 79
148 8
149 116
150 100
151 118
152 99
153 75
154 4
155 113
156 23
157 119
158 481
159 121
160 99
161 72
162 80
163 74
164 75
165 9
166 123
167 148
168 41
169 41
170 125
171 56
172 80
173 126
174 85
175 127
176 51
177 11
178 129
179 85
180 113
181 132
182 81
183 130
184 142
185 132
186 32
187 482
188 8
189 129
190 59
191 13
192 155
193 13
194 78
195 74
196 31
197 137
198 138
199 68
200 16
201 352
202 140
203 74
204 141
205 142
206 112
207 55
208 143
209 96
210 144
211 151
212 23
213 74
214 21
215 37
216 13
217 81
218 74
219 31
220 146
221 64
222 81
223 27
224 21
225 59
226 113
227 80
228 49
229 99
230 132
231 148
232 33
233 46
234 126
235 3
236 151
237 141
238 153
239 25
240 68
241 154
242 74
243 99
244 38
245 63
246 9
247 155
248 13
249 13
250 113
251 3
252 74
253 8
254 119
255 8
256 31
257 109
258 21
259 119
260 138
261 47
262 483
263 62
264 127
265 126
266 23
267 37
268 9
269 162
270 9
271 484
272 74
273 101
274 121
275 13
276 41
277 11
278 13
279 74
280 154
281 38
282 74
283 72
284 129
285 73
286 148
287 37
288 26
289 36
290 63
291 55
292 49
293 41
294 123
295 118
296 8
297 77
298 104
299 142
300 355
301 86
302 148
303 116
304 73
305 88
306 129
307 99
308 10
309 47
310 49
311 25
312 162
313 101
314 3
315 113
316 8
317 85
318 25
319 74
320 485
321 74
322 80
323 13
324 74
325 80
326 5
327 24
328 13
329 140
330 155
331 99
332 49
333 63
334 36
335 8
336 112
337 13
338 3
339 104
340 24
341 4
342 27
343 79
344 32
345 12
346 78
347 74
348 25
349 140
350 99
351 44
352 49
353 16
354 123
355 49
356 34
357 21
358 91
359 104
360 77
361 75
362 130
363 129
364 140
365 9
366 31
367 112
368 11
369 74
370 81
371 12
372 49
373 180
374 47
375 55
376 73
377 31
378 58
379 4
380 8
381 2
382 74
383 8
384 109
385 357
386 55
387 99
388 100
389 27
390 32
391 125
392 486
393 8
394 148
395 81
396 144
397 17
398 180
399 10
400 31
401 74
402 13
403 13
404 33
405 31
406 32
407 146
408 118
409 37
410 17
411 46
412 51
413 32
414 140
415 184
416 112
417 13
418 31
419 73
420 23
421 113
422 141
423 79
424 81
425 74
426 56
427 13
428 123
429 487
430 9
431 32
432 141
433 52
434 81
435 488
436 101
437 34
438 74
439 74
440 119
441 189
442 132
443 74
444 113
445 148
446 17
447 32
448 99
449 75
450 31
451 3
452 80
453 132
454 91
455 21
456 21
457 51
458 16
459 361
460 56
461 9
462 80
463 81
464 87
465 75
466 27
467 113
468 489
469 140
470 99
471 119
472 25
473 63
474 148
475 44
476 129
477 490
478 141
479 79
480 8
481 27
482 13
483 37
484 100
485 16
486 85
487 119
488 33
489 364
490 32
491 91
492 74
493 112
494 47
495 125
496 4
497 86
498 74
499 39
500 113
501 25
502 132
503 85
504 34
505 365
506 113
507 38
508 113
509 151
510 33
511 39
512 13
513 21
514 21
515 113
516 92
517 132
518 55
519 5
520 47
521 88
522 91
523 13
524 141
525 99
526 99
527 23
528 148
529 118
530 112
531 116
532 121
533 491
534 56
535 15
536 492
537 83
538 49
539 74
540 47
541 143
542 86
543 26
544 78
545 99
546 49
547 88
548 74
549 493
550 155
551 88
552 85
553 13
554 34
555 12
556 44
557 155
558 76
559 31
560 16
561 21
562 25
563 8
564 23
565 99
566 74
567 142
568 47
569 87
570 184
571 9
572 104
573 137
574 99
575 74
576 34
577 154
578 47
579 55
580 116
581 63
582 76
583 13
584 21
585 104
586 51
587 46
588 99
589 25
590 126
591 46
592 36
593 36
594 113
595 13
596 46
597 116
598 13
599 130
600 74
601 27
602 494
603 49
604 13
605 99
606 116
607 31
608 8
609 13
610 495
611 28
612 47
613 99
614 77
615 27
616 74
617 371
618 38
619 49
620 141
621 36
622 16
623 189
624 37
625 162
626 74
627 24
628 51
629 24
630 85
631 372
632 99
633 189
634 75
635 151
636 113
637 74
638 108
639 47
640 31
641 126
642 119
643 64
644 153
645 96
646 74
647 34
648 13
649 8
650 32
651 5
652 11
653 373
654 9
655 27
656 13
657 23
658 36
659 72
660 31
661 121
662 51
663 101
664 112
665 132
666 86
667 23
668 74
669 101
670 8
671 83
672 27
673 112
674 374
675 56
676 77
677 99
678 108
679 27
680 96
681 141
682 496
683 39
684 47
685 97
686 86
687 23
688 12
689 17
690 41
691 109
692 78
693 55
694 85
695 497
