1897 76
1898 40
1899 208
1900 1
1901 103
1902 8
1903 1
1904 3
1905 26
1906 5
1907 3
1908 267
1909 62
1910 8
1911 30
1912 12
1913 62
1914 208
1915 1
1916 56
1917 100
1918 8
1919 26
1920 208
1921 76
1922 76
1923 23
1924 26
1925 8
1926 232
1927 163
1928 5
1929 23
1930 1
1931 208
1932 172
1933 100
1934 41
1935 138
1936 210
1937 243
1938 295
1939 208
1940 62
1941 26
1942 62
1943 175
1944 62
1945 950
1946 27
1947 62
1948 91
1949 163
1950 26
1951 208
1952 62
1953 103
1954 23
1955 262
1956 8
1957 27
1958 76
1959 12
1960 243
1961 56
1962 18
1963 48
1964 1
1965 170
1966 77
1967 902
1968 59
1969 55
1970 1
1971 62
1972 25
1973 76
1974 1
1975 27
1976 103
1977 30
1978 222
1979 23
1980 243
1981 25
1982 243
1983 27
1984 243
1985 146
1986 55
1987 25
1988 25
1989 14
1990 25
1991 27
1992 267
1993 100
1994 48
1995 208
1996 163
1997 48
1998 21
1999 56
2000 208
2001 170
2002 53
2003 53
2004 208
2005 62
2006 77
2007 86
2008 55
2009 210
2010 208
2011 155
2012 55
2013 127
2014 11
2015 295
2016 222
2017 208
2018 100
2019 208
2020 100
2021 181
2022 295
2023 5
2024 56
2025 27
2026 86
2027 903
2028 210
2029 774
2030 172
2031 210
2032 100
2033 76
2034 904
2035 23
2036 77
2037 210
2038 272
2039 39
2040 140
2041 41
2042 77
2043 62
2044 62
2045 100
2046 100
2047 86
2048 41
2049 232
2050 184
2051 140
2052 25
2053 204
2054 208
2055 23
2056 25
2057 774
2058 14
2059 7
2060 5
2061 62
2062 1
2063 208
2064 30
2065 62
2066 110
2067 155
2068 57
2069 56
2070 8
2071 57
2072 57
2073 40
2074 184
2075 14
2076 1
2077 204
2078 241
2079 208
2080 959
2081 27
2082 204
2083 774
2084 5
2085 77
2086 39
2087 26
2088 52
2089 131
2090 100
2091 208
2092 89
2093 64
2094 906
2095 23
2096 27
2097 170
2098 57
2099 204
2100 52
2101 57
2102 184
2103 5
2104 907
2105 142
2106 76
2107 100
2108 100
2109 29
2110 48
2111 780
2112 39
2113 23
2114 39
2115 208
2116 20
2117 5
2118 57
2119 185
2120 210
2121 64
2122 26
2123 8
2124 204
2125 57
2126 57
2127 1
2128 57
2129 204
2130 64
2131 64
2132 48
2133 3
2134 243
2135 64
2136 243
2137 155
2138 77
2139 3
2140 91
2141 103
2142 175
2143 8
2144 50
2145 208
2146 8
2147 18
2148 41
2149 64
2150 41
2151 41
2152 64
2153 52
2154 53
2155 57
2156 25
2157 86
2158 41
2159 64
2160 64
2161 57
2162 64
2163 84
2164 64
2165 76
2166 155
2167 155
2168 184
2169 146
2170 155
2171 41
2172 155
2173 146
2174 36
2175 36
2176 295
2177 142
2178 23
2179 908
2180 27
2181 210
2182 14
2183 1
2184 36
2185 40
2186 36
2187 62
2188 5
2189 36
2190 222
2191 5
2192 45
2193 1
2194 53
2195 26
2196 204
2197 1
2198 30
2199 100
2200 146
2201 45
2202 56
2203 100
2204 23
2205 82
2206 155
2207 5
2208 52
2209 100
2210 23
2211 129
2212 28
2213 155
2214 76
2215 0
2216 41
2217 175
2218 36
2219 774
2220 5
2221 45
2222 28
2223 1
2224 45
2225 45
2226 45
2227 62
2228 45
2229 25
2230 774
2231 45
2232 62
2233 45
2234 774
2235 57
2236 26
2237 36
2238 36
2239 57
2240 30
2241 774
2242 45
2243 45
2244 45
2245 780
2246 5
2247 774
2248 25
2249 45
2250 18
2251 62
2252 45
2253 27
2254 45
2255 91
2256 45
2257 103
2258 45
2259 971
2260 785
2261 41
2262 155
2263 45
2264 106
2265 20
2266 127
2267 909
2268 36
2269 222
2270 36
2271 57
2272 100
2273 45
2274 129
2275 45
2276 7
2277 36
2278 23
2279 41
2280 57
2281 129
2282 103
2283 129
2284 36
2285 7
2286 3
2287 36
2288 36
2289 25
2290 104
2291 129
2292 129
2293 129
2294 25
2295 70
2296 57
2297 36
2298 155
2299 56
2300 146
2301 102
2302 36
2303 36
2304 57
2305 28
2306 0
2307 57
2308 84
2309 53
2310 53
2311 91
2312 103
2313 103
2314 103
2315 103
2316 7
2317 70
2318 243
2319 36
2320 55
2321 208
2322 103
2323 100
2324 7
2325 36
2326 76
2327 36
2328 0
2329 57
2330 188
2331 204
2332 210
2333 36
2334 103
2335 41
2336 910
2337 3
2338 48
2339 36
2340 911
2341 175
2342 36
2343 937
2344 41
2345 243
2346 3
2347 23
2348 3
2349 208
2350 57
2351 155
2352 8
2353 7
2354 262
2355 91
2356 25
2357 45
2358 127
2359 45
2360 36
2361 232
2362 5
2363 110
2364 208
2365 45
2366 31
2367 18
2368 185
2369 1
2370 140
2371 29
2372 243
2373 41
2374 155
2375 140
2376 56
2377 30
2378 142
2379 41
2380 62
2381 208
2382 52
2383 36
2384 155
2385 82
2386 28
2387 3
2388 27
2389 41
2390 76
2391 33
2392 45
2393 62
2394 52
2395 103
2396 45
2397 57
2398 62
2399 36
2400 155
2401 142
2402 70
2403 28
2404 14
2405 142
2406 14
2407 142
2408 57
2409 140
2410 36
2411 62
2412 103
2413 70
2414 140
2415 142
2416 142
2417 30
2418 243
2419 36
2420 142
2421 76
2422 142
2423 142
2424 142
2425 142
2426 142
2427 45
2428 28
2429 142
2430 142
2431 142
2432 140
2433 36
2434 774
2435 56
2436 56
2437 56
2438 103
2439 791
2440 212
2441 100
2442 791
2443 62
2444 243
2445 62
2446 77
2447 27
2448 23
2449 142
2450 70
2451 142
2452 222
2453 155
2454 33
2455 146
2456 142
2457 243
2458 36
2459 33
2460 0
2461 232
2462 142
2463 36
2464 792
2465 129
2466 56
2467 175
2468 45
2469 791
2470 241
2471 89
2472 0
2473 41
2474 3
2475 26
2476 791
2477 5
2478 91
2479 7
2480 64
2481 146
2482 3
2483 26
2484 208
2485 0
2486 77
2487 33
2488 62
2489 791
2490 131
2491 791
2492 243
2493 29
2494 36
2495 130
2496 70
2497 792
2498 3
2499 6
2500 162
2501 170
2502 55
2503 30
2504 76
2505 11
2506 91
2507 130
2508 56
2509 69
2510 6
2511 21
2512 50
2513 27
2514 129
2515 791
2516 56
2517 170
2518 69
2519 6
2520 84
2521 131
2522 6
2523 39
2524 175
2525 84
2526 6
2527 142
2528 110
2529 3
2530 129
2531 56
2532 41
2533 6
2534 57
2535 127
2536 41
2537 791
2538 7
2539 23
2540 146
2541 204
2542 101
2543 134
2544 232
2545 232
2546 31
2547 232
2548 791
2549 155
2550 791
2551 791
2552 100
2553 54
2554 232
2555 232
2556 791
2557 100
2558 232
2559 70
2560 791
2561 791
2562 77
2563 232
2564 232
2565 232
2566 6
2567 6
2568 50
2569 232
2570 222
2571 791
2572 142
2573 232
2574 57
2575 110
2576 142
2577 138
2578 184
2579 12
2580 29
2581 103
2582 791
2583 232
2584 232
2585 774
2586 232
2587 791
2588 56
2589 140
2590 232
2591 12
2592 232
2593 142
2594 56
2595 811
2596 791
2597 232
2598 295
2599 791
2600 14
2601 6
2602 243
2603 100
2604 185
2605 232
2606 232
2607 262
2608 27
2609 57
2610 232
2611 175
2612 53
2613 791
2614 232
2615 27
2616 69
2617 8
2618 184
2619 6
2620 1
2621 77
2622 8
2623 232
2624 170
2625 129
2626 54
2627 129
2628 791
2629 212
2630 208
2631 272
2632 26
2633 127
2634 48
2635 25
2636 6
2637 232
2638 185
2639 791
2640 142
2641 7
2642 146
2643 208
2644 6
2645 3
2646 222
2647 155
2648 140
2649 791
2650 0
2651 791
2652 185
2653 913
2654 36
2655 7
2656 215
2657 6
2658 57
2659 262
2660 146
2661 129
2662 62
2663 6
2664 36
2665 146
2666 208
2667 6
2668 70
2669 232
2670 76
2671 232
2672 62
2673 232
2674 70
2675 774
2676 29
2677 262
2678 6
2679 791
2680 0
2681 36
2682 142
2683 27
2684 23
2685 146
2686 232
2687 103
2688 76
2689 142
2690 184
2691 142
2692 232
2693 48
2694 791
2695 774
2696 232
2697 6
2698 23
2699 103
2700 23
2701 0
2702 62
2703 127
2704 23
2705 69
2706 129
2707 91
2708 27
2709 142
2710 222
2711 6
2712 0
2713 106
2714 222
2715 791
2716 103
2717 103
2718 232
2719 8
2720 18
2721 140
2722 295
2723 57
2724 7
2725 12
2726 57
2727 28
2728 91
2729 184
2730 36
2731 134
2732 45
2733 7
2734 140
2735 791
2736 86
2737 100
2738 86
2739 40
2740 791
2741 36
2742 914
2743 82
2744 45
2745 86
2746 86
2747 40
2748 77
2749 59
2750 110
2751 45
2752 3
2753 23
2754 57
2755 7
2756 30
2757 184
2758 6
2759 791
2760 222
2761 146
2762 40
2763 86
2764 53
2765 65
2766 12
2767 53
2768 41
2769 76
2770 23
2771 86
2772 64
2773 184
2774 100
2775 155
2776 791
2777 232
2778 0
2779 57
2780 11
2781 7
2782 204
2783 791
2784 86
2785 76
2786 27
2787 62
2788 45
2789 86
2790 7
2791 232
2792 28
2793 27
2794 86
2795 45
2796 5
2797 76
2798 146
2799 76
2800 8
2801 76
2802 26
2803 26
2804 23
2805 76
2806 39
2807 26
2808 7
2809 6
2810 185
2811 45
2812 45
2813 45
2814 45
2815 45
2816 45
2817 45
2818 45
2819 45
2820 57
2821 7
2822 45
2823 36
2824 791
2825 21
2826 45
2827 23
2828 45
2829 262
2830 45
2831 45
2832 142
2833 45
2834 36
2835 57
2836 45
2837 65
2838 45
2839 6
2840 45
2841 56
2842 45
2843 45
2844 129
2845 45
2846 11
2847 155
2848 6
2849 57
2850 184
2851 155
2852 243
2853 76
2854 23
2855 28
2856 243
2857 262
2858 3
2859 210
2860 45
2861 243
2862 243
2863 915
2864 27
2865 791
2866 791
2867 791
2868 76
2869 232
2870 232
2871 243
2872 41
2873 76
2874 84
2875 295
2876 791
2877 103
2878 36
2879 232
2880 232
2881 64
2882 21
2883 7
2884 33
2885 791
2886 8
2887 86
2888 27
2889 36
2890 7
2891 57
2892 243
2893 45
2894 102
2895 146
2896 64
2897 76
2898 791
2899 0
2900 10
2901 10
2902 791
2903 0
2904 262
2905 791
2906 28
2907 77
2908 243
2909 103
2910 243
2911 140
2912 103
2913 103
2914 103
2915 103
2916 103
2917 62
2918 103
2919 791
2920 45
2921 76
2922 7
2923 791
2924 76
2925 103
2926 76
2927 243
2928 232
2929 86
2930 33
2931 76
2932 76
2933 210
2934 232
2935 243
2936 76
2937 76
2938 232
2939 103
2940 76
2941 243
2942 791
2943 69
2944 76
2945 76
2946 57
2947 243
2948 76
2949 76
2950 76
2951 204
2952 76
2953 28
2954 76
2955 8
2956 76
2957 7
2958 791
2959 76
2960 243
2961 791
2962 765
2963 76
2964 208
2965 36
2966 76
2967 76
2968 62
2969 36
2970 140
2971 45
2972 76
2973 10
2974 243
2975 76
2976 130
2977 100
2978 45
2979 243
2980 23
2981 791
2982 76
2983 53
2984 76
2985 76
2986 204
2987 295
2988 232
2989 0
2990 23
2991 36
2992 103
2993 791
2994 785
2995 62
2996 76
2997 184
2998 243
2999 76
3000 76
3001 76
3002 45
3003 76
3004 76
3005 76
3006 10
3007 100
3008 188
3009 243
3010 791
3011 76
3012 76
3013 76
3014 45
3015 76
3016 76
3017 245
3018 57
3019 262
3020 243
3021 791
3022 7
3023 76
3024 100
3025 23
3026 106
3027 23
3028 76
3029 55
3030 36
3031 45
3032 26
3033 215
3034 28
3035 82
3036 100
3037 791
3038 11
3039 76
3040 3
3041 33
3042 106
3043 184
3044 48
3045 155
3046 134
3047 102
3048 131
3049 8
3050 86
3051 791
3052 103
3053 103
3054 232
3055 64
3056 791
3057 155
3058 28
3059 45
3060 243
3061 76
3062 76
3063 76
3064 76
3065 170
3066 76
3067 69
3068 155
3069 62
3070 129
3071 33
3072 8
3073 204
3074 62
3075 173
3076 91
3077 62
3078 52
3079 243
3080 52
3081 62
3082 0
3083 39
3084 262
3085 791
3086 917
3087 0
3088 243
3089 76
3090 86
3091 56
3092 18
3093 262
3094 76
3095 76
3096 170
3097 102
3098 103
3099 21
3100 36
3101 45
3102 76
3103 138
3104 262
3105 791
3106 62
3107 21
3108 184
3109 188
3110 243
3111 155
3112 243
3113 12
3114 45
3115 54
3116 53
3117 62
3118 76
3119 791
3120 39
3121 262
3122 76
3123 184
3124 791
3125 146
3126 26
3127 243
3128 204
3129 140
3130 791
3131 791
3132 76
3133 0
3134 146
3135 12
3136 208
3137 243
3138 55
3139 41
3140 208
3141 243
3142 26
3143 214
3144 188
3145 5
3146 243
3147 91
3148 57
3149 791
3150 791
3151 243
3152 791
3153 918
3154 138
3155 36
3156 791
3157 100
3158 28
3159 5
3160 791
3161 791
3162 10
3163 18
3164 262
3165 100
3166 14
3167 170
3168 262
3169 36
3170 55
3171 41
3172 77
3173 77
3174 8
3175 86
3176 958
3177 77
3178 0
3179 3
3180 57
3181 791
3182 243
3183 57
3184 26
3185 791
3186 243
3187 791
3188 791
3189 208
3190 791
3191 131
3192 188
3193 77
3194 184
3195 86
3196 262
3197 36
3198 919
3199 791
3200 791
3201 241
3202 185
3203 3
3204 146
3205 7
3206 55
3207 155
3208 232
3209 3
3210 86
3211 28
3212 57
3213 184
3214 791
3215 110
3216 184
3217 262
3218 103
3219 36
3220 18
3221 208
3222 215
3223 48
3224 184
3225 103
3226 86
3227 30
3228 76
3229 155
3230 40
3231 21
3232 62
3233 785
3234 243
3235 76
3236 791
3237 76
3238 184
3239 77
3240 146
3241 146
3242 0
3243 86
3244 184
3245 791
3246 204
3247 0
3248 184
3249 106
3250 106
3251 53
3252 262
3253 86
3254 172
3255 920
3256 36
3257 184
3258 57
3259 155
3260 57
3261 937
3262 76
3263 765
3264 791
3265 791
3266 262
3267 36
3268 23
3269 243
3270 204
3271 110
3272 208
3273 33
3274 60
3275 23
3276 69
3277 23
3278 11
3279 262
3280 11
3281 21
3282 184
3283 184
3284 28
3285 103
3286 69
3287 69
3288 69
3289 69
3290 69
3291 69
3292 23
3293 208
3294 4
3295 791
3296 27
3297 86
3298 184
3299 791
3300 53
3301 76
3302 26
3303 69
3304 23
3305 36
3306 55
3307 53
3308 791
3309 791
3310 4
3311 27
3312 184
3313 791
3314 791
3315 155
3316 7
3317 791
3318 103
3319 791
3320 100
3321 243
3322 59
3323 4
3324 4
3325 170
3326 76
3327 27
3328 155
3329 155
3330 27
3331 76
3332 7
3333 0
3334 4
3335 4
3336 36
3337 1
3338 25
3339 791
3340 86
3341 11
3342 11
3343 7
3344 69
3345 110
3346 48
3347 791
3348 155
3349 77
3350 26
3351 76
3352 170
3353 53
3354 91
3355 26
3356 45
3357 173
3358 23
3359 45
3360 791
3361 155
3362 52
3363 4
3364 53
3365 40
3366 4
3367 45
3368 155
3369 791
3370 45
3371 75
3372 11
3373 4
3374 76
3375 184
3376 0
3377 5
3378 40
3379 91
3380 23
3381 5
3382 3
3383 170
3384 791
3385 39
3386 791
3387 3
3388 184
3389 53
3390 241
3391 65
3392 23
3393 103
3394 77
3395 138
3396 28
3397 173
3398 36
3399 36
3400 76
3401 21
3402 267
3403 5
3404 53
3405 210
3406 7
3407 52
3408 140
3409 765
3410 76
3411 28
3412 155
3413 39
3414 23
3415 57
3416 173
3417 155
3418 76
3419 70
3420 7
3421 100
3422 76
3423 36
3424 155
3425 23
3426 791
3427 45
3428 36
3429 106
3430 76
3431 76
3432 76
3433 214
3434 103
3435 76
3436 764
3437 76
3438 33
3439 7
3440 100
3441 791
3442 36
3443 76
3444 7
3445 7
3446 184
3447 76
3448 91
3449 28
3450 7
3451 76
3452 76
3453 243
3454 791
3455 53
3456 76
3457 243
3458 76
3459 811
3460 103
3461 76
3462 76
3463 18
3464 184
3465 4
3466 146
3467 129
3468 36
3469 77
3470 69
3471 155
3472 170
3473 155
3474 791
3475 45
3476 959
3477 3
3478 104
3479 791
3480 76
3481 23
3482 45
3483 28
3484 173
3485 7
3486 4
3487 184
3488 8
3489 4
3490 243
3491 45
3492 184
3493 184
3494 77
3495 791
3496 48
3497 184
3498 76
3499 7
3500 138
3501 155
3502 45
3503 91
3504 102
3505 791
3506 27
3507 36
3508 23
3509 4
3510 45
3511 791
3512 23
3513 7
3514 243
3515 45
3516 5
3517 27
3518 26
3519 958
3520 52
3521 4
3522 91
3523 4
3524 45
3525 0
3526 921
3527 791
3528 56
3529 146
3530 4
3531 56
3532 27
3533 91
3534 185
3535 33
3536 103
3537 204
3538 142
3539 181
3540 791
3541 184
3542 0
3543 23
3544 170
3545 184
3546 45
3547 184
3548 45
3549 184
3550 100
3551 791
3552 23
3553 950
3554 100
3555 45
3556 184
3557 3
3558 134
3559 102
3560 23
3561 27
3562 31
3563 0
3564 53
3565 26
3566 7
3567 91
3568 146
3569 27
3570 28
3571 23
3572 272
3573 791
3574 4
3575 100
3576 45
3577 222
3578 4
3579 45
3580 76
3581 86
3582 184
3583 41
3584 140
3585 4
3586 45
3587 26
3588 91
3589 45
3590 26
3591 53
3592 91
3593 791
3594 188
3595 53
3596 53
3597 77
3598 53
3599 170
3600 181
3601 53
3602 170
3603 40
3604 3
3605 971
3606 155
3607 810
3608 791
3609 184
3610 82
3611 184
3612 53
3613 53
3614 53
3615 91
3616 184
3617 173
3618 18
3619 184
3620 53
3621 86
3622 134
3623 45
3624 91
3625 45
3626 48
3627 48
3628 7
3629 5
3630 53
3631 134
3632 52
3633 76
3634 91
3635 45
3636 62
3637 45
3638 45
3639 0
3640 127
3641 45
3642 45
3643 45
3644 48
3645 48
3646 181
3647 791
3648 76
3649 77
3650 45
3651 7
3652 101
3653 5
3654 45
3655 45
3656 45
3657 45
3658 7
3659 45
3660 5
3661 45
3662 23
3663 45
3664 45
3665 45
3666 810
3667 45
3668 45
3669 210
3670 45
3671 45
3672 45
3673 204
3674 45
3675 102
3676 102
3677 102
3678 45
3679 26
3680 48
3681 45
3682 45
3683 45
3684 45
3685 45
3686 100
3687 811
3688 45
3689 56
3690 45
3691 45
3692 41
3693 4
3694 45
3695 45
3696 48
3697 5
3698 10
3699 45
3700 204
3701 45
3702 45
3703 27
3704 45
3705 45
3706 45
3707 45
3708 45
3709 45
3710 45
3711 45
3712 45
3713 45
3714 45
3715 45
3716 45
3717 57
3718 45
3719 45
3720 45
3721 45
3722 45
3723 45
3724 102
3725 45
3726 45
3727 77
3728 45
3729 10
3730 140
3731 45
3732 45
3733 86
3734 28
3735 811
3736 45
3737 23
3738 40
3739 45
3740 48
3741 188
3742 755
3743 5
3744 272
3745 69
3746 52
3747 45
3748 52
3749 45
3750 69
3751 10
3752 48
3753 100
3754 811
3755 52
3756 48
3757 91
3758 86
3759 185
3760 811
3761 57
3762 241
3763 7
3764 100
3765 10
3766 91
3767 77
3768 811
3769 184
3770 811
3771 30
3772 27
3773 52
3774 184
3775 129
3776 791
3777 811
3778 29
3779 28
3780 791
3781 36
3782 57
3783 241
3784 241
3785 215
3786 53
3787 29
3788 3
3789 48
3790 27
3791 40
3792 811
3793 923
