5691 789
5692 790
5693 56
5694 22
5695 789
5696 789
5697 133
5698 790
5699 133
5700 789
5701 110
5702 748
5703 789
5704 48
5705 748
5706 42
5707 22
5708 48
5709 67
5710 748
5711 20
5712 789
5713 790
5714 748
5715 793
5716 794
5717 110
5718 133
5719 795
5720 789
5721 133
5722 75
5723 75
5724 748
5725 797
5726 748
5727 790
5728 798
5729 748
5730 897
5731 133
5732 61
5733 20
5734 789
5735 790
5736 30
5737 133
5738 727
5739 798
5740 748
5741 797
5742 789
5743 789
5744 99
5745 22
5746 789
5747 748
5748 21
5749 800
5750 583
5751 797
5752 133
5753 789
5754 56
5755 118
5756 797
5757 801
5758 133
5759 870
5760 75
5761 789
5762 48
5763 803
5764 2
5765 133
5766 80
5767 634
5768 730
5769 61
5770 789
5771 607
5772 11
5773 56
5774 610
5775 4
5776 99
5777 30
5778 897
5779 133
5780 48
5781 21
5782 790
5783 133
5784 61
5785 635
5786 797
5787 732
5788 790
5789 61
5790 748
5791 133
5792 730
5793 75
5794 133
5795 789
5796 612
5797 797
5798 133
5799 748
5800 133
5801 30
5802 133
5803 52
5804 793
5805 26
5806 797
5807 748
5808 597
5809 56
5810 797
5811 133
5812 736
5813 133
5814 730
5815 99
5816 812
5817 588
5818 4
5819 23
5820 797
5821 748
5822 573
5823 789
5824 748
5825 48
5826 4
5827 110
5828 789
5829 797
5830 61
5831 133
5832 789
5833 789
5834 133
5835 61
5836 22
5837 812
5838 789
5839 797
5840 61
5841 813
5842 133
5843 812
5844 133
5845 748
5846 80
5847 56
5848 48
5849 815
5850 99
5851 797
5852 790
5853 797
5854 812
5855 797
5856 789
5857 789
5858 48
5859 748
5860 67
5861 15
5862 793
5863 797
5864 790
5865 789
5866 607
5867 68
5868 56
5869 133
5870 635
5871 748
5872 99
5873 597
5874 133
5875 99
5876 789
5877 133
5878 90
5879 61
5880 42
5881 99
5882 133
5883 748
5884 133
5885 48
5886 133
5887 790
5888 99
5889 133
5890 748
5891 736
5892 730
5893 736
5894 133
5895 61
5896 730
5897 110
5898 56
5899 789
5900 133
5901 789
5902 789
5903 635
5904 789
5905 42
5906 133
5907 797
5908 80
5909 588
5910 797
5911 795
5912 12
5913 789
5914 789
5915 819
5916 748
5917 837
5918 21
5919 23
5920 22
5921 789
5922 748
5923 797
5924 800
5925 48
5926 797
5927 789
5928 789
5929 748
5930 133
5931 110
5932 789
5933 797
5934 133
5935 56
5936 75
5937 789
5938 797
5939 821
5940 819
5941 793
5942 56
5943 748
5944 80
5945 23
5946 790
5947 789
5948 730
5949 797
5950 75
5951 133
5952 748
5953 20
5954 133
5955 789
5956 50
5957 61
5958 789
5959 23
5960 61
5961 99
5962 812
5963 133
5964 810
5965 748
5966 815
5967 99
5968 612
5969 748
5970 99
5971 797
5972 133
5973 789
5974 823
5975 620
5976 789
5977 133
5978 133
5979 133
5980 48
5981 43
5982 110
5983 75
5984 789
5985 635
5986 797
5987 789
5988 797
5989 133
5990 748
5991 800
5992 635
5993 748
5994 37
5995 588
5996 795
5997 2
5998 748
5999 80
6000 797
6001 607
6002 22
6003 748
6004 800
6005 133
6006 727
6007 789
6008 110
6009 797
6010 795
6011 789
6012 133
6013 61
6014 823
6015 148
6016 800
6017 635
6018 30
6019 133
6020 789
6021 2
6022 37
6023 20
6024 748
6025 48
6026 133
6027 797
6028 110
6029 587
6030 812
6031 789
6032 793
6033 789
6034 50
6035 48
6036 45
6037 789
6038 790
6039 789
6040 90
6041 748
6042 133
6043 790
6044 133
6045 133
6046 23
6047 75
6048 61
6049 748
6050 133
6051 61
6052 790
6053 61
6054 748
6055 587
6056 133
6057 133
6058 797
6059 815
6060 815
6061 748
6062 133
6063 127
6064 748
6065 67
6066 133
6067 48
6068 110
6069 748
6070 597
6071 810
6072 22
6073 815
6074 133
6075 748
6076 21
6077 612
6078 48
6079 133
6080 748
6081 15
6082 800
6083 59
6084 797
6085 800
6086 587
6087 61
6088 748
6089 80
6090 80
6091 61
6092 789
6093 793
6094 800
6095 80
6096 789
6097 133
6098 61
6099 50
6100 133
6101 837
6102 133
6103 790
6104 797
6105 48
6106 48
6107 133
6108 61
6109 133
6110 612
6111 797
6112 800
6113 80
6114 635
6115 789
6116 801
6117 133
6118 800
6119 43
6120 748
6121 133
6122 99
6123 812
6124 797
6125 75
6126 20
6127 56
6128 812
6129 748
6130 133
6131 4
6132 812
6133 587
6134 736
6135 99
6136 797
6137 110
6138 748
6139 748
6140 610
6141 99
6142 607
6143 789
6144 133
6145 99
6146 99
6147 801
6148 789
6149 20
6150 68
6151 133
6152 797
6153 133
6154 113
6155 23
6156 797
6157 133
6158 819
6159 607
6160 789
6161 813
6162 22
6163 20
6164 133
6165 133
6166 133
6167 607
6168 22
6169 30
6170 748
6171 635
6172 99
6173 133
6174 815
6175 797
6176 22
6177 99
6178 26
6179 797
6180 61
6181 797
6182 797
6183 797
6184 789
6185 50
6186 99
6187 56
6188 30
6189 133
6190 133
6191 22
6192 607
6193 67
6194 748
6195 99
6196 813
6197 797
6198 748
6199 133
6200 133
6201 56
6202 789
6203 748
6204 789
6205 748
6206 797
6207 795
6208 61
6209 597
6210 75
6211 748
6212 797
6213 61
6214 789
6215 123
6216 20
6217 789
6218 789
6219 80
6220 797
6221 789
6222 48
6223 748
6224 133
6225 61
6226 748
6227 872
6228 44
6229 748
6230 635
6231 797
6232 53
6233 61
6234 86
6235 48
6236 133
6237 812
6238 789
6239 48
6240 597
6241 797
6242 610
6243 797
6244 748
6245 597
6246 133
6247 20
6248 896
6249 61
6250 795
6251 133
6252 748
6253 48
6254 789
6255 634
6256 789
6257 48
6258 48
6259 56
6260 99
6261 612
6262 607
6263 75
6264 99
6265 23
6266 48
6267 30
6268 133
6269 61
6270 789
6271 789
6272 812
6273 748
6274 634
6275 823
6276 48
6277 748
6278 789
6279 61
6280 748
6281 61
6282 133
6283 133
6284 789
6285 797
6286 37
6287 75
6288 110
6289 133
6290 56
6291 800
6292 797
6293 819
6294 133
6295 812
6296 50
6297 22
6298 793
6299 812
6300 110
6301 80
6302 612
6303 790
6304 50
6305 80
6306 748
6307 80
6308 789
6309 48
6310 789
6311 634
6312 133
6313 801
6314 797
6315 797
6316 133
6317 110
6318 133
6319 110
6320 99
6321 634
6322 80
6323 789
6324 797
6325 748
6326 797
6327 133
6328 133
6329 133
6330 789
6331 75
6332 748
6333 812
6334 815
6335 61
6336 80
6337 821
6338 607
6339 812
6340 789
6341 99
6342 793
6343 133
6344 133
6345 110
6346 80
6347 56
6348 797
6349 110
6350 789
6351 789
6352 748
6353 52
6354 588
6355 75
6356 797
6357 748
6358 797
6359 133
6360 22
6361 793
6362 748
6363 790
6364 748
6365 732
6366 789
6367 795
6368 133
6369 795
6370 610
6371 789
6372 133
6373 736
6374 133
6375 797
6376 800
6377 795
6378 789
6379 789
6380 110
6381 789
6382 789
6383 56
6384 48
6385 797
6386 99
6387 789
6388 48
6389 99
6390 801
6391 2
6392 110
6393 99
6394 790
6395 748
6396 730
6397 133
6398 133
6399 798
6400 801
6401 748
6402 789
6403 75
6404 896
6405 48
6406 21
6407 67
6408 797
6409 67
6410 873
6411 110
6412 730
6413 56
6414 789
6415 110
6416 797
6417 110
6418 75
6419 23
6420 727
6421 133
6422 99
6423 587
6424 30
6425 789
6426 635
6427 795
6428 133
6429 748
6430 730
6431 56
6432 133
6433 22
6434 812
6435 67
6436 133
6437 133
6438 48
6439 52
6440 133
6441 789
6442 797
6443 99
6444 50
6445 99
6446 607
6447 821
6448 133
6449 133
6450 99
6451 797
6452 730
6453 61
6454 730
6455 748
6456 99
6457 80
6458 748
6459 110
6460 748
6461 99
6462 20
6463 607
6464 789
6465 133
6466 133
6467 99
6468 133
6469 789
6470 793
6471 812
6472 789
6473 789
6474 588
6475 133
6476 789
6477 2
6478 110
6479 587
6480 789
6481 99
6482 133
6483 793
6484 20
6485 110
6486 61
6487 789
6488 22
6489 61
6490 748
6491 15
6492 797
6493 133
6494 133
6495 789
6496 612
6497 133
6498 789
6499 48
6500 99
6501 607
6502 133
6503 748
6504 801
6505 80
6506 52
6507 56
6508 800
6509 797
6510 133
6511 748
6512 797
6513 896
6514 80
6515 789
6516 133
6517 748
6518 20
6519 48
6520 812
6521 48
6522 53
6523 23
6524 789
6525 748
6526 588
6527 110
6528 789
6529 127
6530 797
6531 789
6532 133
6533 127
6534 133
6535 748
6536 635
6537 30
6538 607
6539 99
6540 812
6541 133
6542 61
6543 4
6544 110
6545 815
6546 815
6547 789
6548 133
6549 800
6550 80
6551 110
6552 789
6553 133
6554 875
6555 797
6556 133
6557 789
6558 748
6559 20
6560 30
6561 790
6562 789
6563 21
6564 61
6565 56
6566 99
6567 37
6568 48
6569 61
6570 730
6571 800
6572 80
6573 813
6574 133
6575 789
6576 133
6577 63
6578 748
6579 748
6580 99
6581 812
6582 793
6583 23
6584 52
6585 812
6586 797
6587 789
6588 748
6589 20
6590 133
6591 133
6592 790
6593 75
6594 75
6595 789
6596 42
6597 801
6598 133
6599 795
6600 48
6601 56
6602 133
6603 797
6604 110
6605 789
6606 597
6607 612
6608 797
6609 53
6610 797
6611 748
6612 133
6613 61
6614 61
6615 797
6616 748
6617 812
6618 133
6619 133
6620 99
6621 748
6622 800
6623 75
6624 588
6625 23
6626 789
6627 612
6628 797
6629 797
6630 748
6631 56
6632 21
6633 748
6634 635
6635 794
6636 67
6637 748
6638 22
6639 53
6640 793
6641 133
6642 75
6643 730
6644 133
6645 748
6646 4
6647 797
6648 797
6649 789
6650 42
6651 797
6652 30
6653 573
6654 812
6655 635
6656 90
6657 748
6658 48
6659 612
6660 812
6661 801
6662 133
6663 133
6664 790
6665 110
6666 61
6667 22
6668 133
6669 588
6670 99
6671 133
6672 133
6673 815
6674 789
6675 37
6676 133
6677 133
6678 61
6679 48
6680 99
6681 635
6682 56
6683 607
6684 30
6685 797
6686 790
6687 133
6688 730
6689 748
6690 588
6691 133
6692 797
6693 748
6694 133
6695 23
6696 789
6697 80
6698 789
6699 23
6700 20
6701 61
6702 133
6703 587
6704 797
6705 748
6706 133
6707 61
6708 789
6709 133
6710 133
6711 12
6712 61
6713 50
6714 133
6715 789
6716 789
6717 789
6718 789
6719 801
6720 789
6721 795
6722 133
6723 797
6724 789
6725 110
6726 789
6727 748
6728 810
6729 789
6730 133
6731 789
6732 789
6733 833
6734 635
6735 61
6736 830
6737 110
6738 795
6739 748
6740 43
6741 789
6742 789
6743 110
6744 789
6745 133
6746 797
6747 789
6748 50
6749 797
6750 48
6751 789
6752 748
6753 789
6754 789
6755 789
6756 75
6757 99
6758 48
6759 612
6760 99
6761 797
6762 797
6763 607
6764 133
6765 597
6766 748
6767 610
6768 99
6769 133
6770 133
6771 53
6772 110
6773 797
6774 789
6775 133
6776 797
6777 800
6778 748
6779 801
6780 748
6781 789
6782 133
6783 133
6784 789
6785 748
6786 21
6787 133
6788 797
6789 789
6790 800
6791 800
6792 789
6793 133
6794 789
6795 585
6796 800
6797 133
6798 133
6799 99
6800 75
6801 797
6802 67
6803 133
6804 789
6805 80
6806 133
6807 56
6808 133
6809 30
6810 789
6811 56
6812 588
6813 61
6814 748
6815 789
6816 801
6817 748
6818 789
6819 133
6820 789
6821 790
6822 133
6823 133
6824 789
6825 133
6826 789
6827 48
6828 797
6829 748
6830 789
6831 110
6832 133
6833 793
6834 587
6835 748
6836 86
6837 610
6838 748
6839 800
6840 133
6841 789
6842 620
6843 748
6844 22
6845 612
6846 793
6847 133
6848 133
6849 588
6850 795
6851 133
6852 607
6853 133
6854 92
6855 797
6856 789
6857 99
6858 789
6859 133
6860 61
6861 635
6862 797
6863 36
6864 797
6865 748
6866 10
6867 56
6868 110
6869 789
6870 812
6871 896
6872 789
6873 90
6874 795
6875 99
6876 42
6877 790
6878 789
6879 789
6880 99
6881 748
6882 133
6883 793
6884 68
6885 133
6886 50
6887 797
6888 75
6889 67
6890 110
6891 133
6892 797
6893 99
6894 610
6895 789
6896 61
6897 797
6898 607
6899 607
6900 748
6901 790
6902 727
6903 42
6904 23
6905 48
6906 133
6907 61
6908 133
6909 61
6910 748
6911 789
6912 748
6913 133
6914 730
6915 21
6916 23
6917 789
6918 133
6919 823
6920 789
6921 42
6922 4
6923 80
6924 99
6925 748
6926 789
6927 800
6928 833
6929 748
6930 133
6931 732
6932 22
6933 133
6934 75
6935 797
6936 50
6937 133
6938 133
6939 133
6940 30
6941 133
6942 133
6943 789
6944 789
6945 80
6946 48
6947 588
6948 110
6949 789
6950 75
6951 797
6952 797
6953 48
6954 800
6955 86
6956 110
6957 22
6958 748
6959 730
6960 573
6961 748
6962 800
6963 815
6964 133
6965 797
6966 748
6967 133
6968 748
6969 133
6970 789
6971 797
6972 748
6973 810
6974 833
6975 80
6976 801
6977 748
6978 797
6979 789
6980 797
6981 99
6982 68
6983 133
6984 610
6985 789
6986 801
6987 23
6988 748
6989 23
6990 4
6991 635
6992 2
6993 789
6994 797
6995 48
6996 133
6997 110
6998 133
6999 800
7000 597
7001 1
7002 22
7003 30
7004 148
7005 61
7006 61
7007 834
7008 133
7009 585
7010 790
7011 75
7012 61
7013 80
7014 789
7015 789
7016 800
7017 748
7018 133
7019 797
7020 789
7021 789
7022 823
7023 795
7024 876
7025 815
7026 133
7027 133
7028 797
7029 815
7030 20
7031 789
7032 797
7033 99
7034 789
7035 789
7036 99
7037 96
7038 30
7039 48
7040 789
7041 37
7042 797
7043 110
7044 789
7045 56
7046 790
7047 133
7048 797
7049 48
7050 789
7051 797
7052 61
7053 99
7054 61
7055 133
7056 812
7057 800
7058 610
7059 133
7060 748
7061 80
7062 75
7063 812
7064 23
7065 812
7066 797
7067 133
7068 133
7069 813
7070 797
7071 797
7072 748
7073 30
7074 587
7075 789
7076 4
7077 789
7078 797
7079 75
7080 48
7081 133
7082 110
7083 789
7084 61
7085 75
7086 90
7087 730
7088 75
7089 48
7090 12
7091 41
7092 812
7093 133
7094 793
7095 612
7096 790
7097 789
7098 133
7099 37
7100 789
7101 748
7102 133
7103 133
7104 61
7105 748
7106 830
7107 80
7108 75
7109 61
7110 110
7111 797
7112 587
7113 573
7114 133
7115 789
7116 133
7117 22
7118 795
7119 37
7120 61
7121 789
7122 61
7123 56
7124 75
7125 635
7126 133
7127 20
7128 21
7129 80
7130 789
7131 133
7132 56
7133 75
7134 736
7135 110
7136 790
7137 27
7138 56
7139 748
7140 110
7141 730
7142 748
7143 61
7144 789
7145 133
7146 133
7147 50
7148 587
7149 748
7150 52
7151 110
7152 789
7153 133
7154 133
7155 790
7156 789
7157 797
7158 830
7159 635
7160 790
7161 75
7162 815
7163 748
7164 748
7165 800
7166 797
7167 99
7168 133
7169 587
7170 75
7171 133
7172 99
7173 789
7174 63
7175 612
7176 61
7177 798
7178 797
7179 133
7180 133
7181 797
7182 789
7183 133
7184 23
7185 47
7186 133
7187 797
7188 800
7189 37
7190 789
7191 133
7192 797
7193 797
7194 797
7195 61
7196 133
7197 789
7198 789
7199 77
7200 797
7201 123
7202 797
7203 800
7204 80
7205 50
7206 21
7207 748
7208 75
7209 61
7210 585
7211 797
7212 133
7213 813
7214 797
7215 748
7216 815
7217 75
7218 813
7219 789
7220 790
7221 133
7222 797
7223 797
7224 21
7225 67
7226 133
7227 110
7228 793
7229 110
7230 133
7231 797
7232 50
7233 110
7234 812
7235 21
7236 133
7237 133
7238 789
7239 789
7240 133
7241 800
7242 99
7243 110
7244 67
7245 789
7246 748
7247 52
7248 790
7249 99
7250 748
7251 748
7252 834
7253 61
7254 797
7255 789
7256 110
7257 748
7258 110
7259 22
7260 133
7261 61
7262 789
7263 133
7264 110
7265 99
7266 61
7267 133
7268 133
7269 793
7270 800
7271 50
7272 789
7273 795
7274 133
7275 21
7276 748
7277 133
7278 789
7279 133
7280 133
7281 133
7282 22
7283 23
7284 80
7285 789
7286 748
7287 797
7288 21
7289 800
7290 877
7291 37
7292 810
7293 789
7294 68
7295 789
7296 837
7297 797
7298 789
7299 42
7300 56
7301 748
7302 75
7303 789
7304 748
7305 795
7306 789
7307 793
7308 50
7309 620
7310 75
7311 133
7312 748
7313 748
7314 748
7315 133
7316 99
7317 587
7318 789
7319 61
7320 789
7321 793
7322 789
7323 797
7324 797
7325 748
7326 789
7327 56
7328 99
7329 587
7330 20
7331 61
7332 610
7333 48
7334 789
7335 4
7336 789
7337 56
7338 748
7339 748
7340 56
7341 604
7342 61
7343 789
7344 67
7345 789
7346 133
7347 110
7348 748
7349 50
7350 812
7351 11
7352 789
7353 133
7354 789
7355 789
7356 789
7357 789
7358 587
7359 99
7360 80
7361 37
7362 67
7363 797
7364 789
7365 789
7366 795
7367 789
7368 133
7369 42
7370 607
7371 30
7372 789
7373 793
7374 603
7375 133
7376 75
7377 612
7378 133
7379 133
7380 59
7381 789
7382 789
7383 23
7384 830
7385 748
7386 748
7387 133
7388 790
7389 29
7390 797
7391 75
7392 748
7393 748
7394 133
7395 133
7396 23
7397 50
7398 789
7399 23
7400 789
7401 133
7402 727
7403 748
7404 789
7405 801
7406 789
7407 99
7408 797
7409 80
7410 800
7411 37
7412 133
7413 56
7414 789
7415 612
7416 133
7417 789
7418 48
7419 45
7420 43
7421 133
7422 53
7423 22
7424 133
7425 797
7426 133
7427 793
7428 80
7429 789
7430 133
7431 133
7432 790
7433 789
7434 99
7435 795
7436 23
7437 23
7438 789
7439 789
7440 748
7441 133
7442 133
7443 837
7444 795
7445 30
7446 23
7447 635
7448 795
7449 748
7450 797
7451 133
7452 597
7453 75
7454 789
7455 80
7456 797
7457 748
7458 80
7459 797
7460 61
7461 790
7462 635
7463 133
7464 748
7465 133
7466 789
7467 61
7468 133
7469 573
7470 48
7471 797
7472 789
7473 789
7474 67
7475 748
7476 50
7477 75
7478 48
7479 789
7480 789
7481 603
7482 797
7483 748
7484 37
7485 797
7486 612
7487 789
7488 11
7489 789
7490 815
7491 748
7492 133
7493 99
7494 789
7495 789
7496 789
7497 75
7498 789
7499 61
7500 133
7501 795
7502 99
7503 99
7504 803
7505 607
7506 748
7507 748
7508 133
7509 610
7510 797
7511 80
7512 61
7513 797
7514 789
7515 30
7516 22
7517 801
7518 789
7519 99
7520 795
7521 56
7522 597
7523 797
7524 797
7525 789
7526 801
7527 812
7528 795
7529 789
7530 789
7531 30
7532 789
7533 61
7534 789
7535 133
7536 22
7537 748
7538 22
7539 748
7540 48
7541 133
7542 99
7543 48
7544 812
7545 797
7546 789
7547 800
7548 75
7549 801
7550 748
7551 133
7552 61
7553 800
7554 812
7555 597
7556 61
7557 748
7558 99
7559 812
7560 795
7561 61
7562 793
7563 133
7564 61
7565 52
7566 803
7567 748
7568 789
7569 789
7570 99
7571 69
7572 133
7573 80
7574 99
7575 800
7576 789
7577 800
7578 133
7579 797
7580 22
7581 56
7582 48
7583 110
7584 36
7585 728
7586 45
7587 606
