1897 573
1898 580
1899 581
1900 41
1901 51
1902 582
1903 583
1904 587
1905 585
1906 86
1907 29
1908 586
1909 588
1910 56
1911 588
1912 613
1913 573
1914 1
1915 589
1916 590
1917 36
1918 41
1919 588
1920 56
1921 589
1922 118
1923 593
1924 72
1925 56
1926 580
1927 56
1928 594
1929 45
1930 593
1931 580
1932 86
1933 583
1934 593
1935 72
1936 72
1937 585
1938 580
1939 43
1940 585
1941 597
1942 593
1943 583
1944 56
1945 41
1946 589
1947 36
1948 56
1949 599
1950 583
1951 590
1952 573
1953 600
1954 580
1955 587
1956 593
1957 607
1958 603
1959 604
1960 588
1961 29
1962 589
1963 590
1964 583
1965 606
1966 56
1967 11
1968 56
1969 585
1970 585
1971 588
1972 41
1973 607
1974 127
1975 599
1976 588
1977 56
1978 609
1979 586
1980 752
1981 585
1982 593
1983 593
1984 56
1985 580
1986 580
1987 41
1988 610
1989 43
1990 604
1991 56
1992 588
1993 56
1994 56
1995 580
1996 11
1997 4
1998 585
1999 127
2000 72
2001 604
2002 41
2003 94
2004 92
2005 56
2006 48
2007 612
2008 41
2009 41
2010 613
2011 613
2012 118
2013 56
2014 580
2015 752
2016 580
2017 583
2018 43
2019 604
2020 589
2021 612
2022 583
2023 590
2024 604
2025 118
2026 604
2027 588
2028 590
2029 72
2030 94
2031 583
2032 54
2033 613
2034 606
2035 56
2036 593
2037 56
2038 36
2039 585
2040 597
2041 589
2042 588
2043 588
2044 30
2045 585
2046 56
2047 583
2048 43
2049 118
2050 36
2051 56
2052 62
2053 590
2054 600
2055 36
2056 604
2057 56
2058 56
2059 585
2060 585
2061 617
2062 580
2063 61
2064 41
2065 594
2066 56
2067 580
2068 118
2069 585
2070 52
2071 580
2072 118
2073 56
2074 56
2075 585
2076 56
2077 588
2078 604
2079 583
2080 41
2081 56
2082 593
2083 580
2084 594
2085 583
2086 39
2087 118
2088 593
2089 25
2090 585
2091 583
2092 610
2093 593
2094 118
2095 56
2096 583
2097 56
2098 41
2099 583
2100 56
2101 51
2102 585
2103 589
2104 56
2105 56
2106 612
2107 585
2108 607
2109 585
2110 56
2111 585
2112 41
2113 48
2114 580
2115 583
2116 4
2117 587
2118 41
2119 597
2120 604
2121 604
2122 583
2123 589
2124 593
2125 72
2126 593
2127 593
2128 41
2129 41
2130 593
2131 588
2132 118
2133 634
2134 620
2135 585
2136 621
2137 56
2138 585
2139 36
2140 589
2141 56
2142 594
2143 52
2144 593
2145 48
2146 580
2147 594
2148 583
2149 127
2150 585
2151 586
2152 56
2153 43
2154 582
2155 580
2156 580
2157 585
2158 48
2159 585
2160 590
2161 585
2162 588
2163 56
2164 589
2165 43
2166 600
2167 41
2168 41
2169 110
2170 41
2171 585
2172 573
2173 588
2174 593
2175 56
2176 580
2177 580
2178 589
2179 589
2180 41
2181 56
2182 706
2183 594
2184 56
2185 585
2186 585
2187 56
2188 25
2189 580
2190 624
2191 4
2192 590
2193 25
2194 583
2195 588
2196 606
2197 41
2198 588
2199 72
2200 588
2201 48
2202 610
2203 607
2204 41
2205 45
2206 118
2207 590
2208 590
2209 56
2210 583
2211 593
2212 580
2213 581
2214 573
2215 118
2216 48
2217 607
2218 56
2219 56
2220 613
2221 585
2222 583
2223 86
2224 118
2225 41
2226 585
2227 582
2228 2
2229 41
2230 583
2231 589
2232 585
2233 604
2234 72
2235 589
2236 41
2237 67
2238 587
2239 604
2240 589
2241 69
2242 583
2243 92
2244 593
2245 41
2246 41
2247 583
2248 4
2249 56
2250 612
2251 56
2252 72
2253 36
2254 613
2255 48
2256 56
2257 583
2258 56
2259 603
2260 590
2261 603
2262 118
2263 580
2264 580
2265 604
2266 593
2267 583
2268 585
2269 36
2270 580
2271 56
2272 594
2273 580
2274 56
2275 69
2276 67
2277 604
2278 612
2279 56
2280 86
2281 86
2282 597
2283 583
2284 604
2285 583
2286 585
2287 56
2288 589
2289 583
2290 90
2291 593
2292 593
2293 56
2294 589
2295 43
2296 48
2297 583
2298 90
2299 604
2300 99
2301 41
2302 56
2303 56
2304 589
2305 585
2306 56
2307 585
2308 118
2309 56
2310 604
2311 604
2312 613
2313 580
2314 41
2315 610
2316 612
2317 588
2318 634
2319 635
2320 583
2321 45
2322 56
2323 597
2324 585
2325 36
2326 56
2327 585
2328 593
2329 588
2330 588
2331 30
2332 613
2333 52
2334 612
2335 56
2336 86
2337 612
2338 620
2339 583
2340 593
2341 583
2342 118
2343 580
2344 588
2345 593
2346 90
2347 597
2348 585
2349 590
2350 36
2351 583
2352 588
2353 2
2354 90
2355 585
2356 72
2357 606
2358 580
2359 587
2360 622
2361 41
2362 56
2363 590
2364 118
2365 589
2366 56
2367 580
2368 580
2369 589
2370 594
2371 588
2372 56
2373 634
2374 36
2375 589
2376 589
2377 580
2378 43
2379 612
2380 41
2381 18
2382 41
2383 56
2384 56
2385 587
2386 580
2387 589
2388 41
2389 56
2390 589
2391 56
2392 588
2393 56
2394 48
2395 583
2396 585
2397 585
2398 585
2399 587
2400 604
2401 580
2402 580
2403 56
2404 589
2405 583
2406 72
2407 61
2408 43
2409 634
2410 588
2411 588
2412 573
2413 580
2414 86
2415 580
2416 583
2417 48
2418 624
2419 583
2420 603
2421 86
2422 593
2423 72
2424 56
2425 580
2426 2
2427 585
2428 585
2429 752
2430 606
2431 90
2432 41
2433 594
2434 589
2435 56
2436 588
2437 589
2438 41
2439 624
2440 585
2441 580
2442 585
2443 43
2444 589
2445 56
2446 580
2447 612
2448 56
2449 604
2450 118
2451 21
2452 41
2453 583
2454 56
2455 597
2456 36
2457 52
2458 589
2459 580
2460 41
2461 86
2462 41
2463 583
2464 594
2465 580
2466 589
2467 597
2468 8
2469 589
2470 585
2471 41
2472 56
2473 583
2474 56
2475 48
2476 589
2477 69
2478 580
2479 56
2480 573
2481 41
2482 56
2483 589
2484 56
2485 585
2486 56
2487 41
2488 590
2489 589
2490 580
2491 56
2492 50
2493 580
2494 603
2495 585
2496 56
2497 580
2498 590
2499 45
2500 603
2501 43
2502 588
2503 72
2504 41
2505 56
2506 11
2507 603
2508 56
2509 588
2510 580
2511 589
2512 118
2513 583
2514 41
2515 593
2516 43
2517 43
2518 118
2519 56
2520 4
2521 594
2522 56
2523 56
2524 573
2525 604
2526 580
2527 604
2528 589
2529 594
2530 41
2531 588
2532 23
2533 607
2534 94
2535 52
2536 580
2537 48
2538 594
2539 588
2540 583
2541 56
2542 36
2543 56
2544 585
2545 606
2546 587
2547 610
2548 593
2549 36
2550 600
2551 56
2552 580
2553 72
2554 593
2555 41
2556 41
2557 588
2558 594
2559 56
2560 56
2561 589
2562 593
2563 56
2564 607
2565 603
2566 133
2567 603
2568 606
2569 622
2570 583
2571 56
2572 41
2573 45
2574 583
2575 56
2576 123
2577 43
2578 127
2579 603
2580 69
2581 585
2582 36
2583 56
2584 752
2585 612
2586 604
2587 588
2588 72
2589 27
2590 4
2591 585
2592 56
2593 585
2594 41
2595 56
2596 54
2597 580
2598 56
2599 585
2600 44
2601 603
2602 585
2603 56
2604 604
2605 56
2606 603
2607 582
2608 41
2609 612
2610 607
2611 56
2612 41
2613 56
2614 37
2615 585
2616 41
2617 50
2618 593
2619 56
2620 603
2621 48
2622 94
2623 48
2624 585
2625 635
2626 41
2627 754
2628 589
2629 36
2630 94
2631 620
2632 593
2633 585
2634 56
2635 41
2636 580
2637 593
2638 590
2639 589
2640 56
2641 118
2642 41
2643 603
2644 37
2645 41
2646 589
2647 607
2648 56
2649 588
2650 594
2651 593
2652 573
2653 585
2654 90
2655 583
2656 36
2657 69
2658 43
2659 583
2660 45
2661 585
2662 624
2663 599
2664 573
2665 606
2666 622
2667 44
2668 56
2669 583
2670 118
2671 588
2672 634
2673 21
2674 583
2675 41
2676 593
2677 597
2678 4
2679 594
2680 56
2681 41
2682 580
2683 580
2684 583
2685 41
2686 597
2687 583
2688 72
2689 586
2690 4
2691 612
2692 25
2693 52
2694 593
2695 606
2696 39
2697 41
2698 589
2699 573
2700 580
2701 583
2702 594
2703 634
2704 583
2705 590
2706 597
2707 588
2708 45
2709 583
2710 585
2711 583
2712 589
2713 580
2714 583
2715 583
2716 94
2717 606
2718 634
2719 590
2720 588
2721 41
2722 590
2723 587
2724 56
2725 606
2726 590
2727 589
2728 94
2729 599
2730 590
2731 56
2732 593
2733 52
2734 41
2735 593
2736 41
2737 708
2738 604
2739 588
2740 56
2741 594
2742 597
2743 127
2744 41
2745 585
2746 56
2747 593
2748 590
2749 148
2750 588
2751 583
2752 585
2753 593
2754 4
2755 585
2756 41
2757 613
2758 597
2759 622
2760 588
2761 18
2762 36
2763 634
2764 585
2765 709
2766 36
2767 48
2768 634
2769 587
2770 585
2771 580
2772 597
2773 604
2774 118
2775 588
2776 624
2777 75
2778 594
2779 86
2780 610
2781 45
2782 56
2783 56
2784 589
2785 41
2786 583
2787 604
2788 590
2789 86
2790 86
2791 56
2792 56
2793 56
2794 573
2795 56
2796 41
2797 583
2798 580
2799 585
2800 118
2801 45
2802 580
2803 583
2804 94
2805 604
2806 585
2807 36
2808 41
2809 583
2810 41
2811 589
2812 41
2813 56
2814 710
2815 54
2816 41
2817 612
2818 580
2819 607
2820 36
2821 583
2822 56
2823 771
2824 41
2825 590
2826 580
2827 56
2828 589
2829 56
2830 612
2831 589
2832 48
2833 41
2834 585
2835 4
2836 604
2837 2
2838 622
2839 607
2840 580
2841 94
2842 588
2843 580
2844 612
2845 583
2846 617
2847 72
2848 56
2849 56
2850 580
2851 589
2852 585
2853 589
2854 590
2855 56
2856 604
2857 56
2858 41
2859 94
2860 36
2861 600
2862 580
2863 41
2864 600
2865 606
2866 56
2867 604
2868 41
2869 41
2870 594
2871 589
2872 593
2873 594
2874 604
2875 583
2876 586
2877 25
2878 118
2879 588
2880 599
2881 48
2882 41
2883 118
2884 56
2885 604
2886 585
2887 585
2888 585
2889 585
2890 86
2891 583
2892 69
2893 61
2894 118
2895 583
2896 36
2897 56
2898 607
2899 597
2900 580
2901 36
2902 590
2903 604
2904 42
2905 589
2906 585
2907 603
2908 41
2909 56
2910 585
2911 593
2912 580
2913 94
2914 43
2915 56
2916 583
2917 580
2918 583
2919 0
2920 580
2921 585
2922 587
2923 56
2924 588
2925 585
2926 585
2927 634
2928 41
2929 593
2930 41
2931 588
2932 69
2933 580
2934 72
2935 580
2936 56
2937 588
2938 588
2939 597
2940 56
2941 56
2942 580
2943 589
2944 711
2945 580
2946 36
2947 583
2948 580
2949 604
2950 585
2951 588
2952 580
2953 585
2954 589
2955 54
2956 597
2957 43
2958 594
2959 1
2960 56
2961 118
2962 635
2963 585
2964 594
2965 56
2966 604
2967 56
2968 56
2969 585
2970 56
2971 56
2972 56
2973 593
2974 585
2975 56
2976 41
2977 589
2978 593
2979 593
2980 594
2981 585
2982 590
2983 127
2984 56
2985 56
2986 56
2987 118
2988 585
2989 41
2990 41
2991 589
2992 56
2993 127
2994 94
2995 580
2996 585
2997 580
2998 127
2999 604
3000 590
3001 69
3002 589
3003 590
3004 585
3005 580
3006 590
3007 41
3008 36
3009 613
3010 56
3011 30
3012 41
3013 588
3014 118
3015 48
3016 86
3017 583
3018 585
3019 593
3020 583
3021 580
3022 593
3023 580
3024 30
3025 597
3026 594
3027 56
3028 585
3029 612
3030 600
3031 56
3032 583
3033 11
3034 580
3035 613
3036 590
3037 41
3038 588
3039 72
3040 594
3041 588
3042 580
3043 56
3044 56
3045 56
3046 41
3047 580
3048 581
3049 580
3050 754
3051 583
3052 56
3053 587
3054 585
3055 587
3056 594
3057 588
3058 606
3059 593
3060 4
3061 41
3062 604
3063 588
3064 580
3065 588
3066 590
3067 583
3068 580
3069 593
3070 588
3071 583
3072 41
3073 607
3074 56
3075 583
3076 606
3077 622
3078 589
3079 594
3080 622
3081 593
3082 590
3083 41
3084 56
3085 56
3086 600
3087 45
3088 583
3089 36
3090 580
3091 604
3092 29
3093 585
3094 604
3095 593
3096 585
3097 589
3098 593
3099 56
3100 593
3101 634
3102 56
3103 41
3104 622
3105 41
3106 597
3107 41
3108 48
3109 56
3110 612
3111 36
3112 606
3113 56
3114 18
3115 52
3116 587
3117 594
3118 41
3119 56
3120 86
3121 585
3122 43
3123 45
3124 56
3125 590
3126 41
3127 48
3128 613
3129 580
3130 604
3131 56
3132 72
3133 624
3134 124
3135 613
3136 589
3137 41
3138 118
3139 56
3140 56
3141 604
3142 604
3143 56
3144 612
3145 573
3146 612
3147 580
3148 589
3149 41
3150 43
3151 594
3152 94
3153 583
3154 585
3155 589
3156 41
3157 585
3158 56
3159 612
3160 56
3161 712
3162 606
3163 583
3164 586
3165 588
3166 713
3167 590
3168 613
3169 4
3170 56
3171 583
3172 588
3173 585
3174 589
3175 56
3176 56
3177 613
3178 4
3179 593
3180 580
3181 94
3182 597
3183 56
3184 606
3185 56
3186 597
3187 593
3188 583
3189 56
3190 585
3191 604
3192 583
3193 86
3194 634
3195 585
3196 580
3197 585
3198 635
3199 63
3200 41
3201 36
3202 86
3203 583
3204 585
3205 604
3206 593
3207 4
3208 589
3209 56
3210 56
3211 580
3212 593
3213 580
3214 586
3215 118
3216 604
3217 41
3218 580
3219 56
3220 43
3221 583
3222 118
3223 4
3224 604
3225 583
3226 607
3227 613
3228 613
3229 583
3230 607
3231 56
3232 583
3233 72
3234 589
3235 118
3236 588
3237 43
3238 133
3239 4
3240 580
3241 63
3242 580
3243 41
3244 56
3245 590
3246 580
3247 148
3248 583
3249 612
3250 583
3251 594
3252 72
3253 589
3254 94
3255 580
3256 41
3257 56
3258 587
3259 589
3260 56
3261 94
3262 587
3263 588
3264 41
3265 41
3266 612
3267 41
3268 56
3269 583
3270 56
3271 30
3272 587
3273 597
3274 599
3275 613
3276 36
3277 580
3278 585
3279 56
3280 604
3281 586
3282 612
3283 588
3284 583
3285 585
3286 41
3287 36
3288 609
3289 41
3290 585
3291 585
3292 580
3293 580
3294 752
3295 585
3296 613
3297 600
3298 589
3299 41
3300 580
3301 594
3302 43
3303 587
3304 771
3305 45
3306 90
3307 118
3308 585
3309 56
3310 752
3311 72
3312 580
3313 599
3314 594
3315 56
3316 589
3317 597
3318 56
3319 90
3320 56
3321 604
3322 583
3323 48
3324 41
3325 603
3326 94
3327 45
3328 585
3329 36
3330 56
3331 589
3332 56
3333 54
3334 613
3335 622
3336 585
3337 36
3338 94
3339 589
3340 585
3341 580
3342 580
3343 124
3344 86
3345 56
3346 585
3347 4
3348 585
3349 56
3350 583
3351 585
3352 624
3353 41
3354 589
3355 585
3356 90
3357 580
3358 41
3359 56
3360 583
3361 634
3362 589
3363 50
3364 56
3365 127
3366 41
3367 607
3368 597
3369 593
3370 36
3371 604
3372 589
3373 21
3374 594
3375 41
3376 582
3377 583
3378 48
3379 586
3380 588
3381 72
3382 573
3383 612
3384 41
3385 589
3386 56
3387 585
3388 585
3389 30
3390 56
3391 56
3392 56
3393 77
3394 612
3395 634
3396 594
3397 56
3398 45
3399 72
3400 613
3401 44
3402 56
3403 583
3404 585
3405 583
3406 583
3407 56
3408 612
3409 597
3410 72
3411 56
3412 29
3413 56
3414 118
3415 583
3416 56
3417 22
3418 580
3419 600
3420 56
3421 56
3422 56
3423 56
3424 41
3425 604
3426 56
3427 583
3428 585
3429 593
3430 583
3431 580
3432 36
3433 56
3434 604
3435 41
3436 36
3437 56
3438 48
3439 43
3440 41
3441 56
3442 56
3443 103
3444 41
3445 41
3446 54
3447 41
3448 585
3449 588
3450 56
3451 48
3452 43
3453 56
3454 597
3455 585
3456 580
3457 94
3458 613
3459 86
3460 600
3461 635
3462 593
3463 118
3464 56
3465 587
3466 583
3467 604
3468 583
3469 573
3470 580
3471 606
3472 36
3473 613
3474 43
3475 127
3476 607
3477 94
3478 56
3479 86
3480 604
3481 580
3482 43
3483 36
3484 573
3485 118
3486 714
3487 54
3488 4
3489 45
3490 589
3491 585
3492 617
3493 612
3494 580
3495 56
3496 41
3497 622
3498 580
3499 594
3500 613
3501 4
3502 51
3503 56
3504 41
3505 41
3506 56
3507 583
3508 580
3509 56
3510 597
3511 590
3512 50
3513 583
3514 587
3515 44
3516 589
3517 606
3518 56
3519 587
3520 36
3521 56
3522 41
3523 585
3524 585
3525 41
3526 585
3527 50
3528 597
3529 41
3530 590
3531 580
3532 622
3533 634
3534 36
3535 585
3536 588
3537 587
3538 585
3539 41
3540 580
3541 593
3542 594
3543 604
3544 715
3545 118
3546 36
3547 587
3548 56
3549 56
3550 585
3551 582
3552 603
3553 585
3554 56
3555 589
3556 594
3557 582
3558 582
3559 580
3560 604
3561 606
3562 634
3563 585
3564 590
3565 585
3566 56
3567 583
3568 41
3569 590
3570 583
3571 86
3572 25
3573 612
3574 583
3575 583
3576 573
3577 588
3578 56
3579 604
3580 94
3581 609
3582 580
3583 118
3584 585
3585 580
3586 588
3587 18
3588 583
3589 589
3590 43
3591 56
3592 36
3593 4
3594 590
3595 603
3596 590
3597 94
3598 56
3599 72
3600 589
3601 583
3602 67
3603 56
3604 583
3605 589
3606 94
3607 603
3608 610
3609 69
3610 56
3611 580
3612 588
3613 588
3614 594
3615 56
3616 94
3617 590
3618 56
3619 583
3620 599
3621 56
3622 90
3623 613
3624 585
3625 585
3626 580
3627 56
3628 585
3629 41
3630 589
3631 48
3632 588
3633 56
3634 56
3635 612
3636 583
3637 36
3638 634
3639 593
3640 590
3641 590
3642 72
3643 585
3644 51
3645 36
3646 612
3647 613
3648 593
3649 41
3650 580
3651 590
3652 41
3653 45
3654 589
3655 90
3656 583
3657 593
3658 127
3659 580
3660 603
3661 41
3662 2
3663 588
3664 604
3665 597
3666 585
3667 590
3668 585
3669 124
3670 56
3671 36
3672 597
3673 589
3674 613
3675 604
3676 603
3677 56
3678 41
3679 56
3680 588
3681 56
3682 587
3683 585
3684 580
3685 580
3686 583
3687 43
3688 593
3689 118
3690 585
3691 56
3692 583
3693 583
3694 72
3695 118
3696 56
3697 588
3698 589
3699 54
3700 56
3701 41
3702 86
3703 580
3704 603
3705 585
3706 56
3707 56
3708 580
3709 25
3710 607
3711 589
3712 589
3713 593
3714 590
3715 56
3716 37
3717 583
3718 620
3719 56
3720 589
3721 56
3722 580
3723 56
3724 41
3725 56
3726 610
3727 562
3728 20
3729 48
3730 585
3731 580
3732 621
3733 36
3734 597
3735 610
3736 597
3737 590
3738 585
3739 585
3740 594
3741 56
3742 590
3743 588
3744 593
3745 613
3746 597
3747 56
3748 56
3749 612
3750 604
3751 43
3752 118
3753 54
3754 585
3755 583
3756 56
3757 613
3758 573
3759 593
3760 593
3761 56
3762 603
3763 589
3764 583
3765 607
3766 580
3767 635
3768 583
3769 48
3770 589
3771 41
3772 585
3773 573
3774 94
3775 36
3776 585
3777 583
3778 585
3779 604
3780 585
3781 45
3782 587
3783 589
3784 48
3785 20
3786 603
3787 72
3788 620
3789 588
3790 118
3791 110
3792 54
3793 29
