955 1686
9899 1842
573 1825
8319 536
4967 1824
4144 1825
3137 1686
2932 1991
3179 1827
4578 1845
3706 1830
1082 1831
8999 1536
3046 513
2487 1829
6677 1829
4051 1846
6058 1686
8967 1536
4904 1827
8108 1686
5686 1686
6568 1827
9128 1826
3176 1847
7954 1829
8924 1848
10751 1858
10201 1825
997 1827
1088 1831
9581 1686
9334 1845
8228 513
969 1823
7101 1536
3821 513
2175 1827
10044 1846
7803 1845
8295 1686
10302 1830
8344 513
1122 1860
1510 1830
10225 1824
7047 1850
3699 1830
459 1851
6607 1847
2170 1831
8176 1829
2865 1686
796 1827
6560 1854
2629 1827
3256 1686
271 1830
274 1846
3020 1992
10663 1686
3308 1825
7057 1851
10735 1686
10630 513
6690 1829
3477 1827
9290 1686
11067 1536
8918 1686
5774 1845
5756 1536
9804 1854
1823 1855
6917 1855
4933 513
9326 1829
2852 1830
7090 1686
3165 1846
7065 991
2312 1846
8220 1830
9546 1829
7431 1993
5266 1831
5261 1858
2408 1831
5045 1851
4584 1829
2061 1845
6580 1823
7767 1827
7466 1829
867 1860
568 1827
2350 1831
280 1861
5487 1829
1259 1854
4694 1851
2950 1851
6171 1536
329 1862
10756 513
1418 1686
1904 1829
9945 1842
4992 1686
5040 1829
300 1850
5617 1830
10361 1536
7521 513
10870 1842
9890 1686
9621 1831
8645 1536
8523 1851
1123 1845
2788 513
7457 1827
6277 1686
1901 1848
2192 1823
8416 1686
789 1686
4758 1855
639 1827
3793 1826
5424 1827
804 1686
5086 1827
1285 1860
10573 1228
1232 1846
5420 513
9331 1830
4887 991
9022 1829
10328 1831
1372 1858
10490 1825
6667 1536
8722 1854
5633 1536
5142 1827
5122 1827
11084 1830
8691 991
2886 513
2313 1848
6115 1846
5414 1849
197 1825
8709 1846
7341 1686
3368 742
3533 1826
5027 1825
9625 1135
6826 1536
8194 1846
3507 1831
6579 1686
4868 1862
288 513
8834 1831
8051 1831
6556 1994
543 513
5903 1686
2514 1860
10940 1536
10868 1825
10812 1868
2384 1851
3882 1845
5452 513
3746 1825
10740 1536
1831 1860
6834 1827
8209 1850
1401 1851
850 1855
5897 1686
1447 1855
10295 1536
5722 1824
8164 1858
9740 1851
3015 1855
2112 1829
823 1860
6625 1825
10347 991
3678 1686
2334 1858
1842 991
10975 1536
1747 1686
7901 1845
9717 1536
834 513
8394 514
8408 1858
7688 1829
2236 1827
4838 1686
7561 1827
8925 1995
3170 1826
5230 1845
3012 1862
4953 1842
4335 1686
6534 1828
1130 513
3299 991
6319 513
8324 1829
5675 1996
2617 513
3038 1858
3177 1855
6065 513
7860 1848
6638 1829
4336 1831
2378 1868
9076 991
505 1845
4237 1825
3127 1851
7677 1686
2914 1829
5225 1862
3372 1825
4701 1829
5960 1829
10318 991
5465 1536
7963 1831
10059 1845
7583 1824
8962 1829
10797 1855
4057 1686
6435 1686
7654 1536
5624 513
6392 1846
27 513
2772 1854
5005 1536
5043 1536
275 1854
10980 1536
1563 1823
978 1686
2227 1846
7335 1686
1021 1825
5020 1851
122 1831
1086 513
10569 1686
7251 1823
2613 1826
8801 1536
1394 991
7086 1848
10835 1846
1522 1846
7463 1686
10923 1851
5141 1825
10606 1846
5615 991
3462 1851
8298 1825
3710 951
10642 1686
7397 1826
8337 1686
8365 1847
3985 1855
4667 1825
4720 1831
10276 991
451 1860
3289 1825
8081 1823
4327 1829
5879 513
2013 991
7123 1845
7217 1536
1965 1846
2139 513
4783 1851
2460 1851
9292 1845
7840 513
320 1849
9059 518
5496 1536
7644 1858
9535 828
1656 1858
7280 1831
8952 1536
7177 1536
10366 1845
5283 1868
4663 991
1952 1854
7263 1830
1147 1851
3705 991
6593 1536
5531 1686
9822 1858
3285 1845
10411 1851
1027 1686
9878 1858
2779 1825
2963 1846
6200 1848
2515 1846
10161 1686
8662 1829
1469 1831
7873 1823
9017 1825
7918 1855
9726 1536
9701 1830
3280 1828
4875 1846
10076 1536
6845 1829
7133 513
1482 1829
1535 1827
2141 1851
484 1831
4128 1851
301 1686
4191 1827
8084 1828
7413 1536
5514 1846
9066 1850
5989 1831
7165 1823
6416 1536
1772 1686
8249 1827
9845 1827
8840 1862
68 1823
10434 1846
6310 1823
1951 1825
773 1860
8461 1997
5608 1536
1080 1825
4292 1824
10298 1855
4069 1862
844 1846
2330 513
9415 1827
3844 1686
3192 1823
532 1846
6551 1827
2552 1868
10333 1536
5196 513
2008 991
7881 1868
5536 1823
6397 1536
876 1686
2597 1862
6794 1845
1956 513
7917 1851
2154 1686
7629 1829
4407 1845
3208 1831
10845 1536
4802 1829
9567 1686
1754 1851
8714 1874
1219 991
9868 513
2493 1860
2951 1829
832 1829
1342 1862
5241 1536
7717 1536
931 513
6076 1827
7464 1536
9200 1998
7836 1999
1168 1825
1450 1686
8994 1829
4285 1825
5267 1845
10899 1536
9012 1845
1623 1686
6570 1855
9279 1536
9703 2000
1094 513
3491 1845
263 1860
1560 1827
6447 1829
5745 1831
10960 1830
7850 1849
5176 1536
4194 1825
5923 1826
64 1848
5159 991
7481 1686
9171 1829
4151 1845
4406 1686
11040 1827
2678 1686
3295 1686
8828 1850
3850 991
3981 1829
6143 513
5244 1824
10484 1868
733 1827
2321 1861
6095 1846
1520 1686
5204 1854
5490 1862
31 1846
520 1827
1311 1846
3411 1686
6088 1855
8825 1851
6766 1830
6768 1827
1114 1686
8520 1829
7053 1823
6490 1686
3725 1846
3187 1825
10521 1831
8799 742
7100 1536
8607 1825
2122 1829
5909 1686
2256 1851
6624 1850
4065 1829
2245 1860
8384 2001
4997 1825
11025 1686
9853 1686
2506 1824
3738 1830
958 1824
1767 2002
6231 2003
9271 1536
10131 1823
7451 991
4176 1829
10649 1686
8809 1858
1858 1874
150 1686
4577 1846
871 1845
6329 1829
7870 1828
7051 2004
1812 1842
4627 1842
5974 1826
7462 1825
5639 1855
5055 1536
2634 1826
7167 1686
11028 1825
8760 1829
3365 1831
3945 1828
1978 1860
3276 1855
8524 1536
2605 1828
7821 1828
6010 1855
2165 1135
7833 1854
10934 1858
5477 1845
1460 1827
1046 1860
3014 1686
7232 1826
4114 1686
159 1846
2770 1823
5729 1536
8749 1845
4700 1829
9780 1536
7074 1686
388 1828
4886 1862
1196 1826
5222 1536
10275 1851
8526 1845
5579 1536
7540 1862
8162 1827
1766 1848
8786 1846
2488 1858
8500 1536
9215 1826
5571 1846
6066 1686
6966 1686
7949 1868
3198 1827
6776 1829
1861 1686
3504 1846
9400 1868
9725 1842
349 1831
8748 513
829 742
8282 1536
3744 1862
8857 1845
3011 1854
1411 1858
2587 1686
7120 1810
5678 658
7766 1686
1388 991
7627 1829
4202 1823
6581 513
2553 991
6597 1536
8761 1536
5630 1536
10745 1829
5816 991
9796 1827
8032 1854
4425 1858
8528 1686
9133 1825
1727 1860
6371 1829
4234 1827
10995 1862
5021 1536
4516 1823
8805 1827
3661 1827
7775 1686
5748 1827
9217 1846
7916 1831
2780 1827
4260 1827
5661 1828
2429 1860
10903 1847
8771 1686
9702 1830
10297 1827
6882 1826
9722 2005
549 1845
7332 1536
10854 1850
9237 513
9738 1536
653 1829
3965 1845
8146 513
896 1851
10585 991
5826 1827
7773 1826
4979 1862
3912 1830
10402 1686
4461 1854
1211 1827
3837 1862
488 1842
9884 513
385 1858
7073 1825
10493 1829
2377 1860
9985 1830
7214 1858
1083 1827
4453 1842
10457 1686
4670 1829
1467 1860
5415 1536
5472 1854
4373 1830
2669 1686
7143 1858
10019 1827
5592 1827
6492 1536
2928 30
2447 1862
30 1854
8 991
4246 1862
1916 1823
9548 1851
768 658
6192 1829
3037 513
4553 1831
5147 1825
2259 1686
2804 1858
1785 1825
3663 991
2996 1850
839 1827
8635 1831
6799 1826
7225 1686
9440 1842
6781 1831
10794 2006
8966 644
4769 1008
981 742
10635 2007
10113 1886
9067 2008
10248 848
9607 514
9611 2009
2478 848
1619 2010
8356 848
4165 1860
9620 1886
4382 1890
7763 2011
2079 2012
5190 742
8371 2013
7284 2014
5724 1008
281 1890
