7688 61
7689 462
7690 61
7691 61
7692 61
7693 462
7694 60
7695 1031
7696 1097
7697 926
7698 1097
7699 1097
7700 1097
7701 1097
7702 1097
7703 1097
7704 1097
7705 1097
7706 58
7707 58
7708 58
7709 58
7710 58
7711 58
7712 87
7713 58
7714 58
7715 58
7716 58
7717 58
7718 58
7719 58
7720 58
7721 58
7722 58
7723 58
7724 58
7725 58
7726 58
7727 58
7728 58
7729 58
7730 58
7731 58
7732 58
7733 58
7734 58
7735 58
7736 58
7737 58
7738 58
7739 58
7740 58
7741 58
7742 58
7743 58
7744 58
7745 58
7746 58
7747 58
7748 58
7749 58
7750 58
7751 58
7752 58
7753 58
7754 58
7755 58
7756 58
7757 58
7758 58
7759 58
7760 58
7761 58
7762 58
7763 58
7764 58
7765 58
7766 58
7767 58
7768 58
7769 87
7770 58
7771 58
7772 58
7773 58
7774 58
7775 58
7776 58
7777 58
7778 58
7779 58
7780 58
7781 58
7782 58
7783 415
7784 415
7785 415
7786 117
7787 415
7788 423
7789 85
7790 601
7791 123
7792 123
7793 601
7794 123
7795 123
7796 123
7797 123
7798 601
7799 123
7800 123
7801 601
7802 123
7803 123
7804 123
7805 123
7806 123
7807 915
7808 915
7809 915
7810 915
7811 915
7812 867
7813 915
7814 915
7815 915
7816 915
7817 915
7818 915
7819 867
7820 915
7821 915
7822 915
7823 915
7824 915
7825 915
7826 915
7827 915
7828 915
7829 915
7830 915
7831 915
7832 915
7833 915
7834 915
7835 915
7836 915
7837 915
7838 915
7839 915
7840 915
7841 915
7842 915
7843 915
7844 915
7845 915
7846 915
7847 915
7848 915
7849 915
7850 915
7851 915
7852 915
7853 915
7854 915
7855 915
7856 915
7857 915
7858 915
7859 915
7860 915
7861 915
7862 867
7863 915
7864 915
7865 915
7866 915
7867 915
7868 915
7869 915
7870 915
7871 915
7872 915
7873 915
7874 915
7875 915
7876 915
7877 915
7878 915
7879 915
7880 915
7881 915
7882 915
7883 915
7884 915
7885 915
7886 915
7887 915
7888 915
7889 915
7890 915
7891 915
7892 915
7893 1099
7894 1099
7895 1099
7896 1099
7897 1099
7898 1099
7899 1099
7900 1099
7901 1099
7902 1099
7903 1099
7904 1099
7905 1169
7906 1099
7907 1099
7908 1099
7909 1099
7910 1099
7911 1099
7912 1099
7913 1099
7914 1099
7915 1099
7916 1099
7917 1099
7918 1099
7919 1099
7920 1099
7921 1099
7922 1099
7923 1099
7924 1099
7925 1099
7926 1169
7927 1099
7928 1099
7929 441
7930 1099
7931 1099
7932 1099
7933 1099
7934 1099
7935 1099
7936 1099
7937 1099
7938 1099
7939 1099
7940 1099
7941 1099
7942 1099
7943 1099
7944 1099
7945 1099
7946 1099
7947 1099
7948 1099
7949 1099
7950 1099
7951 1099
7952 1099
7953 1099
7954 1099
7955 1099
7956 1099
7957 1099
7958 1099
7959 1099
7960 1099
7961 1099
7962 1099
7963 1099
7964 1099
7965 1099
7966 1147
7967 1099
7968 1099
7969 1099
7970 1099
7971 1099
7972 1099
7973 1099
7974 1099
7975 1099
7976 1099
7977 769
7978 769
7979 769
7980 86
7981 769
7982 769
7983 769
7984 86
7985 1164
7986 456
7987 1164
7988 13
7989 456
7990 69
7991 85
7992 456
7993 81
7994 85
7995 1164
7996 29
7997 1159
7998 1159
7999 861
8000 29
8001 1159
8002 456
8003 69
8004 456
8005 85
8006 1159
8007 85
8008 860
8009 48
8010 48
8011 48
8012 48
8013 48
8014 48
8015 48
8016 48
8017 48
8018 860
8019 48
8020 48
8021 48
8022 48
8023 48
8024 48
8025 48
8026 48
8027 48
8028 48
8029 48
8030 48
8031 48
8032 48
8033 48
8034 48
8035 48
8036 48
8037 48
8038 48
8039 860
8040 48
8041 48
8042 48
8043 48
8044 48
8045 48
8046 48
8047 48
8048 48
8049 48
8050 48
8051 48
8052 48
8053 48
8054 48
8055 48
8056 48
8057 48
8058 48
8059 26
8060 48
8061 48
8062 48
8063 48
8064 48
8065 1104
8066 1104
8067 427
8068 54
8069 1104
8070 1104
8071 1104
8072 48
8073 1104
8074 10
8075 1104
8076 1104
8077 427
8078 10
8079 990
8080 990
8081 990
8082 990
8083 990
8084 990
8085 990
8086 990
8087 990
8088 990
8089 990
8090 990
8091 990
8092 990
8093 990
8094 990
8095 990
8096 990
8097 990
8098 990
8099 990
8100 990
8101 990
8102 990
8103 990
8104 990
8105 990
8106 990
8107 990
8108 990
8109 990
8110 990
8111 990
8112 990
8113 990
8114 990
8115 990
8116 990
8117 990
8118 1099
8119 1099
8120 1099
8121 1099
8122 123
8123 123
8124 123
8125 1105
8126 1099
8127 1099
8128 123
8129 1105
8130 123
8131 571
8132 571
8133 571
8134 571
8135 48
8136 571
8137 571
8138 48
8139 839
8140 1106
8141 1106
8142 1028
8143 1028
8144 627
8145 1029
8146 500
8147 1028
8148 1029
8149 500
8150 1148
8151 450
8152 500
8153 34
8154 4
8155 4
8156 4
8157 4
8158 4
8159 4
8160 4
8161 4
8162 4
8163 4
8164 4
8165 4
8166 34
8167 4
8168 4
8169 4
8170 4
8171 4
8172 4
8173 4
8174 4
8175 4
8176 4
8177 4
8178 4
8179 4
8180 4
8181 4
8182 4
8183 4
8184 790
8185 836
8186 999
8187 4
8188 905
8189 4
8190 4
8191 4
8192 4
8193 4
8194 802
8195 4
8196 4
8197 4
8198 34
8199 4
8200 34
8201 563
8202 480
8203 563
8204 874
8205 480
8206 874
8207 563
8208 117
8209 601
8210 563
8211 874
8212 480
8213 874
8214 874
8215 1112
8216 1112
8217 1112
8218 1112
8219 1112
8220 1149
8221 1112
8222 1112
8223 1112
8224 1112
8225 1112
8226 1112
8227 1112
8228 1112
8229 1112
8230 1112
8231 1112
8232 1112
8233 1112
8234 1112
8235 1150
8236 1112
8237 127
8238 1112
8239 1112
8240 1112
8241 1112
8242 1112
8243 1112
8244 1115
8245 1115
8246 1115
8247 1115
8248 1115
8249 1115
8250 1115
8251 1115
8252 1115
8253 1115
8254 1115
8255 1115
8256 1115
8257 1115
8258 1115
8259 1115
8260 1115
8261 1115
8262 1115
8263 1115
8264 1115
8265 1115
8266 1115
8267 1115
8268 1115
8269 1115
8270 1115
8271 1115
8272 1115
8273 1115
8274 1115
8275 1115
8276 1115
8277 1115
8278 1115
8279 1115
8280 1115
8281 1115
8282 1115
8283 1115
8284 1115
8285 1115
8286 1115
8287 1115
8288 1115
8289 1115
8290 1115
8291 1115
8292 1115
8293 1115
8294 1115
8295 1115
8296 1115
8297 1115
8298 1115
8299 1115
8300 1115
8301 1115
8302 1115
8303 1115
8304 1115
8305 1115
8306 1115
8307 1115
8308 1115
8309 1115
8310 1115
8311 1115
8312 1115
8313 1115
8314 1115
8315 1115
8316 1115
8317 1115
8318 1115
8319 1115
8320 1115
8321 1115
8322 1115
8323 1115
8324 1115
8325 1115
8326 1115
8327 1115
8328 1115
8329 1115
8330 1115
8331 1115
8332 1115
8333 1115
8334 1115
8335 1115
8336 1115
8337 1115
8338 1115
8339 1115
8340 1115
8341 1115
8342 1115
8343 1115
8344 1115
8345 1115
8346 1115
8347 926
8348 926
8349 791
8350 836
8351 856
8352 926
8353 103
8354 926
8355 103
8356 926
8357 926
8358 926
8359 926
8360 836
8361 836
8362 926
8363 926
8364 926
8365 836
8366 856
8367 438
8368 48
8369 926
8370 926
8371 926
8372 926
8373 926
8374 836
8375 926
8376 103
8377 926
8378 591
8379 62
8380 62
8381 62
8382 62
8383 62
8384 62
8385 585
8386 62
8387 62
8388 62
8389 62
8390 62
8391 62
8392 62
8393 62
8394 62
8395 62
8396 62
8397 62
8398 62
8399 62
8400 62
8401 62
8402 62
8403 62
8404 62
8405 62
8406 62
8407 62
8408 62
8409 62
8410 62
8411 62
8412 62
8413 62
8414 62
8415 62
8416 62
8417 62
8418 62
8419 62
8420 62
8421 62
8422 62
8423 62
8424 62
8425 62
8426 62
8427 62
8428 62
8429 62
8430 62
8431 62
8432 62
8433 62
8434 62
8435 62
8436 62
8437 62
8438 62
8439 62
8440 62
8441 62
8442 62
8443 62
8444 62
8445 62
8446 62
8447 62
8448 62
8449 62
8450 62
8451 62
8452 62
8453 62
8454 62
8455 62
8456 62
8457 62
8458 62
8459 62
8460 62
8461 62
8462 62
8463 62
8464 62
8465 585
8466 62
8467 62
8468 62
8469 62
8470 62
8471 62
8472 62
8473 62
8474 62
8475 62
8476 62
8477 62
8478 62
8479 62
8480 62
8481 62
8482 62
8483 62
8484 62
8485 62
8486 62
8487 62
8488 62
8489 62
8490 62
8491 62
8492 62
8493 62
8494 62
8495 62
8496 62
8497 62
8498 863
8499 863
8500 863
8501 863
8502 863
8503 863
8504 863
8505 863
8506 863
8507 863
8508 863
8509 863
8510 863
8511 863
8512 431
8513 797
8514 874
8515 431
8516 874
8517 797
8518 874
8519 874
8520 874
8521 874
8522 874
8523 874
8524 874
8525 926
8526 874
8527 797
8528 431
8529 874
8530 926
8531 926
8532 874
8533 797
8534 874
8535 797
8536 874
8537 797
8538 797
8539 874
8540 797
8541 874
8542 874
8543 797
8544 797
8545 431
8546 797
8547 797
8548 797
8549 874
8550 797
8551 874
8552 874
8553 797
8554 797
8555 797
8556 797
8557 874
8558 431
8559 797
8560 874
8561 797
8562 874
8563 797
8564 797
8565 874
8566 797
8567 874
8568 4
8569 905
8570 905
8571 4
8572 905
8573 4
8574 905
8575 4
8576 4
8577 4
8578 4
8579 4
8580 4
8581 4
8582 87
8583 54
8584 54
8585 26
8586 87
8587 54
8588 54
8589 87
8590 54
8591 87
8592 54
8593 54
8594 54
8595 54
8596 26
8597 54
8598 54
8599 87
8600 54
8601 54
8602 1117
8603 1117
8604 1120
8605 455
8606 1117
8607 103
8608 103
8609 1120
8610 1119
8611 103
8612 1120
8613 103
8614 103
8615 1120
8616 438
8617 1120
8618 103
8619 103
8620 1151
8621 1120
8622 68
8623 1120
8624 1120
8625 1120
8626 1119
8627 61
8628 61
8629 61
8630 61
8631 61
8632 61
8633 61
8634 61
8635 1037
8636 1037
8637 1037
8638 1037
8639 1037
8640 1037
8641 1037
8642 1037
8643 1037
8644 1037
8645 1037
8646 1037
8647 1037
8648 1037
