5200 0
8797 7
624 2
7973 3
7750 4
7953 5
2226 5
9436 7
3239 8
8788 9
2462 33
10340 2
3005 4
444 5
10356 0
8302 12
10342 54
3604 482
3877 5
10626 2
4168 16
11056 28
4414 24
2326 5
8087 4
547 7
467 5
4611 20
8069 5
5361 0
7512 2
7461 6
6259 5
6772 2
6748 21
1776 28
10207 23
75 8
2947 5
3324 24
9987 5
5752 13
617 36
9560 2
183 27
8612 21
730 28
6928 16
3441 12
3399 12
6963 5
3908 16
7207 0
647 12
4295 12
8806 7
3284 30
2934 483
1214 13
2872 7
6838 12
6993 7
579 484
973 3
3221 13
10287 5
1026 5
4790 5
10093 2
63 24
5042 5
3036 2
10447 2
2466 33
10011 485
2660 5
2542 5
6038 0
4437 12
4153 24
6485 2
8443 486
2529 12
9281 23
2159 5
3391 23
3341 2
5090 5
362 36
6452 30
2402 37
3739 4
10007 5
840 36
1775 24
2826 28
9638 23
799 24
8266 7
5803 487
1829 5
6039 16
1363 7
5992 5
9330 5
2809 39
5127 5
8477 0
6913 24
5072 5
8247 24
3110 488
7128 5
364 23
2376 7
4768 12
6763 7
9266 21
8741 16
7222 5
4738 2
7553 2
10279 7
1291 23
171 16
6376 33
2987 16
8978 16
4945 7
10888 3
4629 5
10064 5
15 5
8216 4
2941 5
10615 24
7337 0
3904 489
7006 33
3281 0
1248 3
4996 5
3442 2
644 28
11024 21
119 23
10204 6
1947 5
2498 12
7979 23
8285 5
226 5
5977 30
7733 23
180 5
3903 7
786 2
8155 54
1671 19
8215 23
8289 0
9041 5
9665 37
5593 12
10715 490
250 37
6337 12
8808 7
506 5
8233 491
257 12
10919 21
3099 5
3902 5
5000 23
7867 27
7209 49
10343 21
8050 49
9610 492
9106 5
1809 5
3417 12
889 3
6883 2
10997 2
7385 21
7297 12
857 5
9138 23
534 16
2446 2
194 7
5656 5
1927 5
9972 2
6896 5
7015 23
7687 2
10286 20
10334 493
1221 2
8733 2
794 5
5198 39
8779 5
8529 5
718 12
599 27
5629 4
9378 5
6029 37
4222 16
7395 5
10831 2
10215 5
8802 9
8076 494
3759 23
6138 7
5182 12
6009 9
3515 49
1301 2
10822 23
10862 2
7638 5
10790 7
9825 5
2620 20
10094 21
4521 3
6567 23
7147 23
2253 5
10766 37
6849 8
4427 5
3275 37
8866 53
5271 2
3779 23
6915 28
8397 2
2548 12
11053 5
7575 24
7220 23
6875 5
3966 2
2531 54
2005 5
10767 3
10782 28
9162 20
6528 2
2438 5
5932 5
8245 5
7700 16
5050 3
10471 5
2394 7
2410 7
4178 2
515 5
4217 49
5929 55
9713 5
884 36
2830 5
8647 49
7922 2
409 3
215 2
5852 2
262 9
6633 23
5694 5
10494 5
3916 2
6990 5
7590 23
8360 5
5967 0
2973 495
5013 3
4400 13
10424 13
6588 24
2784 39
5505 24
8239 9
4490 24
9125 5
865 12
772 5
4392 496
594 6
4388 23
6679 21
1367 12
9004 3
9939 5
10186 12
2004 7
6590 2
8665 2
4381 28
7968 0
6296 12
5925 12
426 16
4655 5
5129 24
2869 23
9367 13
7473 7
3644 13
9466 23
4283 5
7194 3
554 13
7043 2
7063 23
8187 33
9753 2
4376 19
2461 8
3502 5
2189 12
1981 12
6247 5
267 49
3547 12
3096 0
1788 4
2639 497
7594 7
7437 23
590 33
7411 5
9787 16
4048 37
2383 12
1645 3
437 12
8038 2
4929 5
5395 12
10035 5
10881 2
315 21
8150 12
1184 2
6050 5
6876 12
7218 5
4854 2
1807 3
8057 23
6971 21
1115 21
1225 12
8686 4
9384 16
4133 49
1451 5
1559 5
6497 37
10594 28
6209 16
8632 8
10522 5
1641 5
6837 5
10072 24
10217 54
352 498
10821 3
9962 13
4645 23
287 2
3259 21
4723 2
7197 499
6874 24
6494 24
3523 9
7692 2
9885 5
4023 13
8415 5
1329 24
10565 5
8742 21
6407 5
10567 54
7270 28
4205 23
8467 6
5018 5
6324 13
10245 7
7818 5
4562 54
5671 3
7704 20
238 28
9594 28
1555 21
721 16
7726 3
1708 21
842 2
8110 5
10588 23
3226 5
9395 12
6202 21
6465 5
6223 5
3039 4
675 16
9577 7
9086 5
8624 23
2191 7
460 39
36 12
6131 54
4403 23
2773 4
923 21
10293 5
1493 2
8573 2
7948 2
2406 7
749 500
4662 12
1630 12
6598 13
5604 20
9801 5
2202 12
4930 23
4037 16
1121 23
10886 501
2910 7
824 21
10545 33
9656 20
2748 24
10091 23
10469 8
717 21
6062 13
10171 5
9259 12
2297 24
10731 12
8436 5
11074 13
9340 13
4951 5
7267 23
1352 4
2623 5
3773 16
5728 502
2674 20
1065 36
6623 13
8068 23
2318 12
1375 7
6168 7
10711 5
10472 28
7573 13
9602 16
4506 33
9646 23
4040 5
113 3
6574 33
2991 5
9604 13
2475 24
7855 54
4010 54
8437 5
7105 13
7900 503
10040 53
10226 21
8494 12
7820 7
9857 20
5466 5
4086 5
7657 0
943 5
8618 27
875 23
8168 16
1722 3
2304 7
3558 504
7527 23
5636 2
4351 3
11014 20
1818 12
6024 4
7597 24
421 8
7774 23
40 2
1920 23
4015 24
4698 28
2364 21
1100 13
7357 0
11089 5
2040 23
10233 3
2970 39
4893 12
1660 53
812 2
9547 8
7559 12
6718 5
6196 2
6276 5
3989 39
10679 28
7372 13
1435 3
3857 5
8403 5
8112 54
8178 12
1930 16
7626 13
8465 24
7893 5
3257 54
2098 5
7876 28
5275 4
1629 28
4439 5
5637 9
2169 12
948 7
2654 7
2829 505
7012 2
3522 12
2658 16
1680 5
6753 5
4060 5
7348 55
11102 3
6666 5
4172 13
4511 12
5582 0
6683 0
10768 5
856 506
4366 2
3120 5
3452 507
9348 4
2077 12
4125 5
7003 5
9285 2
500 5
3260 5
356 12
5688 2
4426 5
5673 5
9598 12
1616 5
5809 13
8765 5
5687 23
685 23
1245 36
10099 28
8269 5
10532 8
6531 13
10869 55
2954 4
3802 2
141 21
6543 21
7759 12
10331 24
2164 5
9728 3
9633 7
5537 23
9344 5
636 5
155 5
7827 23
8793 28
3569 12
7915 23
4031 12
890 5
1523 5
7454 21
9784 7
3018 28
7730 12
10911 12
10466 4
1298 508
5494 16
6011 28
713 24
3211 4
7085 16
7274 0
8810 28
5545 5
1194 49
3203 7
3415 12
508 5
8479 2
6449 16
6005 2
4721 2
10177 21
2284 39
5158 9
2909 5
9989 5
10304 12
2089 5
7370 5
9761 2
4117 5
10828 28
2520 509
9973 16
7388 21
10060 6
9599 5
8848 37
10582 7
2985 12
3606 39
10032 5
4911 28
5309 5
5534 5
10450 13
3190 49
9361 7
1992 12
3770 5
9600 13
4280 5
10811 39
2262 23
9351 3
3332 55
9977 12
7641 5
3282 13
6751 49
10637 5
5894 2
6699 5
6688 5
1811 21
10132 2
10651 54
10075 49
6899 49
3654 510
