15012 112
15013 94
15014 14
15015 17
15016 51
15017 167
15018 213
15019 20
15020 57
15021 147
15022 63
15023 35
15024 30
15025 5
15026 7
15027 3835
15028 14
15029 186
15030 113
15031 46
15032 153
15033 302
15034 2813
15035 213
15036 209
15037 186
15038 3836
15039 46
15040 7
15041 46
15042 186
15043 113
15044 147
15045 209
15046 185
15047 113
15048 302
15049 147
15050 55
15051 147
15052 113
15053 147
15054 113
15055 302
15056 130
15057 185
15058 185
15059 113
15060 147
15061 54
15062 17
15063 879
15064 3875
15065 46
15066 35
15067 147
15068 3837
15069 65
15070 185
15071 147
15072 112
15073 1157
15074 20
15075 886
15076 46
15077 30
15078 55
15079 2
15080 1161
15081 185
15082 302
15083 1994
15084 5
15085 302
15086 186
15087 19
15088 37
15089 102
15090 57
15091 185
15092 186
15093 113
15094 209
15095 20
15096 3604
15097 110
15098 206
15099 3908
15100 26
15101 186
15102 20
15103 251
15104 147
15105 63
15106 46
15107 3877
15108 3838
15109 147
15110 46
15111 186
15112 20
15113 7
15114 4
15115 63
15116 63
15117 302
15118 186
15119 15
15120 147
15121 1
15122 3839
15123 186
15124 302
15125 110
15126 112
15127 26
15128 32
15129 94
15130 302
15131 186
15132 113
15133 186
15134 36
15135 879
15136 186
15137 3840
15138 65
15139 20
15140 54
15141 186
15142 17
15143 51
15144 112
15145 185
15146 302
15147 186
15148 46
15149 51
15150 94
15151 113
15152 186
15153 2226
15154 167
15155 147
15156 186
15157 30
15158 3841
15159 1161
15160 2026
15161 20
15162 186
15163 302
15164 113
15165 213
15166 94
15167 113
15168 30
15169 14
15170 186
15171 113
15172 186
15173 147
15174 110
15175 102
15176 3842
15177 186
15178 186
15179 251
15180 57
15181 5
15182 30
15183 147
15184 213
15185 130
15186 113
15187 51
15188 153
15189 147
15190 86
15191 94
15192 94
15193 147
15194 213
15195 147
15196 54
15197 886
15198 94
15199 113
15200 21
15201 185
15202 147
15203 7
15204 2226
15205 213
15206 17
15207 186
15208 185
15209 30
15210 213
15211 46
15212 185
15213 148
15214 65
15215 110
15216 3908
15217 185
15218 30
15219 63
15220 206
15221 186
15222 302
15223 37
15224 7
15225 17
15226 147
15227 63
15228 153
15229 130
15230 17
15231 302
15232 302
15233 302
15234 25
15235 302
15236 65
15237 186
15238 113
15239 36
15240 57
15241 25
15242 51
15243 30
15244 46
15245 186
15246 213
15247 21
15248 206
15249 185
15250 251
15251 206
15252 90
15253 186
15254 30
15255 186
15256 213
15257 4
15258 186
15259 186
15260 186
15261 209
15262 206
15263 51
15264 186
15265 135
15266 147
15267 130
15268 35
15269 5
15270 135
15271 1157
15272 65
15273 65
15274 63
15275 25
15276 186
15277 186
15278 147
15279 2743
15280 14
15281 37
15282 21
15283 113
15284 879
15285 17
15286 19
15287 185
15288 51
15289 147
15290 147
15291 186
15292 147
15293 147
15294 51
15295 65
15296 112
15297 213
15298 209
15299 46
15300 209
15301 63
15302 3843
15303 147
15304 57
15305 63
15306 186
15307 3927
15308 209
15309 94
15310 63
15311 186
15312 102
15313 57
15314 1994
15315 1994
15316 7
15317 30
15318 30
15319 63
15320 130
15321 7
15322 302
15323 206
15324 94
15325 206
15326 3844
15327 3926
15328 206
15329 14
15330 37
15331 26
15332 51
15333 57
15334 113
15335 302
15336 147
15337 209
15338 147
15339 302
15340 5
15341 46
15342 879
15343 51
15344 3875
15345 30
15346 113
15347 302
15348 186
15349 209
15350 186
15351 209
15352 213
15353 102
15354 186
15355 186
15356 147
15357 94
15358 112
15359 35
15360 186
15361 206
15362 54
15363 63
15364 251
15365 209
15366 20
15367 209
15368 213
15369 110
15370 186
15371 94
15372 3845
15373 3846
15374 20
15375 147
15376 65
15377 148
15378 25
15379 7
15380 113
15381 147
15382 30
15383 147
15384 147
15385 302
15386 3847
15387 7
15388 167
15389 46
15390 46
15391 213
15392 186
15393 55
15394 65
15395 3908
15396 94
15397 186
15398 186
15399 46
15400 3848
15401 206
15402 186
15403 46
15404 206
15405 209
15406 7
15407 209
15408 3849
15409 206
15410 63
15411 12
15412 37
15413 61
15414 19
15415 51
15416 51
15417 51
15418 886
15419 113
15420 302
15421 130
15422 213
15423 51
15424 36
15425 186
15426 51
15427 113
15428 94
15429 46
15430 35
15431 147
15432 206
15433 37
15434 185
15435 10
15436 46
15437 302
15438 63
15439 115
15440 147
15441 20
15442 147
15443 65
15444 213
15445 51
15446 57
15447 213
15448 10
15449 30
15450 186
15451 186
15452 113
15453 46
15454 94
15455 46
15456 113
15457 206
15458 31
15459 51
15460 1161
15461 57
15462 113
15463 30
15464 185
15465 113
15466 245
15467 186
15468 209
15469 5
15470 185
15471 206
15472 147
15473 63
15474 879
15475 186
15476 147
15477 51
15478 209
15479 206
15480 4
15481 30
15482 10
15483 147
15484 30
15485 113
15486 186
15487 302
15488 113
15489 302
15490 1157
15491 113
15492 140
15493 5
15494 213
15495 879
15496 51
15497 148
15498 1
15499 20
15500 30
15501 54
15502 20
15503 113
15504 20
15505 46
15506 30
15507 63
15508 135
15509 1
15510 42
15511 38
15512 302
15513 113
15514 38
15515 886
15516 7
15517 302
15518 302
15519 30
15520 188
15521 37
15522 2818
15523 130
15524 209
15525 147
15526 148
15527 35
15528 302
15529 30
15530 130
15531 206
15532 35
15533 302
15534 206
15535 65
15536 35
15537 147
15538 51
15539 51
15540 15
15541 37
15542 15
15543 147
15544 209
15545 113
15546 30
15547 186
15548 20
15549 1566
15550 26
15551 206
15552 147
15553 1157
15554 302
15555 209
15556 130
15557 206
15558 30
15559 15
15560 186
15561 213
15562 302
15563 112
15564 30
15565 185
15566 3908
15567 65
15568 2017
15569 206
15570 113
15571 35
15572 30
15573 130
15574 65
15575 147
15576 25
15577 886
15578 1
15579 46
15580 213
15581 57
15582 186
15583 113
15584 185
15585 30
15586 147
15587 30
15588 113
15589 65
15590 30
15591 213
15592 30
15593 57
15594 186
15595 65
15596 102
15597 147
15598 63
15599 30
15600 113
15601 3850
15602 3851
15603 30
15604 213
15605 185
15606 213
15607 65
15608 65
15609 46
15610 206
15611 186
15612 186
15613 147
15614 20
15615 57
15616 110
15617 1994
15618 5
15619 30
15620 31
15621 30
15622 147
15623 302
15624 206
15625 57
15626 30
15627 209
15628 36
15629 113
15630 110
15631 302
15632 3852
15633 65
15634 32
15635 213
15636 186
15637 63
15638 102
15639 113
15640 30
15641 43
15642 38
15643 46
15644 186
15645 17
15646 213
15647 185
15648 32
15649 206
15650 185
15651 302
15652 20
15653 251
15654 19
15655 51
15656 63
15657 302
15658 302
15659 3907
15660 302
15661 94
15662 302
15663 302
15664 113
15665 186
15666 65
15667 113
15668 213
15669 112
15670 113
15671 213
15672 302
15673 251
15674 209
15675 251
15676 113
15677 17
15678 186
15679 886
15680 135
15681 51
15682 147
15683 209
15684 102
15685 35
15686 213
15687 57
15688 209
15689 57
15690 255
15691 213
15692 90
15693 54
15694 186
15695 186
15696 30
15697 7
15698 112
15699 51
15700 302
15701 30
15702 51
15703 25
15704 213
15705 147
15706 7
15707 113
15708 35
15709 879
15710 147
15711 185
15712 3926
15713 37
15714 19
15715 46
15716 302
15717 302
15718 3853
15719 186
15720 302
15721 186
15722 302
15723 186
15724 147
15725 209
15726 35
15727 3854
15728 167
15729 113
15730 886
15731 1997
15732 46
15733 21
15734 130
15735 148
15736 46
15737 302
15738 110
15739 30
15740 147
15741 63
15742 20
15743 206
15744 147
15745 113
15746 213
15747 147
15748 112
15749 147
15750 209
15751 147
15752 30
15753 206
15754 26
15755 7
15756 302
15757 153
15758 135
15759 186
15760 110
15761 25
15762 113
15763 185
15764 65
15765 30
15766 113
15767 206
15768 186
15769 3926
15770 3855
15771 46
15772 113
15773 63
15774 206
15775 186
15776 186
15777 15
15778 112
15779 213
15780 37
15781 94
15782 7
15783 17
15784 186
15785 110
15786 65
15787 113
15788 302
15789 113
15790 147
15791 130
15792 51
15793 147
15794 51
15795 30
15796 65
15797 147
15798 186
15799 147
15800 30
15801 90
15802 20
15803 186
15804 86
15805 879
15806 213
15807 206
15808 30
15809 206
15810 147
15811 1191
15812 1347
15813 302
15814 185
15815 110
15816 206
15817 7
15818 213
15819 147
15820 147
15821 1983
15822 57
15823 302
15824 57
15825 302
15826 147
15827 147
15828 206
15829 18
15830 302
15831 147
15832 7
15833 37
15834 20
15835 18
15836 186
15837 57
15838 213
15839 63
15840 57
15841 879
15842 186
15843 186
15844 185
15845 147
15846 185
15847 255
15848 2732
15849 147
15850 185
15851 1571
15852 86
15853 186
15854 7
15855 20
15856 25
15857 3907
15858 113
15859 7
15860 206
15861 186
15862 37
15863 30
15864 302
15865 46
15866 1994
15867 302
15868 7
15869 1161
15870 1
15871 186
15872 185
15873 206
15874 153
15875 46
15876 5
15877 147
15878 46
15879 65
15880 113
15881 63
15882 186
15883 186
15884 57
15885 886
15886 147
15887 185
15888 209
15889 110
15890 186
15891 147
15892 186
15893 186
15894 57
15895 185
15896 17
15897 213
15898 3877
15899 113
15900 63
15901 7
15902 94
15903 147
15904 3856
15905 63
15906 63
15907 302
15908 63
15909 7
15910 2776
15911 1994
15912 63
15913 51
15914 1994
15915 879
15916 185
15917 14
15918 209
15919 186
15920 61
15921 206
15922 147
15923 886
15924 185
15925 206
15926 1997
15927 51
15928 51
15929 26
15930 879
15931 147
15932 186
15933 206
15934 186
15935 147
15936 65
15937 26
15938 30
15939 57
15940 3926
15941 186
15942 1566
15943 186
15944 186
15945 46
15946 1566
15947 185
15948 148
15949 1166
15950 147
15951 213
15952 14
15953 147
15954 302
15955 65
15956 21
15957 147
15958 302
15959 86
15960 206
15961 186
15962 5
15963 37
15964 113
15965 63
15966 1191
15967 51
15968 186
15969 213
15970 186
15971 213
15972 113
15973 37
15974 255
15975 51
15976 186
15977 147
15978 102
15979 206
15980 147
15981 213
15982 90
15983 206
15984 251
15985 102
15986 38
15987 186
15988 148
15989 7
15990 147
15991 94
15992 186
15993 3857
15994 22
15995 186
15996 25
15997 3858
15998 186
15999 112
16000 1341
16001 14
16002 855
16003 147
16004 1994
16005 1805
16006 110
16007 10
16008 102
16009 185
16010 43
16011 213
16012 186
16013 3908
16014 30
16015 167
16016 25
16017 3859
16018 65
16019 2818
16020 213
16021 3584
16022 147
16023 54
16024 3860
16025 147
16026 57
16027 3861
16028 26
16029 147
16030 186
16031 7
16032 213
16033 46
16034 19
16035 65
16036 110
16037 57
16038 147
16039 147
16040 3352
16041 147
16042 3935
16043 186
16044 46
16045 51
16046 1997
16047 7
16048 7
16049 1779
16050 130
16051 209
16052 147
16053 251
16054 147
16055 2787
16056 94
16057 7
16058 1571
16059 3922
16060 110
16061 37
16062 135
16063 206
16064 7
16065 90
16066 37
16067 57
16068 57
16069 30
16070 25
16071 1566
16072 46
16073 185
16074 113
16075 5
16076 113
16077 63
16078 255
16079 51
16080 302
16081 147
16082 113
16083 183
16084 213
16085 2226
16086 26
16087 186
16088 3862
16089 113
16090 63
16091 186
16092 1994
16093 153
16094 113
16095 251
16096 63
16097 37
16098 63
16099 63
16100 186
16101 153
16102 147
16103 186
16104 185
16105 147
16106 30
16107 186
16108 4
16109 185
16110 185
16111 213
16112 113
16113 113
16114 86
16115 46
16116 147
16117 30
16118 37
16119 206
16120 1779
16121 206
16122 886
16123 20
16124 213
16125 206
16126 147
16127 147
16128 302
16129 37
16130 94
16131 130
16132 7
16133 186
16134 130
16135 55
16136 1406
16137 86
16138 1994
16139 115
16140 879
16141 112
16142 206
16143 1
16144 63
16145 3863
16146 186
16147 206
16148 186
16149 167
16150 130
16151 130
16152 102
16153 206
16154 206
16155 86
16156 147
16157 19
16158 46
16159 46
16160 32
16161 51
16162 206
16163 3922
16164 130
16165 7
16166 213
16167 255
16168 213
16169 185
16170 57
16171 147
16172 186
16173 15
16174 3927
16175 51
16176 65
16177 251
16178 46
16179 30
16180 37
16181 206
16182 302
16183 38
16184 5
16185 213
16186 186
16187 57
16188 46
16189 130
16190 51
16191 302
16192 3864
16193 110
16194 46
16195 57
16196 113
16197 3865
16198 879
16199 185
16200 30
16201 186
16202 206
16203 186
16204 3866
16205 26
16206 186
16207 110
16208 63
16209 19
16210 46
16211 3867
16212 185
16213 3868
16214 35
16215 153
16216 1161
16217 36
16218 147
16219 3869
16220 14
16221 94
16222 186
16223 185
16224 65
16225 10
16226 54
16227 5
16228 1
16229 185
16230 1779
16231 206
16232 90
16233 3935
16234 57
16235 147
16236 209
16237 65
16238 55
16239 213
16240 147
16241 1157
16242 14
16243 302
16244 51
16245 113
16246 51
16247 37
16248 1157
16249 186
16250 213
16251 30
16252 1994
16253 206
16254 206
16255 147
16256 63
16257 186
16258 186
16259 206
16260 213
16261 46
16262 213
