26558 885
26559 65
26560 885
26561 1104
26562 893
26563 886
26564 258
26565 1104
26566 258
26567 885
26568 885
26569 4
26570 184
26571 941
26572 1546
26573 65
26574 65
26575 2419
26576 1104
26577 272
26578 1
26579 885
26580 2176
26581 258
26582 18
26583 258
26584 29
26585 184
26586 885
26587 885
26588 258
26589 11
26590 885
26591 65
26592 885
26593 962
26594 102
26595 238
26596 891
26597 1668
26598 295
26599 1965
26600 258
26601 1075
26602 885
26603 1505
26604 139
26605 258
26606 1583
26607 1583
26608 65
26609 1680
26610 65
26611 91
26612 139
26613 295
26614 1940
26615 65
26616 1075
26617 11
26618 1583
26619 1583
26620 65
26621 1583
26622 1668
26623 69
26624 1104
26625 962
26626 885
26627 139
26628 139
26629 258
26630 885
26631 1583
26632 1086
26633 2176
26634 885
26635 172
26636 1214
26637 11
26638 258
26639 295
26640 962
26641 885
26642 886
26643 885
26644 11
26645 11
26646 786
26647 258
26648 962
26649 184
26650 238
26651 886
26652 11
26653 1583
26654 10
26655 134
26656 962
26657 1666
26658 139
26659 885
26660 1965
26661 962
26662 295
26663 904
26664 184
26665 962
26666 11
26667 1653
26668 173
26669 3
26670 885
26671 2422
26672 53
26673 1666
26674 11
26675 1214
26676 214
26677 1655
26678 11
26679 786
26680 139
26681 2424
26682 885
26683 11
26684 204
26685 2425
26686 885
26687 2161
26688 885
26689 1965
26690 11
26691 1680
26692 885
26693 2161
26694 69
26695 1663
26696 885
26697 11
26698 885
26699 139
26700 65
26701 885
26702 1965
26703 1505
26704 139
26705 885
26706 941
26707 2426
26708 258
26709 1505
26710 184
26711 885
26712 1297
26713 1663
26714 1975
26715 1965
26716 272
26717 1668
26718 204
26719 1505
26720 238
26721 1653
26722 1104
26723 204
26724 1583
26725 258
26726 885
26727 2427
26728 1470
26729 904
26730 238
26731 1104
26732 65
26733 258
26734 907
26735 11
26736 1940
26737 1940
26738 11
26739 1965
26740 1470
26741 65
26742 65
26743 1653
26744 204
26745 2428
26746 184
26747 2429
26748 258
26749 1470
26750 1695
26751 885
26752 1505
26753 1505
26754 1505
26755 258
26756 53
26757 1470
26758 2021
26759 258
26760 258
26761 258
26762 1965
26763 889
26764 258
26765 1965
26766 238
26767 1975
26768 2176
26769 2021
26770 885
26771 1546
26772 272
26773 1655
26774 885
26775 238
26776 11
26777 295
26778 295
26779 295
26780 258
26781 258
26782 885
26783 885
26784 258
26785 1505
26786 258
26787 295
26788 885
26789 258
26790 941
26791 23
26792 1297
26793 962
26794 885
26795 1940
26796 11
26797 885
26798 886
26799 1653
26800 885
26801 295
26802 1975
26803 885
26804 885
26805 885
26806 1940
26807 885
26808 295
26809 65
26810 104
26811 885
26812 786
26813 10
26814 10
26815 10
26816 258
26817 232
26818 258
26819 1527
26820 1546
26821 33
26822 1695
26823 258
26824 885
26825 885
26826 2332
26827 1668
26828 258
26829 65
26830 1668
26831 1695
26832 2332
26833 10
26834 885
26835 238
26836 258
26837 1683
26838 885
26839 1683
26840 11
26841 885
26842 885
26843 962
26844 258
26845 272
26846 258
26847 258
26848 258
26849 28
26850 1297
26851 258
26852 885
26853 885
26854 258
26855 1075
26856 885
26857 258
26858 272
26859 258
26860 885
26861 258
26862 885
26863 238
26864 885
26865 1655
26866 295
26867 1680
26868 962
26869 134
26870 184
26871 258
26872 885
26873 1505
26874 885
26875 258
26876 11
26877 1975
26878 1075
26879 1075
26880 77
26881 1695
26882 1297
26883 258
26884 10
26885 1104
26886 885
26887 295
26888 4
26889 104
26890 11
26891 238
26892 885
26893 295
26894 258
26895 1104
26896 11
26897 885
26898 295
26899 11
26900 1075
26901 885
26902 295
26903 1075
26904 885
26905 1583
26906 885
26907 962
26908 962
26909 184
26910 102
26911 1680
26912 134
26913 885
26914 885
26915 1653
26916 134
26917 1668
26918 212
26919 212
26920 1965
26921 53
26922 1940
26923 1583
26924 28
26925 1583
26926 2167
26927 885
26928 885
26929 1668
26930 1965
26931 962
26932 885
26933 102
26934 1668
26935 1965
26936 1946
26937 272
26938 1505
26939 1470
26940 1470
26941 1653
26942 1470
26943 1668
26944 1470
26945 1470
26946 1470
26947 885
26948 902
26949 1546
26950 885
26951 1965
26952 1470
26953 1505
26954 2430
26955 258
26956 885
26957 1075
26958 1075
26959 1583
26960 238
26961 962
26962 941
26963 1546
26964 52
26965 1965
26966 1975
26967 53
26968 1470
26969 102
26970 11
26971 1546
26972 1297
26973 2205
26974 1470
26975 1965
26976 232
26977 1683
26978 1663
26979 52
26980 885
26981 1683
26982 1297
26983 885
26984 1546
26985 1075
26986 258
26987 258
26988 139
26989 1965
26990 885
26991 11
26992 1965
26993 1075
26994 258
26995 1546
26996 65
26997 1470
26998 4
26999 4
27000 1965
27001 885
27002 1975
27003 1583
27004 885
27005 1965
27006 885
27007 1683
27008 1680
27009 1470
27010 1680
27011 129
27012 2167
27013 139
27014 885
27015 1583
27016 885
27017 1583
27018 2431
27019 1965
27020 11
27021 1583
27022 11
27023 30
27024 1583
27025 1583
27026 11
27027 212
27028 1965
27029 1224
27030 2169
27031 204
27032 1666
27033 2169
27034 212
27035 1470
27036 139
27037 1470
27038 1965
27039 1975
27040 1470
27041 1470
27042 258
27043 1946
27044 1653
27045 134
27046 134
27047 30
27048 1546
27049 1470
27050 258
27051 65
27052 1975
27053 212
27054 1965
27055 885
27056 1683
27057 1075
27058 1583
27059 1104
27060 70
27061 10
27062 1965
27063 12
27064 1965
27065 1583
27066 10
27067 1965
27068 188
27069 1965
27070 1965
27071 10
27072 69
27073 1965
27074 885
27075 65
27076 885
27077 10
27078 904
27079 885
27080 1075
27081 1681
27082 1965
27083 1940
27084 1965
27085 212
27086 1075
27087 184
27088 1696
27089 2433
27090 272
27091 1965
27092 65
27093 41
27094 52
27095 1302
27096 272
27097 2021
27098 65
27099 272
27100 91
27101 1075
27102 962
27103 1104
27104 885
27105 295
27106 272
27107 10
27108 885
27109 1948
27110 885
27111 272
27112 885
27113 962
27114 962
27115 1965
27116 885
27117 885
27118 532
27119 91
27120 1940
27121 1505
27122 1104
27123 204
27124 1965
27125 11
27126 91
27127 1583
27128 885
27129 885
27130 1946
27131 2332
27132 885
27133 11
27134 11
27135 134
27136 91
27137 1695
27138 173
27139 258
27140 885
27141 1940
27142 885
27143 1965
27144 65
27145 10
27146 1965
27147 1695
27148 1940
27149 258
27150 10
27151 885
27152 139
27153 1470
27154 65
27155 272
27156 139
27157 1681
27158 1470
27159 1668
27160 11
27161 272
27162 885
27163 885
27164 258
27165 258
27166 885
27167 65
27168 131
27169 11
27170 134
27171 885
27172 184
27173 11
27174 258
27175 2421
27176 885
27177 1683
27178 91
27179 885
27180 885
27181 1546
27182 258
27183 1470
27184 1681
27185 885
27186 204
27187 65
27188 1546
27189 258
27190 258
27191 258
27192 885
27193 204
27194 1583
27195 1470
27196 1470
27197 65
27198 885
27199 295
27200 2333
27201 139
27202 258
27203 1940
27204 885
27205 1470
27206 104
27207 885
27208 962
27209 1470
27210 214
27211 1579
27212 295
27213 885
27214 238
27215 885
27216 885
27217 1470
27218 102
27219 1546
27220 1583
27221 2434
27222 1546
27223 1546
27224 1668
27225 272
27226 102
27227 184
27228 65
27229 885
27230 77
27231 1668
27232 258
27233 139
27234 1965
27235 1470
27236 1470
27237 1655
27238 258
27239 885
27240 1940
27241 962
27242 258
27243 11
27244 1470
27245 258
27246 1470
27247 885
27248 1583
27249 238
27250 885
27251 1546
27252 11
27253 885
27254 1965
27255 65
27256 11
27257 885
27258 1965
27259 1470
27260 1696
27261 1683
27262 1683
27263 258
27264 258
27265 258
27266 258
27267 258
27268 1975
27269 11
27270 885
27271 962
27272 1470
27273 258
27274 1546
27275 11
27276 69
27277 91
27278 885
27279 962
27280 258
27281 258
27282 91
27283 258
27284 100
27285 258
27286 1546
27287 885
27288 238
27289 885
27290 258
27291 258
27292 885
27293 885
27294 885
27295 885
27296 1470
27297 3
27298 204
27299 962
27300 1940
27301 11
27302 82
27303 885
27304 962
27305 1583
27306 885
27307 258
27308 10
27309 258
27310 258
27311 885
27312 962
27313 258
27314 1696
27315 885
27316 65
27317 258
27318 885
27319 204
27320 1104
27321 258
27322 65
27323 134
27324 258
27325 1470
27326 258
27327 10
27328 1583
27329 1527
27330 1470
27331 1470
27332 1965
27333 10
27334 258
27335 10
27336 885
27337 258
27338 1470
27339 258
27340 258
27341 885
27342 258
27343 962
27344 258
27345 907
27346 1470
27347 258
27348 962
27349 1470
27350 258
27351 1470
27352 11
27353 1683
27354 258
27355 11
27356 258
27357 258
27358 885
27359 885
27360 258
27361 2435
27362 2436
27363 2432
27364 886
27365 1940
27366 11
27367 962
27368 11
27369 65
27370 258
27371 885
27372 885
27373 65
27374 258
27375 1583
27376 36
27377 885
27378 1683
27379 1470
27380 1470
27381 1940
27382 1470
27383 885
27384 1505
27385 885
27386 1470
27387 885
27388 1470
27389 91
27390 1470
27391 885
27392 1668
27393 1946
27394 1946
27395 2437
27396 885
27397 884
27398 2438
27399 1470
27400 1946
27401 77
27402 1546
27403 11
27404 102
27405 1965
27406 1505
27407 885
27408 295
27409 1683
27410 295
27411 1683
27412 1470
27413 1470
27414 41
27415 1965
27416 184
27417 1470
27418 11
27419 2439
27420 258
27421 1952
27422 129
27423 295
27424 1546
27425 885
27426 129
27427 962
27428 129
27429 129
27430 129
27431 65
27432 885
27433 1470
27434 1470
27435 1470
27436 885
27437 885
27438 29
27439 1470
27440 1470
27441 91
27442 1470
27443 885
27444 69
27445 11
27446 1470
27447 11
27448 1470
27449 1965
27450 1683
27451 11
27452 258
27453 1470
27454 1075
27455 907
27456 2440
27457 11
27458 885
27459 1470
27460 1470
27461 1470
27462 1583
27463 1940
27464 10
27465 258
27466 786
27467 65
27468 36
27469 1583
27470 52
27471 134
27472 36
27473 11
27474 65
27475 238
27476 2441
27477 1583
27478 11
27479 295
27480 1470
27481 1214
27482 885
27483 885
27484 104
27485 295
27486 2442
27487 1680
27488 139
27489 65
27490 139
27491 204
27492 1075
27493 1470
27494 1505
27495 786
27496 134
27497 1952
27498 39
27499 885
27500 1680
27501 1583
27502 1505
27503 204
27504 1470
27505 885
27506 1470
27507 962
27508 1655
27509 962
27510 962
27511 104
27512 104
27513 104
27514 104
27515 104
27516 104
27517 104
27518 104
27519 104
27520 104
27521 104
27522 104
27523 104
27524 104
27525 104
27526 104
27527 104
27528 104
27529 104
27530 104
27531 104
27532 104
27533 104
27534 104
27535 104
27536 104
27537 104
27538 104
27539 104
27540 104
27541 104
27542 104
27543 104
27544 104
27545 104
27546 104
27547 104
27548 104
27549 104
27550 104
27551 104
27552 104
27553 104
27554 104
27555 104
27556 104
27557 104
27558 104
27559 104
27560 104
27561 104
27562 104
27563 104
27564 104
27565 104
27566 104
27567 104
27568 104
27569 104
27570 104
27571 104
27572 104
27573 104
27574 104
27575 104
27576 104
27577 104
27578 104
27579 104
27580 104
27581 104
27582 104
27583 104
27584 104
27585 104
27586 104
27587 104
27588 104
27589 104
27590 104
27591 104
27592 104
27593 104
27594 104
27595 104
27596 104
27597 104
27598 941
27599 104
27600 104
27601 104
27602 104
27603 104
27604 104
27605 104
27606 104
27607 104
27608 104
27609 104
27610 1505
27611 104
27612 104
27613 104
27614 104
27615 104
27616 104
27617 104
27618 104
27619 104
27620 104
27621 104
27622 104
27623 104
27624 104
27625 104
27626 104
27627 962
27628 104
27629 104
27630 104
27631 4
27632 104
27633 104
27634 204
27635 104
27636 104
27637 104
27638 104
27639 104
27640 104
27641 104
27642 104
27643 104
27644 104
27645 104
27646 104
27647 134
27648 104
27649 104
27650 104
27651 104
27652 962
27653 104
27654 104
27655 238
27656 104
27657 104
27658 104
27659 885
27660 104
27661 104
27662 941
27663 104
27664 104
27665 104
27666 104
27667 104
27668 104
27669 104
27670 104
27671 104
27672 204
27673 104
27674 1653
27675 104
27676 104
27677 104
27678 104
27679 1683
27680 258
27681 104
27682 104
27683 1653
27684 104
27685 1683
27686 104
27687 104
27688 1470
27689 104
27690 1653
27691 104
27692 104
27693 104
27694 104
27695 104
27696 1653
27697 104
27698 104
27699 104
27700 104
27701 1653
27702 885
27703 104
27704 885
27705 1653
27706 1653
27707 104
27708 1653
27709 885
27710 104
27711 962
27712 104
27713 104
27714 104
27715 104
27716 104
27717 104
27718 104
27719 104
27720 1075
27721 104
27722 104
27723 104
27724 104
27725 104
27726 1075
27727 1696
27728 868
27729 1666
27730 104
27731 104
27732 1653
27733 69
27734 104
27735 238
27736 104
27737 104
27738 104
27739 30
27740 104
27741 104
27742 104
27743 1653
27744 104
27745 1695
27746 104
27747 104
27748 1075
27749 104
27750 104
27751 104
27752 104
27753 104
27754 104
27755 258
27756 104
27757 104
27758 104
27759 238
27760 295
27761 104
27762 104
27763 885
27764 104
27765 295
27766 104
27767 104
27768 104
27769 885
27770 104
27771 2180
27772 104
27773 82
27774 52
27775 104
27776 104
27777 104
27778 104
27779 1546
27780 131
27781 104
27782 104
27783 104
27784 104
27785 104
27786 885
27787 104
27788 1470
27789 104
27790 12
27791 104
27792 104
27793 12
27794 2180
27795 1470
27796 104
27797 885
27798 1104
27799 885
27800 104
27801 104
27802 104
27803 2179
27804 1470
27805 104
27806 104
27807 104
27808 885
27809 258
27810 104
27811 1940
27812 104
27813 104
27814 104
27815 104
27816 65
27817 104
27818 11
27819 1546
27820 104
27821 104
27822 104
27823 104
27824 1505
27825 104
27826 48
27827 104
27828 104
27829 1653
27830 104
27831 82
27832 104
27833 134
27834 1965
27835 104
27836 104
27837 104
27838 1583
27839 104
27840 104
27841 104
27842 885
27843 1680
27844 65
27845 65
27846 139
27847 258
27848 104
27849 139
27850 104
27851 104
27852 1695
27853 104
27854 104
27855 11
27856 129
27857 104
27858 104
27859 104
27860 104
27861 258
27862 104
27863 1695
27864 11
27865 104
27866 258
27867 258
27868 104
27869 139
27870 104
27871 104
27872 258
27873 1470
27874 82
27875 104
27876 104
27877 11
27878 204
27879 258
27880 258
27881 885
27882 104
27883 885
27884 885
27885 885
27886 104
27887 1653
27888 134
27889 885
27890 885
27891 885
27892 11
27893 104
27894 204
27895 104
27896 885
27897 104
27898 65
27899 885
27900 104
27901 102
27902 104
27903 139
27904 104
27905 885
27906 104
27907 104
27908 885
27909 1975
27910 104
27911 23
27912 104
27913 134
27914 1653
27915 104
27916 885
27917 104
27918 1104
27919 962
27920 1583
27921 258
27922 885
27923 104
27924 238
27925 885
27926 258
27927 104
27928 104
27929 1646
27930 139
27931 204
27932 11
27933 104
27934 258
27935 258
27936 104
27937 104
27938 104
27939 941
27940 104
27941 104
27942 104
27943 104
27944 885
27945 104
27946 104
27947 11
27948 1653
27949 104
27950 104
27951 885
27952 941
27953 885
27954 885
27955 1302
27956 104
27957 104
27958 258
27959 885
27960 11
27961 885
27962 104
27963 1683
27964 1683
27965 1546
27966 1683
27967 1683
27968 885
27969 1683
27970 1655
27971 258
27972 886
27973 104
27974 1655
27975 214
27976 104
27977 258
27978 104
27979 885
27980 1663
27981 238
27982 786
27983 104
27984 104
27985 1940
27986 11
27987 962
27988 104
27989 1546
27990 885
27991 2418
27992 1546
27993 31
27994 65
27995 238
27996 104
27997 11
27998 212
27999 1666
28000 104
28001 104
28002 885
28003 3
28004 104
28005 104
28006 1075
28007 885
28008 1663
28009 238
28010 11
28011 104
28012 885
28013 295
28014 1655
28015 11
28016 885
28017 1546
28018 885
28019 885
28020 1683
28021 28
28022 295
28023 104
28024 885
28025 885
28026 238
28027 885
28028 65
28029 11
28030 104
28031 1689
28032 2420
28033 2180
28034 104
28035 1689
28036 962
28037 104
28038 962
28039 1666
28040 962
28041 258
28042 885
28043 11
28044 104
28045 1075
28046 885
28047 104
28048 885
28049 885
28050 885
28051 885
28052 104
28053 885
28054 885
28055 885
28056 885
28057 885
28058 1653
28059 1975
28060 11
28061 1075
28062 82
28063 962
28064 104
28065 1696
28066 1075
28067 11
28068 104
28069 295
28070 104
28071 104
28072 104
28073 1940
28074 258
28075 1075
28076 258
28077 104
28078 104
28079 65
28080 1668
28081 204
28082 104
28083 1583
28084 2443
28085 258
28086 1952
28087 104
28088 962
28089 962
28090 962
28091 295
28092 258
28093 1546
28094 962
28095 104
28096 104
28097 885
28098 885
28099 104
28100 104
28101 258
28102 104
28103 295
28104 962
28105 1546
28106 104
28107 885
28108 11
28109 104
28110 104
28111 104
28112 1470
28113 1470
28114 104
28115 104
28116 204
28117 104
28118 962
28119 1505
28120 295
28121 1470
28122 1952
28123 104
28124 104
28125 104
28126 104
28127 104
28128 1653
28129 104
28130 885
28131 1505
28132 65
28133 104
28134 11
28135 29
28136 885
28137 11
28138 104
28139 1470
28140 1470
28141 21
28142 129
28143 104
28144 1302
28145 1470
28146 104
28147 129
28148 1470
28149 1214
28150 104
28151 129
28152 104
28153 104
28154 104
28155 1975
28156 104
28157 104
28158 885
28159 1655
28160 104
28161 1655
28162 885
28163 1655
28164 885
28165 129
28166 129
28167 1940
28168 129
28169 129
28170 1470
28171 1470
28172 1470
28173 1655
28174 941
28175 104
28176 104
28177 104
28178 184
28179 885
28180 104
28181 1579
28182 1505
28183 885
28184 104
28185 1214
28186 1663
28187 1
28188 1104
28189 21
28190 11
28191 2021
28192 885
28193 238
28194 885
28195 21
28196 104
28197 962
28198 204
28199 1653
28200 204
28201 1470
28202 21
28203 104
28204 1655
28205 104
28206 1297
28207 104
28208 1655
28209 204
28210 1655
28211 1655
28212 2390
28213 10
28214 91
28215 1666
28216 91
28217 1655
28218 104
28219 204
28220 104
28221 1214
28222 884
28223 104
28224 1583
28225 1583
28226 1470
28227 11
28228 1546
28229 1655
28230 104
28231 1583
28232 1655
28233 1666
28234 184
28235 1655
28236 1546
28237 1940
28238 1583
28239 962
28240 1546
28241 295
28242 885
28243 139
28244 1505
28245 53
28246 1583
28247 65
28248 1583
28249 91
28250 1668
28251 1583
28252 65
28253 11
28254 102
28255 1965
28256 2444
28257 1940
28258 11
28259 1546
28260 1655
28261 885
28262 2390
28263 11
28264 885
28265 1655
28266 885
28267 1583
28268 885
28269 104
28270 11
28271 1655
28272 11
28273 104
28274 885
28275 1583
28276 238
28277 1655
28278 173
28279 104
28280 885
28281 1655
28282 885
28283 295
28284 2445
28285 184
28286 1946
28287 1583
28288 11
28289 1470
28290 1505
28291 1965
28292 11
28293 885
28294 885
28295 885
28296 102
28297 104
28298 18
28299 53
28300 1668
28301 104
28302 885
28303 941
28304 11
28305 104
28306 962
28307 11
28308 11
28309 1075
28310 204
28311 11
28312 104
28313 212
28314 214
28315 104
28316 1666
28317 1470
28318 104
28319 104
28320 1583
28321 104
28322 1655
28323 2423
28324 885
28325 1655
28326 1965
28327 1470
28328 1527
28329 885
28330 77
28331 885
28332 1470
28333 104
28334 1546
28335 1940
28336 23
28337 11
28338 885
28339 102
28340 65
28341 104
28342 238
28343 600
28344 104
28345 134
28346 11
28347 885
28348 104
28349 238
28350 134
28351 104
28352 272
28353 272
28354 104
28355 104
28356 104
28357 1
28358 238
28359 104
28360 1470
28361 104
28362 238
28363 11
28364 238
28365 272
28366 1470
28367 1470
28368 11
28369 885
28370 885
28371 1995
28372 104
28373 11
28374 885
28375 885
28376 885
28377 2333
28378 1583
28379 139
28380 204
28381 11
28382 885
28383 885
28384 104
28385 1224
28386 65
28387 238
28388 1975
28389 1965
28390 29
28391 1663
28392 885
28393 65
28394 104
28395 104
28396 1995
28397 204
28398 1470
28399 65
28400 1470
28401 102
28402 104
28403 102
28404 11
28405 1655
28406 885
28407 885
28408 885
28409 238
28410 885
28411 11
28412 885
28413 2176
28414 238
28415 1470
28416 11
28417 31
28418 1940
28419 48
28420 786
28421 139
28422 258
28423 1470
28424 238
28425 885
28426 104
28427 23
28428 1680
28429 1297
28430 238
28431 1470
28432 0
28433 1940
28434 104
28435 214
28436 1214
28437 885
28438 1668
28439 885
28440 238
28441 1470
28442 11
28443 1546
28444 65
28445 1668
28446 258
28447 11
28448 41
28449 1470
28450 238
28451 295
28452 295
28453 962
28454 1668
