3650 953
741 1054
7660 931
6672 938
9172 1055
8308 1054
3687 809
5658 931
3055 931
8583 938
2825 1063
9117 1044
6055 9
4522 1044
10125 629
9143 1055
693 20
4078 1044
984 1063
1380 1044
7980 9
4019 9
5085 20
937 1061
7245 1044
1266 1061
5584 1055
1468 1062
4433 809
3625 1044
5828 938
9283 9
10956 809
1064 1063
411 931
470 1063
3044 937
9866 20
803 1054
4555 1044
3883 1064
3918 1054
7756 9
3640 1054
1035 1063
7935 1203
1332 809
4135 809
331 1061
9315 616
9681 931
810 1061
198 937
3028 1044
1954 938
903 619
1199 809
2224 1067
10564 9
3243 931
6685 931
8859 1054
3820 616
912 809
9190 938
5895 937
2820 1061
9070 9
620 1044
7685 938
11101 1054
3173 931
4152 803
888 1063
5436 938
8135 1055
5274 616
2416 937
1383 1067
1300 809
6779 809
8374 1044
4518 616
10127 938
1483 1061
4593 616
732 1062
8963 20
2066 1061
231 931
4424 9
10294 20
7135 809
243 1061
9324 809
3568 9
1797 809
2398 1063
5336 931
1341 809
9163 20
565 1061
4228 20
613 1067
9915 931
7436 938
9047 931
6731 809
2210 1061
121 1061
387 1061
9520 803
8042 938
8071 1081
8512 616
10203 1055
2199 1061
4350 809
445 931
10614 809
1702 1061
10305 809
6178 9
2860 1061
7925 1081
33 809
6350 931
8011 937
4052 616
87 1070
2179 1061
10354 1204
6843 1054
7139 804
678 935
3807 931
6813 1054
3035 1072
2565 20
1855 1054
51 1070
6777 932
9129 809
869 1054
3024 809
4736 1054
734 931
4487 931
596 1070
1268 1061
1668 1062
2374 1063
2220 1054
7844 809
286 931
9756 1055
2580 1061
8061 938
2341 1054
7800 937
1528 1054
9949 1070
709 931
10070 1044
5297 616
44 1205
9408 809
10946 931
3786 616
5793 937
6726 1098
10351 1070
1381 1063
967 1054
877 1061
9889 931
10396 20
525 1061
2935 1044
2146 1062
7233 938
8633 20
2716 1054
7188 1044
5464 1054
4709 931
583 809
1032 1062
8025 938
3000 616
5120 1055
4357 1054
7432 938
1791 1063
8863 809
9239 938
5711 1054
8901 809
8734 1054
4632 616
7112 1074
8490 1044
1346 1061
7723 937
720 1074
9789 20
1234 1061
1254 1067
474 931
6158 938
4690 937
7693 1054
10647 1054
2844 1061
10168 1044
10003 1064
10595 616
3950 1075
7908 938
864 809
1611 616
1801 1044
3785 809
8085 931
1853 1063
5667 615
9230 1098
2686 1070
1558 616
3626 937
9747 938
1761 1061
302 938
4855 20
6258 938
2526 20
5171 20
5695 20
3516 1055
2246 1063
373 1061
2181 809
6712 938
1874 809
10668 938
8970 931
6606 1070
9900 1054
8785 1054
440 1206
7787 1054
4197 809
9456 1044
3701 20
10654 1055
4798 809
3582 809
10902 1207
260 937
6658 938
10205 20
7356 931
3460 1044
1763 931
1808 931
7724 9
10251 9
6643 938
1625 20
10112 809
2011 1061
3947 931
9752 809
2228 1063
10322 1074
5900 809
7181 938
8923 1054
9536 938
229 1061
8469 938
2287 1055
7826 931
4330 1054
1884 1063
9441 20
4841 1072
9971 809
1156 1061
1102 1061
5914 615
6911 809
7529 938
2727 1070
1553 20
7023 937
2054 809
4606 1208
1533 931
5844 1055
9031 1044
2539 809
6020 1079
2431 1209
7021 937
9247 20
545 1061
8431 616
3975 1054
8098 931
6546 1055
5753 931
1700 1063
8951 1054
6822 1081
2240 931
10362 1044
5613 809
11042 931
4549 20
7364 938
5838 809
4570 9
1250 937
7118 809
398 1061
7625 931
8211 1044
9081 1044
9922 1044
10086 809
1988 20
10126 938
9492 1044
5218 931
2588 9
7094 938
2069 20
6439 1054
4358 20
448 1061
10433 938
1536 1061
4708 931
574 1063
9669 938
2065 1061
968 809
853 809
9588 809
9391 1061
7158 931
6732 931
8024 938
4760 1054
3878 931
1574 1062
11087 1081
2076 809
7725 938
10612 1055
7650 937
4587 616
2217 1062
3336 1054
7134 809
7252 938
2491 1055
3013 20
1072 931
9006 1054
4007 1072
9487 937
3446 1054
8957 809
4136 931
2279 1063
8402 809
10872 937
1789 1055
4329 809
2437 1074
6802 1082
6754 1210
3093 1054
6314 938
605 1061
2274 1063
6828 938
6694 20
1512 9
152 1061
4727 809
4404 1044
6840 809
1075 1061
6271 809
5862 1081
7606 931
971 1063
2891 931
5333 1044
3060 931
136 9
5973 1211
10985 1072
9252 938
2682 809
10426 9
7528 938
2744 1061
11073 616
9064 1070
8089 1212
5954 938
1487 1061
5292 931
1896 1062
677 1061
7950 1044
9854 809
1653 1062
11066 1055
7683 20
1921 20
2729 1061
5908 937
6589 931
4090 1070
8926 938
7829 809
3914 1082
10222 809
7843 937
578 1054
6436 1055
10273 804
6831 931
7743 938
3656 1044
8031 938
6755 20
3171 1070
5457 809
1074 1044
1911 1055
570 1062
7037 938
2354 1061
4978 20
29 1055
3560 809
2739 1061
3482 931
4530 931
9119 616
8030 931
10512 931
7163 809
2767 1061
5280 610
9689 809
6351 938
2425 937
7866 938
9754 1055
6558 1213
577 1055
4240 1055
3213 931
375 20
7326 938
4148 809
4418 809
4707 20
10650 616
2798 20
874 1063
9959 931
885 1070
7551 809
2616 1061
8292 1079
8489 938
6117 1214
745 1063
2109 9
8687 931
9380 1044
4206 809
728 1061
5449 809
1875 931
1015 1061
7815 937
160 1061
9002 1075
598 809
5606 931
7277 1215
9574 809
10806 937
9418 938
9370 938
9303 1055
386 20
9552 1044
1087 809
8149 809
4527 1054
9170 938
7315 931
4863 629
415 1062
3621 1044
9359 1055
9410 1055
8581 809
838 1061
8837 809
612 1054
591 1070
9579 9
5590 20
2278 809
3897 20
323 809
5827 931
2496 1061
6316 1055
2138 1061
7048 20
3792 809
2765 1061
2495 1062
1792 1061
3995 931
9737 1055
2508 20
2630 1063
9096 1044
8514 9
5516 938
9601 938
7670 616
10479 1054
5498 931
3949 1072
3751 20
7856 1216
1851 931
296 809
9202 20
3741 931
2267 1063
611 1055
4063 20
3816 20
694 1044
7299 938
2391 1063
7084 938
7591 938
9944 938
241 1055
11109 1055
7955 809
2029 1061
1999 937
207 20
8306 1054
9161 809
6498 1070
6620 938
2547 1063
5421 9
638 937
3906 12
8250 616
1728 1070
6464 809
8832 931
6852 809
9476 809
3642 20
9771 809
8179 938
5352 1070
7172 938
7795 809
5517 931
3943 1054
7182 809
135 20
1167 1061
5853 1055
2746 1061
7639 9
6437 938
10770 1054
9744 809
9913 931
588 1063
71 803
1644 616
1461 931
10416 931
6518 809
518 20
10883 616
7383 931
10572 809
2890 9
138 931
7164 9
1571 1055
9979 1044
6801 1055
4368 1054
8151 938
7848 937
2118 1044
9715 804
1166 809
1994 1044
2434 1061
5822 1055
5112 20
5951 938
2339 20
3463 0
8885 616
7631 937
7081 9
831 1074
2270 1063
6325 1054
2878 931
2052 1055
9346 613
9629 938
5685 938
6808 938
10029 937
982 1054
5623 1054
8492 1064
9084 931
7499 1054
1969 931
2855 1061
1475 1063
7690 1070
8351 20
2288 1072
350 1063
1409 1063
7203 1044
10616 1054
7419 1054
526 1061
7911 20
3605 809
6511 938
291 9
1473 1062
3563 9
10337 938
8540 20
4436 20
9751 9
6278 1044
4965 1044
6238 1044
3665 1070
10260 20
5556 809
6496 938
62 20
4862 1075
4163 931
3377 1064
4677 1055
9663 1054
10617 809
6479 938
4943 1055
6789 1044
10365 1063
6595 636
10473 1062
5229 1061
9649 1063
73 1054
8422 1217
9 1063
