4805 87
4806 87
4807 54
4808 54
4809 54
4810 54
4811 87
4812 54
4813 87
4814 87
4815 87
4816 853
4817 87
4818 54
4819 87
4820 54
4821 54
4822 54
4823 54
4824 87
4825 87
4826 87
4827 54
4828 54
4829 87
4830 54
4831 87
4832 87
4833 87
4834 54
4835 87
4836 87
4837 54
4838 54
4839 54
4840 87
4841 87
4842 87
4843 87
4844 87
4845 87
4846 87
4847 54
4848 87
4849 87
4850 87
4851 619
4852 87
4853 87
4854 87
4855 54
4856 87
4857 87
4858 87
4859 87
4860 87
4861 54
4862 87
4863 54
4864 54
4865 87
4866 87
4867 87
4868 87
4869 54
4870 853
4871 87
4872 87
4873 54
4874 87
4875 54
4876 87
4877 54
4878 54
4879 54
4880 853
4881 87
4882 54
4883 87
4884 54
4885 87
4886 87
4887 87
4888 54
4889 87
4890 54
4891 87
4892 87
4893 87
4894 87
4895 842
4896 87
4897 54
4898 87
4899 54
4900 87
4901 87
4902 87
4903 87
4904 87
4905 87
4906 54
4907 87
4908 87
4909 842
4910 54
4911 87
4912 54
4913 87
4914 87
4915 780
4916 780
4917 780
4918 780
4919 780
4920 780
4921 780
4922 780
4923 780
4924 780
4925 780
4926 780
4927 780
4928 780
4929 780
4930 780
4931 780
4932 780
4933 780
4934 780
4935 780
4936 780
4937 780
4938 780
4939 780
4940 780
4941 780
4942 780
4943 469
4944 469
4945 469
4946 469
4947 854
4948 469
4949 469
4950 469
4951 469
4952 469
4953 469
4954 469
4955 469
4956 469
4957 469
4958 854
4959 469
4960 469
4961 469
4962 469
4963 469
4964 469
4965 469
4966 469
4967 855
4968 469
4969 469
4970 469
4971 469
4972 469
4973 469
4974 469
4975 469
4976 469
4977 469
4978 855
4979 469
4980 469
4981 469
4982 469
4983 469
4984 469
4985 469
4986 469
4987 469
4988 469
4989 469
4990 469
4991 469
4992 469
4993 469
4994 469
4995 469
4996 469
4997 469
4998 469
4999 469
5000 469
5001 469
5002 469
5003 469
5004 469
5005 469
5006 469
5007 469
5008 855
5009 469
5010 469
5011 469
5012 854
5013 469
5014 855
5015 469
5016 469
5017 469
5018 469
5019 469
5020 469
5021 469
5022 469
5023 469
5024 469
5025 469
5026 469
5027 469
5028 469
5029 469
5030 469
5031 469
5032 469
5033 469
5034 469
5035 469
5036 469
5037 469
5038 469
5039 469
5040 469
5041 469
5042 469
5043 469
5044 469
5045 469
5046 469
5047 469
5048 469
5049 469
5050 469
5051 469
5052 856
5053 857
5054 857
5055 857
5056 857
5057 857
5058 857
5059 857
5060 857
5061 857
5062 857
5063 857
5064 857
5065 857
5066 857
5067 857
5068 857
5069 857
5070 857
5071 857
5072 857
5073 857
5074 857
5075 857
5076 857
5077 857
5078 857
5079 857
5080 857
5081 856
5082 857
5083 857
5084 857
5085 856
5086 856
5087 857
5088 857
5089 857
5090 857
5091 857
5092 857
5093 857
5094 856
5095 856
5096 857
5097 857
5098 857
5099 857
5100 857
5101 857
5102 856
5103 857
5104 857
5105 857
5106 856
5107 857
5108 857
5109 857
5110 857
5111 857
5112 857
5113 857
5114 857
5115 857
5116 857
5117 884
5118 856
5119 857
5120 860
5121 860
5122 860
5123 860
5124 860
5125 860
5126 860
5127 860
5128 860
5129 860
5130 860
5131 860
5132 860
5133 860
5134 860
5135 860
5136 860
5137 860
5138 860
5139 860
5140 860
5141 860
5142 860
5143 860
5144 860
5145 860
5146 860
5147 860
5148 860
5149 860
5150 860
5151 860
5152 860
5153 860
5154 860
5155 860
5156 860
5157 860
5158 860
5159 860
5160 860
5161 860
5162 860
5163 860
5164 860
5165 860
5166 860
5167 860
5168 860
5169 860
5170 860
5171 860
5172 860
5173 860
5174 860
5175 860
5176 24
5177 605
5178 861
5179 456
5180 24
5181 861
5182 427
5183 24
5184 605
5185 861
5186 861
5187 861
5188 781
5189 427
5190 861
5191 24
5192 456
5193 861
5194 861
5195 861
5196 863
5197 864
5198 863
5199 863
5200 863
5201 863
5202 863
5203 863
5204 863
5205 864
5206 863
5207 863
5208 863
5209 863
5210 863
5211 863
5212 863
5213 863
5214 864
5215 863
5216 863
5217 863
5218 112
5219 863
5220 863
5221 863
5222 863
5223 781
5224 863
5225 863
5226 863
5227 864
5228 863
5229 863
5230 863
5231 863
5232 863
5233 863
5234 863
5235 863
5236 863
5237 863
5238 863
5239 863
5240 863
5241 29
5242 598
5243 29
5244 29
5245 29
5246 29
5247 29
5248 29
5249 29
5250 858
5251 29
5252 29
5253 29
5254 29
5255 29
5256 29
5257 29
5258 29
5259 29
5260 29
5261 29
5262 29
5263 29
5264 29
5265 29
5266 29
5267 836
5268 29
5269 598
5270 29
5271 29
5272 29
5273 29
5274 29
5275 29
5276 29
5277 29
5278 29
5279 29
5280 29
5281 29
5282 29
5283 29
5284 29
5285 29
5286 29
5287 29
5288 29
5289 29
5290 29
5291 29
5292 29
5293 29
5294 29
5295 29
5296 29
5297 29
5298 29
5299 29
5300 29
5301 29
5302 29
5303 29
5304 29
5305 29
5306 29
5307 29
5308 29
5309 836
5310 858
5311 29
5312 29
5313 29
5314 29
5315 29
5316 29
5317 858
5318 865
5319 865
5320 865
5321 865
5322 865
5323 865
5324 865
5325 865
5326 865
5327 865
5328 865
5329 865
5330 865
5331 865
5332 865
5333 865
5334 865
5335 865
5336 865
5337 865
5338 865
5339 865
5340 865
5341 865
5342 865
5343 865
5344 865
5345 885
5346 867
5347 22
5348 115
5349 867
5350 867
5351 867
5352 75
5353 868
5354 868
5355 868
5356 868
5357 868
5358 868
5359 868
5360 868
5361 868
5362 868
5363 868
5364 784
5365 868
5366 868
5367 868
5368 868
5369 868
5370 868
5371 868
5372 868
5373 868
5374 601
5375 868
5376 868
5377 868
5378 868
5379 868
5380 868
5381 868
5382 868
5383 868
5384 868
5385 868
5386 868
5387 868
5388 868
5389 868
5390 868
5391 868
5392 868
5393 868
5394 868
5395 601
5396 868
5397 868
5398 780
5399 868
5400 868
5401 868
5402 868
5403 868
5404 868
5405 784
5406 868
5407 868
5408 868
5409 868
5410 868
5411 868
5412 868
5413 868
5414 868
5415 868
5416 868
5417 868
5418 868
5419 868
5420 868
5421 868
5422 868
5423 868
5424 868
5425 868
5426 868
5427 868
5428 868
5429 868
5430 868
5431 868
5432 868
5433 868
5434 868
5435 868
5436 868
5437 868
5438 868
5439 868
5440 868
5441 780
5442 868
5443 868
5444 868
5445 868
5446 868
5447 868
5448 868
5449 868
5450 868
5451 868
5452 784
5453 868
5454 868
5455 868
5456 868
5457 868
5458 868
5459 784
5460 868
5461 868
5462 868
5463 868
5464 868
5465 868
5466 868
5467 868
5468 868
5469 868
5470 868
5471 868
5472 868
5473 868
5474 868
5475 868
5476 868
5477 868
5478 868
5479 868
5480 868
5481 868
5482 868
5483 868
5484 868
5485 868
5486 868
5487 870
5488 870
5489 870
5490 870
5491 870
5492 870
5493 870
5494 870
5495 870
5496 870
5497 870
5498 870
5499 870
5500 784
5501 870
5502 565
5503 870
5504 565
5505 565
5506 565
5507 871
5508 871
5509 871
5510 871
5511 871
5512 871
5513 871
5514 871
5515 871
5516 871
5517 871
5518 871
5519 871
5520 871
5521 871
5522 871
5523 871
5524 871
5525 871
5526 871
5527 871
5528 871
5529 871
5530 871
5531 871
5532 871
5533 871
5534 871
5535 871
5536 871
5537 871
5538 871
5539 871
5540 871
5541 871
5542 871
5543 871
5544 871
5545 871
5546 871
5547 871
5548 871
5549 871
5550 871
5551 871
5552 871
5553 871
5554 871
5555 871
5556 871
5557 871
5558 871
5559 871
5560 871
5561 871
5562 871
5563 871
5564 871
5565 871
5566 871
5567 781
5568 871
5569 871
5570 871
5571 871
5572 871
5573 871
5574 871
5575 871
5576 871
5577 871
5578 871
5579 871
5580 871
5581 871
5582 839
5583 790
5584 483
5585 839
5586 790
5587 790
5588 791
5589 839
5590 483
5591 790
5592 790
5593 790
5594 614
5595 790
5596 790
5597 790
5598 790
5599 790
5600 790
5601 790
5602 839
5603 790
5604 863
5605 790
5606 790
5607 790
5608 790
5609 872
5610 872
5611 8
5612 872
5613 872
5614 872
5615 8
5616 872
5617 33
5618 33
5619 8
5620 872
5621 872
5622 872
5623 8
5624 8
5625 872
5626 8
5627 872
5628 8
5629 872
5630 8
5631 8
5632 8
5633 8
5634 8
5635 837
5636 11
5637 11
5638 11
5639 11
5640 11
5641 11
5642 11
5643 11
5644 11
5645 11
5646 837
5647 11
5648 11
5649 11
5650 11
5651 837
5652 11
5653 11
5654 837
5655 11
5656 11
5657 11
5658 11
5659 837
5660 11
5661 11
5662 11
5663 11
5664 11
5665 11
5666 11
5667 11
5668 11
5669 435
5670 837
5671 11
5672 70
5673 772
5674 870
5675 61
5676 874
5677 772
5678 70
5679 870
5680 70
5681 61
5682 70
5683 70
5684 870
5685 61
5686 70
5687 874
5688 70
5689 70
5690 70
5691 70
5692 70
5693 70
5694 70
5695 70
5696 70
5697 70
5698 874
5699 874
5700 874
5701 874
5702 70
5703 70
5704 70
5705 70
5706 70
5707 70
5708 70
5709 70
5710 70
5711 70
5712 874
5713 874
5714 70
5715 70
5716 70
5717 70
5718 61
5719 61
5720 70
5721 70
5722 870
5723 70
5724 70
5725 70
5726 70
5727 70
5728 70
5729 70
5730 791
5731 70
5732 870
5733 70
5734 70
5735 70
5736 70
5737 70
5738 61
5739 70
5740 70
5741 70
5742 70
5743 70
5744 70
5745 70
5746 70
5747 870
5748 70
5749 70
5750 70
5751 61
5752 70
5753 70
5754 870
5755 70
5756 70
5757 70
5758 70
5759 58
5760 437
5761 58
5762 437
5763 58
5764 865
5765 437
