10571 1355
10572 1355
10573 1355
10574 1355
10575 1355
10576 1355
10577 1355
10578 1355
10579 1355
10580 1355
10581 8
10582 1358
10583 798
10584 1355
10585 1355
10586 1355
10587 1355
10588 1355
10589 1355
10590 1355
10591 1355
10592 1355
10593 1355
10594 1355
10595 1355
10596 1355
10597 1355
10598 1842
10599 1355
10600 1843
10601 1355
10602 798
10603 1355
10604 1355
10605 1355
10606 1355
10607 1355
10608 1355
10609 1355
10610 1355
10611 1355
10612 1358
10613 1844
10614 8
10615 1355
10616 1355
10617 1355
10618 1355
10619 1355
10620 1355
10621 1355
10622 1355
10623 1566
10624 1355
10625 1355
10626 1355
10627 1566
10628 1566
10629 1563
10630 1564
10631 1564
10632 1566
10633 500
10634 1355
10635 1566
10636 1566
10637 1566
10638 1566
10639 1564
10640 1566
10641 791
10642 1566
10643 1566
10644 1566
10645 1566
10646 1564
10647 1566
10648 1566
10649 1570
10650 29
10651 1566
10652 1566
10653 1566
10654 1564
10655 791
10656 1566
10657 791
10658 1619
10659 1566
10660 791
10661 1566
10662 1845
10663 1533
10664 1577
10665 1566
10666 1626
10667 1566
10668 1564
10669 1566
10670 1566
10671 1626
10672 1564
10673 1577
10674 1566
10675 1564
10676 837
10677 1847
10678 1566
10679 1848
10680 1566
10681 1626
10682 1564
10683 1566
10684 1564
10685 791
10686 1566
10687 1566
10688 1566
10689 1566
10690 1566
10691 1566
10692 1566
10693 1564
10694 1626
10695 1566
10696 791
10697 791
10698 1849
10699 1566
10700 1566
10701 1626
10702 1564
10703 1566
10704 1566
10705 791
10706 1566
10707 1626
10708 1566
10709 1577
10710 1591
10711 1566
10712 1564
10713 1566
10714 1566
10715 1566
10716 1566
10717 1566
10718 1850
10719 791
10720 770
10721 1566
10722 791
10723 1851
10724 1852
10725 1564
10726 1564
10727 1566
10728 1566
10729 791
10730 1566
10731 1566
10732 1591
10733 1564
10734 1853
10735 1564
10736 1564
10737 1566
10738 1566
10739 1566
10740 1619
10741 1564
10742 1355
10743 29
10744 614
10745 1564
10746 1854
10747 1855
10748 1856
10749 1566
10750 1600
10751 1566
10752 1566
10753 583
10754 1602
10755 1857
10756 1566
10757 1566
10758 571
10759 1905
10760 1566
10761 1566
10762 791
10763 1858
10764 1564
10765 1566
10766 1566
10767 1566
10768 1566
10769 1566
10770 1566
10771 1350
10772 1566
10773 1566
10774 1564
10775 1564
10776 1566
10777 1566
10778 1859
10779 1860
10780 585
10781 1566
10782 791
10783 1564
10784 1566
10785 1566
10786 1566
10787 1566
10788 1566
10789 1566
10790 1564
10791 1566
10792 1566
10793 1566
10794 1564
10795 1566
10796 1566
10797 1566
10798 108
10799 1861
10800 1564
10801 791
10802 1564
10803 1566
10804 1566
10805 1566
10806 1564
10807 1566
10808 1566
10809 1566
10810 1566
10811 1566
10812 1564
10813 1566
10814 1566
10815 1566
10816 1563
10817 96
10818 1566
10819 1570
10820 1566
10821 1566
10822 1566
10823 1566
10824 1566
10825 1564
10826 600
10827 1566
10828 772
10829 1355
10830 1566
10831 1600
10832 791
10833 1626
10834 1566
10835 837
10836 1566
10837 784
10838 1566
10839 1566
10840 1564
10841 1566
10842 1566
10843 1564
10844 1564
10845 1564
10846 1566
10847 1566
10848 791
10849 1566
10850 1566
10851 1564
10852 1564
10853 1566
10854 1862
10855 1564
10856 1564
10857 1566
10858 1566
10859 1566
10860 1619
10861 1566
10862 1566
10863 791
10864 791
10865 1564
10866 1566
10867 1610
10868 1566
10869 1566
10870 1566
10871 1864
10872 1566
10873 1865
10874 1564
10875 1866
10876 1566
10877 1566
10878 791
10879 1564
10880 1602
10881 1566
10882 1566
10883 1566
10884 1566
10885 1564
10886 791
10887 1566
10888 1566
10889 1868
10890 1564
10891 1564
10892 1566
10893 1566
10894 1616
10895 1355
10896 1564
10897 1616
10898 1626
10899 1619
10900 1564
10901 1619
10902 85
10903 1355
10904 1616
10905 1619
10906 1616
10907 1355
10908 1626
10909 1617
10910 1619
10911 1566
10912 1619
10913 65
10914 1564
10915 1355
10916 872
10917 1616
10918 1355
10919 1566
10920 1355
10921 1564
10922 1355
10923 1624
10924 1626
10925 1564
10926 1619
10927 1355
10928 1619
10929 1625
10930 1626
10931 1619
10932 1564
10933 1355
10934 1619
10935 1355
10936 1626
10937 1564
10938 438
10939 1619
10940 1564
10941 1619
10942 1566
10943 1355
10944 1627
10945 1564
10946 1566
10947 1355
10948 1619
10949 766
10950 65
10951 1626
10952 1629
10953 600
10954 1619
10955 1619
10956 1626
10957 872
10958 1619
10959 1355
10960 1616
10961 1870
10962 1566
10963 1619
10964 1619
10965 1564
10966 1355
10967 1355
10968 1619
10969 1616
10970 1566
10971 65
10972 1618
10973 1618
10974 1616
10975 1619
10976 1626
10977 1626
10978 1619
10979 1616
10980 1566
10981 1871
10982 1619
10983 1355
10984 1355
10985 1355
10986 1355
10987 1619
10988 1355
10989 1355
10990 1626
10991 1626
10992 438
10993 1355
10994 85
10995 1566
10996 1626
10997 1624
10998 1616
10999 1626
11000 1355
11001 1619
11002 1619
11003 1564
11004 65
11005 1626
11006 1626
11007 1566
11008 1566
11009 1355
11010 1355
11011 1355
11012 1619
11013 1619
11014 1355
11015 1626
11016 1619
11017 1616
11018 1619
11019 1619
11020 1619
11021 1566
11022 1566
11023 1619
11024 1619
11025 1566
11026 1616
11027 1355
11028 1616
11029 1619
11030 1625
11031 872
11032 1619
11033 1619
11034 1355
11035 1626
11036 600
11037 1355
11038 1355
11039 1616
11040 1616
11041 1625
11042 1619
11043 1564
11044 1619
11045 1616
11046 1616
11047 1355
11048 1619
11049 1626
11050 1355
11051 1619
11052 1626
11053 1619
11054 1355
11055 1619
11056 1616
11057 1566
11058 1629
11059 1564
11060 1564
11061 1872
11062 1355
11063 1626
11064 1616
11065 1355
11066 1616
11067 1355
11068 1616
11069 1355
11070 1616
11071 1619
11072 1564
11073 1619
11074 1619
11075 1626
11076 1626
11077 1566
11078 1616
11079 1355
11080 1873
11081 1619
11082 1619
11083 1626
11084 1619
11085 1626
11086 1619
11087 1564
11088 1355
11089 500
11090 1355
11091 1627
11092 1619
11093 1564
11094 1619
11095 1616
11096 600
11097 1626
11098 1619
11099 1617
11100 1564
11101 1355
11102 1619
11103 1564
11104 1626
11105 1564
11106 1626
11107 1626
11108 1619
11109 1355
11110 1619
11111 1355
11112 1355
11113 1566
11114 1626
11115 1619
11116 1564
11117 1355
11118 1616
11119 1564
11120 1626
11121 1626
11122 1564
11123 1626
11124 1616
11125 1626
11126 1564
11127 1619
11128 1626
11129 1626
11130 1626
11131 1626
11132 1358
11133 1626
11134 1626
11135 1626
11136 1626
11137 1626
11138 1626
11139 1626
11140 1626
11141 1626
11142 1626
11143 1626
11144 1626
11145 1626
11146 1626
11147 1626
11148 1874
11149 1358
11150 1626
11151 1626
11152 1626
11153 1626
11154 1626
11155 1639
11156 1626
11157 108
11158 1626
11159 1626
11160 8
11161 1626
11162 1626
11163 1640
11164 1626
11165 1626
11166 1626
11167 1626
11168 1626
11169 1564
11170 1626
11171 1626
11172 1626
11173 1358
11174 1626
11175 1626
11176 1626
11177 1626
11178 1564
11179 1641
11180 1640
11181 1358
11182 1626
11183 1626
11184 1626
11185 1626
11186 29
11187 1564
11188 1626
11189 1626
11190 1626
11191 1626
11192 1875
11193 1626
11194 1626
11195 1626
11196 1626
11197 1626
11198 1626
11199 1626
11200 1905
11201 1626
11202 1626
11203 1626
11204 1626
11205 1626
11206 1626
11207 1626
11208 1626
11209 1639
11210 1626
11211 1626
11212 1626
11213 1564
11214 1626
11215 1626
11216 1626
11217 1626
11218 1626
11219 1626
11220 1626
11221 1626
11222 1358
11223 1566
11224 1626
11225 1626
11226 1626
11227 1626
11228 1626
11229 1626
11230 1626
11231 1626
11232 1626
11233 1619
11234 1626
11235 1626
11236 1626
11237 1564
11238 1626
11239 1626
11240 1626
11241 1626
11242 1626
11243 1626
11244 1626
11245 1626
11246 1626
11247 1639
11248 1626
11249 1626
11250 1626
11251 1626
11252 1626
11253 1626
11254 1626
11255 1626
11256 1626
11257 1626
11258 1626
11259 1626
11260 1626
11261 1626
11262 1626
11263 1626
11264 1626
11265 1626
11266 1626
11267 488
11268 1626
11269 1616
11270 1626
11271 1626
11272 1626
11273 1626
11274 1641
11275 1626
11276 1626
11277 1566
11278 1626
11279 1626
11280 1626
11281 1626
11282 1626
11283 1358
11284 1626
11285 1626
11286 1564
11287 1626
11288 1626
11289 1626
11290 1626
11291 1626
11292 1626
11293 1626
11294 1358
11295 1626
11296 1626
11297 1626
11298 1626
11299 1626
11300 1626
11301 1626
11302 1626
11303 1626
11304 1639
11305 1626
11306 1626
11307 1626
11308 1626
11309 1626
11310 1626
11311 1626
11312 1626
11313 1626
11314 1358
11315 1626
11316 1626
11317 1626
11318 1626
11319 1626
11320 1626
11321 1626
11322 1626
11323 1626
11324 1626
11325 1626
11326 1626
11327 1626
11328 1626
11329 1626
11330 1626
11331 1564
11332 1626
11333 1626
11334 1564
11335 1626
11336 1626
11337 1877
11338 1626
11339 1626
11340 1626
11341 1626
11342 1626
11343 1626
11344 1626
11345 1626
11346 1564
11347 1626
11348 1626
11349 1626
11350 1626
11351 1626
11352 1626
11353 1564
11354 1626
11355 1626
11356 1626
11357 1626
11358 1626
11359 1878
11360 1564
11361 1626
11362 1626
11363 1619
11364 1626
11365 1626
11366 1626
11367 1626
11368 1626
11369 1626
11370 1626
11371 1626
11372 1626
11373 1626
11374 1626
11375 1358
11376 1626
11377 1626
11378 1626
11379 1626
11380 1626
11381 1626
11382 1626
11383 1626
11384 1626
11385 1626
11386 1626
11387 1626
11388 1626
11389 1626
11390 1626
11391 1626
11392 1626
11393 1626
11394 1626
11395 1564
11396 1626
11397 1626
11398 1626
11399 1650
11400 1564
11401 1566
11402 1358
11403 1626
11404 1566
11405 1358
11406 571
11407 1653
11408 1626
11409 1626
11410 1626
11411 1653
11412 1566
11413 1655
11414 1566
11415 1626
11416 95
11417 1566
11418 1355
11419 1566
11420 1566
11421 1566
11422 1566
11423 1653
11424 1566
11425 1566
11426 1626
11427 1358
11428 1533
11429 797
11430 1880
11431 1626
11432 571
11433 1566
11434 1653
11435 1653
11436 1358
11437 797
11438 1626
11439 1650
11440 1881
11441 1660
11442 1626
11443 1653
11444 872
11445 1610
11446 1626
11447 1653
11448 1355
11449 1626
11450 1626
11451 1653
11452 1626
11453 1626
11454 1358
11455 1626
11456 1626
11457 1626
11458 1626
11459 1566
11460 1566
11461 1626
11462 1626
11463 1626
11464 1653
11465 1358
11466 1355
11467 1358
11468 1626
11469 1882
11470 1533
11471 500
11472 784
11473 1626
11474 1883
11475 1653
11476 1355
11477 1566
11478 1626
11479 1358
11480 1626
11481 1650
11482 1626
11483 1626
11484 1653
11485 1626
11486 1358
11487 1626
11488 1626
11489 1176
11490 1884
11491 1355
11492 1655
11493 1610
11494 1566
11495 1566
11496 1653
11497 1566
11498 872
11499 1355
11500 1626
11501 1566
11502 1626
11503 1626
11504 571
11505 1566
11506 1626
11507 1626
11508 1626
11509 1564
11510 1355
11511 1566
11512 1564
11513 1564
11514 1610
11515 1650
11516 1650
11517 1626
11518 1626
11519 1355
11520 1660
11521 1626
11522 1626
11523 1653
11524 1355
11525 1885
11526 1626
11527 1650
11528 1626
11529 1566
11530 1626
11531 1566
