8896 134
8897 44
8898 110
8899 1527
8900 196
8901 13
8902 100
8903 117
8904 82
8905 86
8906 31
8907 13
8908 213
8909 213
8910 217
8911 137
8912 137
8913 120
8914 49
8915 16
8916 8
8917 998
8918 118
8919 68
8920 87
8921 4
8922 31
8923 47
8924 24
8925 1528
8926 25
8927 134
8928 119
8929 9
8930 117
8931 47
8932 33
8933 73
8934 105
8935 73
8936 97
8937 3
8938 73
8939 131
8940 75
8941 79
8942 78
8943 201
8944 23
8945 13
8946 8
8947 88
8948 75
8949 143
8950 1529
8951 47
8952 21
8953 86
8954 113
8955 17
8956 766
8957 13
8958 110
8959 120
8960 100
8961 143
8962 231
8963 55
8964 119
8965 39
8966 213
8967 21
8968 44
8969 32
8970 151
8971 131
8972 117
8973 13
8974 52
8975 206
8976 13
8977 95
8978 127
8979 75
8980 165
8981 113
8982 13
8983 766
8984 78
8985 113
8986 31
8987 79
8988 120
8989 16
8990 113
8991 4
8992 86
8993 75
8994 231
8995 8
8996 33
8997 120
8998 213
8999 21
9000 31
9001 81
9002 105
9003 13
9004 37
9005 92
9006 47
9007 3
9008 3
9009 2
9010 782
9011 92
9012 1175
9013 75
9014 73
9015 103
9016 92
9017 140
9018 134
9019 214
9020 27
9021 13
9022 231
9023 25
9024 206
9025 81
9026 120
9027 201
9028 110
9029 27
9030 173
9031 52
9032 31
9033 84
9034 75
9035 73
9036 103
9037 32
9038 3
9039 75
9040 23
9041 114
9042 154
9043 23
9044 13
9045 117
9046 13
9047 151
9048 15
9049 137
9050 9
9051 4
9052 120
9053 4
9054 49
9055 75
9056 49
9057 3
9058 36
9059 221
9060 960
9061 8
9062 86
9063 87
9064 46
9065 137
9066 763
9067 71
9068 75
9069 84
9070 151
9071 196
9072 119
9073 23
9074 27
9075 1611
9076 789
9077 16
9078 205
9079 103
9080 36
9081 52
9082 82
9083 75
9084 151
9085 4
9086 114
9087 103
9088 13
9089 31
9090 100
9091 73
9092 3
9093 110
9094 134
9095 1552
9096 52
9097 784
9098 23
9099 76
9100 75
9101 99
9102 17
9103 61
9104 82
9105 23
9106 114
9107 82
9108 27
9109 75
9110 27
9111 41
9112 87
9113 49
9114 1619
9115 131
9116 113
9117 52
9118 41
9119 807
9120 102
9121 100
9122 4
9123 61
9124 82
9125 114
9126 87
9127 100
9128 883
9129 13
9130 78
9131 173
9132 206
9133 140
9134 76
9135 4
9136 78
9137 76
9138 127
9139 119
9140 134
9141 82
9142 103
9143 157
9144 76
9145 100
9146 1619
9147 13
9148 87
9149 8
9150 31
9151 95
9152 13
9153 218
9154 134
9155 9
9156 92
9157 41
9158 82
9159 13
9160 86
9161 13
9162 127
9163 55
9164 97
9165 105
9166 4
9167 86
9168 41
9169 75
9170 25
9171 231
9172 157
9173 31
9174 75
9175 3
9176 218
9177 5
9178 134
9179 13
9180 131
9181 5
9182 131
9183 100
9184 119
9185 33
9186 23
9187 134
9188 95
9189 8
9190 25
9191 63
9192 202
9193 78
9194 55
9195 100
9196 206
9197 137
9198 87
9199 3
9200 1531
9201 51
9202 55
9203 49
9204 75
9205 126
9206 68
9207 76
9208 13
9209 41
9210 3
9211 92
9212 81
9213 3
9214 76
9215 883
9216 82
9217 122
9218 134
9219 13
9220 51
9221 113
9222 206
9223 75
9224 184
9225 8
9226 75
9227 87
9228 134
9229 63
9230 25
9231 9
9232 165
9233 41
9234 92
9235 41
9236 36
9237 26
9238 100
9239 25
9240 41
9241 117
9242 88
9243 120
9244 201
9245 113
9246 113
9247 55
9248 68
9249 75
9250 86
9251 16
9252 25
9253 82
9254 146
9255 16
9256 113
9257 47
9258 33
9259 34
9260 68
9261 202
9262 2
9263 33
9264 143
9265 76
9266 114
9267 1552
9268 73
9269 75
9270 13
9271 21
9272 33
9273 24
9274 78
9275 149
9276 87
9277 104
9278 4
9279 21
9280 4
9281 127
9282 1532
9283 55
9284 87
9285 37
9286 87
9287 100
9288 76
9289 81
9290 118
9291 79
9292 1175
9293 206
9294 81
9295 80
9296 17
9297 218
9298 87
9299 76
9300 51
9301 27
9302 8
9303 157
9304 9
9305 905
9306 100
9307 213
9308 49
9309 61
9310 56
9311 73
9312 5
9313 79
9314 31
9315 807
9316 11
9317 104
9318 218
9319 78
9320 8
9321 68
9322 75
9323 33
9324 13
9325 75
9326 231
9327 100
9328 59
9329 131
9330 114
9331 166
9332 13
9333 33
9334 1212
9335 143
9336 86
9337 13
9338 52
9339 27
9340 34
9341 39
9342 231
9343 3
9344 114
9345 13
9346 26
9347 86
9348 114
9349 212
9350 131
9351 37
9352 13
9353 13
9354 87
9355 76
9356 897
9357 49
9358 4
9359 157
9360 905
9361 139
9362 24
9363 76
9364 81
9365 119
9366 41
9367 34
9368 206
9369 75
9370 25
9371 33
9372 1533
9373 13
9374 103
9375 1611
9376 149
9377 129
9378 114
9379 9
9380 202
9381 82
9382 73
9383 206
9384 127
9385 17
9386 63
9387 13
9388 15
9389 172
9390 24
9391 13
9392 82
9393 10
9394 75
9395 34
9396 33
9397 82
9398 27
9399 206
9400 219
9401 49
9402 217
9403 104
9404 16
9405 134
9406 100
9407 31
9408 13
9409 100
9410 157
9411 3
9412 49
9413 75
9414 76
9415 212
9416 31
9417 75
9418 25
9419 5
9420 16
9421 4
9422 73
9423 8
9424 75
9425 119
9426 960
9427 202
9428 134
9429 47
9430 39
9431 81
9432 202
9433 99
9434 1125
9435 31
9436 139
9437 103
9438 134
9439 143
9440 231
9441 55
9442 82
9443 71
9444 27
9445 97
9446 217
9447 100
9448 100
9449 975
9450 87
9451 100
9452 4
9453 102
9454 4
9455 8
9456 25
9457 206
9458 36
9459 86
9460 27
9461 13
9462 201
9463 102
9464 8
9465 119
9466 127
9467 8
9468 2
9469 206
9470 4
9471 32
9472 31
9473 149
9474 100
9475 100
9476 13
9477 8
9478 75
9479 78
9480 75
9481 173
9482 218
9483 76
9484 118
9485 33
9486 784
9487 55
9488 76
9489 36
9490 75
9491 105
9492 52
9493 149
9494 100
9495 154
9496 221
9497 99
9498 92
9499 41
9500 23
9501 131
9502 134
9503 33
9504 68
9505 8
9506 120
9507 134
9508 41
9509 41
9510 1534
9511 38
9512 75
9513 8
9514 221
9515 8
9516 75
9517 68
9518 113
9519 1619
9520 62
9521 757
9522 113
9523 31
9524 8
9525 202
9526 120
9527 8
9528 137
9529 139
9530 134
9531 975
9532 75
9533 33
9534 120
9535 47
9536 25
9537 17
9538 13
9539 17
9540 8
9541 218
9542 154
9543 78
9544 86
9545 88
9546 231
9547 114
9548 203
9549 205
9550 100
9551 78
9552 25
9553 102
9554 137
9555 23
9556 95
9557 76
9558 75
9559 75
9560 37
9561 27
9562 113
9563 134
9564 4
9565 76
9566 51
9567 118
9568 24
9569 31
9570 87
9571 76
9572 13
9573 23
9574 13
9575 206
9576 165
9577 139
9578 87
9579 151
9580 92
9581 118
9582 100
9583 105
9584 33
9585 81
9586 1566
9587 17
9588 13
9589 13
9590 145
9591 206
9592 27
9593 206
9594 156
9595 134
9596 47
9597 113
9598 34
9599 114
9600 110
9601 25
9602 127
9603 3
9604 34
9605 27
9606 3
9607 99
9608 184
9609 75
9610 37
9611 143
9612 146
9613 88
9614 104
9615 33
9616 113
9617 782
9618 75
9619 92
9620 104
9621 101
9622 3
9623 36
9624 4
9625 120
9626 4
9627 41
9628 5
9629 25
9630 13
9631 78
9632 39
9633 139
9634 100
9635 27
9636 76
9637 11
9638 127
9639 134
9640 120
9641 16
9642 4
9643 8
9644 13
9645 82
9646 127
9647 905
9648 100
9649 100
9650 120
9651 103
9652 24
9653 217
9654 213
9655 51
9656 127
9657 113
9658 8
9659 76
9660 63
9661 36
9662 206
9663 47
9664 75
9665 114
9666 99
9667 113
9668 92
9669 25
9670 31
9671 154
9672 49
9673 63
9674 218
9675 9
9676 100
9677 76
9678 103
9679 24
9680 75
9681 151
9682 75
9683 4
9684 87
9685 82
9686 27
9687 137
9688 88
9689 13
9690 87
9691 143
9692 4
9693 101
9694 149
9695 9
9696 75
9697 23
9698 213
9699 143
9700 24
9701 166
9702 166
9703 212
9704 81
9705 3
9706 120
9707 143
9708 206
9709 9
9710 11
9711 44
9712 32
9713 114
9714 86
9715 55
9716 100
9717 21
9718 16
9719 47
9720 166
9721 119
9722 1535
9723 44
9724 100
9725 231
9726 21
9727 206
9728 37
9729 196
9730 75
9731 76
9732 151
9733 905
9734 100
9735 8
9736 99
9737 157
9738 21
9739 213
9740 203
9741 100
9742 897
9743 13
9744 13
9745 119
9746 13
9747 25
9748 13
9749 4
9750 143
9751 110
9752 13
9753 37
9754 157
9755 87
9756 157
9757 13
9758 143
9759 92
9760 51
9761 37
9762 5
9763 82
9764 113
9765 87
9766 3
9767 100
9768 36
9769 13
9770 73
9771 55
9772 76
9773 100
9774 86
9775 75
9776 32
9777 102
9778 75
9779 9
9780 21
9781 120
9782 76
9783 68
9784 139
9785 87
9786 81
9787 127
9788 75
9789 55
9790 134
9791 68
9792 76
9793 131
9794 99
9795 23
9796 212
9797 33
9798 205
9799 52
9800 75
9801 114
9802 75
9803 2
9804 154
9805 23
9806 39
9807 9
9808 202
9809 82
9810 49
9811 134
9812 49
9813 31
9814 131
9815 78
9816 13
9817 113
9818 120
9819 218
9820 134
9821 104
9822 1608
9823 76
9824 24
9825 114
9826 80
9827 73
9828 39
9829 120
9830 134
9831 217
9832 137
9833 36
9834 165
9835 73
9836 110
9837 206
9838 975
9839 51
9840 113
9841 100
9842 8
9843 137
9844 75
9845 212
9846 58
9847 47
9848 38
9849 32
9850 44
9851 206
9852 24
9853 118
9854 13
9855 32
9856 217
9857 127
9858 113
9859 119
9860 1566
9861 13
9862 103
9863 87
9864 31
9865 92
9866 55
9867 76
9868 26
9869 103
9870 15
9871 78
9872 82
9873 137
9874 79
9875 119
9876 105
9877 154
9878 1608
9879 134
9880 39
9881 201
9882 36
9883 11
9884 26
9885 114
9886 36
9887 75
9888 27
9889 38
9890 118
9891 80
9892 1611
9893 134
9894 32
9895 99
9896 3
9897 206
9898 23
9899 231
9900 47
9901 149
9902 75
9903 68
9904 217
9905 49
9906 103
9907 13
9908 120
9909 202
9910 131
9911 149
9912 201
9913 151
9914 41
9915 151
9916 117
9917 81
9918 49
9919 143
9920 87
9921 2
9922 52
9923 99
9924 87
9925 79
9926 13
9927 8
9928 1552
9929 128
9930 110
9931 15
9932 13
9933 113
9934 120
9935 100
9936 113
9937 110
9938 9
9939 114
9940 23
9941 33
9942 134
9943 92
9944 25
9945 231
9946 206
9947 11
9948 202
9949 46
9950 10
9951 165
9952 58
9953 4
9954 218
9955 95
9956 9
9957 8
9958 2
9959 151
9960 8
9961 78
9962 34
9963 218
9964 41
9965 79
9966 68
9967 4
9968 75
9969 975
9970 134
9971 13
9972 37
9973 127
9974 100
9975 143
9976 8
9977 34
9978 206
9979 52
9980 13
9981 31
9982 11
9983 75
9984 131
9985 166
9986 196
9987 114
9988 975
9989 114
9990 206
9991 36
9992 100
9993 24
9994 100
9995 26
9996 39
9997 49
9998 9
9999 100
10000 143
10001 68
10002 13
10003 239
10004 217
10005 92
10006 131
10007 114
