961 69
962 96
963 96
964 96
965 69
966 96
967 96
968 96
969 69
970 96
971 96
972 96
973 96
974 96
975 96
976 29
977 96
978 96
979 96
980 69
981 96
982 96
983 96
984 96
985 96
986 96
987 96
988 96
989 96
990 96
991 96
992 96
993 96
994 96
995 96
996 96
997 96
998 96
999 96
1000 96
1001 96
1002 96
1003 96
1004 96
1005 96
1006 29
1007 96
1008 96
1009 96
1010 96
1011 96
1012 96
1013 96
1014 69
1015 96
1016 96
1017 69
1018 96
1019 96
1020 96
1021 96
1022 96
1023 96
1024 96
1025 96
1026 96
1027 96
1028 96
1029 29
1030 96
1031 413
1032 96
1033 415
1034 22
1035 22
1036 22
1037 22
1038 415
1039 22
1040 415
1041 22
1042 22
1043 22
1044 22
1045 415
1046 22
1047 22
1048 22
1049 22
1050 22
1051 416
1052 22
1053 417
1054 22
1055 22
1056 22
1057 491
1058 48
1059 22
1060 22
1061 417
1062 22
1063 22
1064 74
1065 423
1066 423
1067 421
1068 66
1069 422
1070 423
1071 423
1072 420
1073 117
1074 117
1075 423
1076 74
1077 66
1078 423
1079 423
1080 62
1081 422
1082 423
1083 446
1084 423
1085 423
1086 74
1087 421
1088 423
1089 4
1090 423
1091 66
1092 423
1093 423
1094 422
1095 22
1096 420
1097 423
1098 427
1099 427
1100 427
1101 427
1102 427
1103 427
1104 427
1105 427
1106 427
1107 427
1108 427
1109 429
1110 427
1111 427
1112 427
1113 427
1114 427
1115 427
1116 427
1117 427
1118 427
1119 427
1120 427
1121 427
1122 427
1123 427
1124 488
1125 427
1126 427
1127 429
1128 429
1129 429
1130 429
1131 430
1132 431
1133 423
1134 431
1135 431
1136 431
1137 430
1138 431
1139 431
1140 431
1141 431
1142 431
1143 431
1144 431
1145 432
1146 431
1147 431
1148 431
1149 431
1150 431
1151 550
1152 431
1153 431
1154 431
1155 431
1156 431
1157 431
1158 431
1159 432
1160 431
1161 93
1162 93
1163 93
1164 93
1165 93
1166 93
1167 93
1168 93
1169 93
1170 93
1171 93
1172 93
1173 93
1174 93
1175 93
1176 93
1177 93
1178 93
1179 93
1180 93
1181 93
1182 93
1183 93
1184 93
1185 93
1186 93
1187 93
1188 93
1189 93
1190 93
1191 58
1192 58
1193 58
1194 58
1195 58
1196 58
1197 58
1198 58
1199 58
1200 58
1201 58
1202 58
1203 58
1204 58
1205 58
1206 435
1207 435
1208 435
1209 435
1210 435
1211 435
1212 435
1213 438
1214 421
1215 435
1216 435
1217 435
1218 435
1219 437
1220 435
1221 437
1222 437
1223 435
1224 438
1225 435
1226 435
1227 435
1228 551
1229 441
1230 435
1231 435
1232 435
1233 435
1234 435
1235 53
1236 435
1237 435
1238 437
1239 435
1240 435
1241 435
1242 441
1243 435
1244 437
1245 435
1246 435
1247 437
1248 435
1249 53
1250 53
1251 441
1252 435
1253 435
1254 438
1255 438
1256 435
1257 441
1258 435
1259 435
1260 437
1261 435
1262 435
1263 1
1264 1
1265 1
1266 95
1267 1
1268 1
1269 443
1270 444
1271 445
1272 443
1273 444
1274 443
1275 446
1276 443
1277 444
1278 445
1279 443
1280 438
1281 444
1282 444
1283 444
1284 447
1285 443
1286 443
1287 443
1288 447
1289 444
1290 447
1291 443
1292 444
1293 416
1294 416
1295 416
1296 416
1297 416
1298 416
1299 416
1300 416
1301 416
1302 416
1303 54
1304 54
1305 54
1306 54
1307 54
1308 54
1309 54
1310 54
1311 54
1312 54
1313 54
1314 54
1315 54
1316 54
1317 54
1318 54
1319 54
1320 54
1321 54
1322 54
1323 54
1324 54
1325 54
1326 54
1327 54
1328 54
1329 54
1330 96
1331 54
1332 54
1333 438
1334 447
1335 443
1336 444
1337 444
1338 444
1339 443
1340 443
1341 444
1342 443
1343 443
1344 443
1345 446
1346 444
1347 443
1348 443
1349 443
1350 446
1351 444
1352 443
1353 444
1354 552
1355 444
1356 443
1357 444
1358 444
1359 444
1360 443
1361 444
1362 443
1363 444
1364 444
1365 12
1366 438
1367 415
1368 438
1369 438
1370 437
1371 117
1372 438
1373 438
1374 438
1375 81
1376 438
1377 12
1378 81
1379 438
1380 438
1381 438
1382 415
1383 34
1384 438
1385 438
1386 438
1387 450
1388 10
1389 438
1390 438
1391 450
1392 438
1393 453
1394 453
1395 453
1396 66
1397 66
1398 66
1399 66
1400 66
1401 66
1402 66
1403 66
1404 66
1405 66
1406 66
1407 95
1408 66
1409 66
1410 66
1411 66
1412 66
1413 95
1414 69
1415 66
1416 66
1417 66
1418 66
1419 66
1420 66
1421 66
1422 66
1423 66
1424 66
1425 66
1426 66
1427 66
1428 66
1429 66
1430 455
1431 455
1432 455
1433 455
1434 455
1435 455
1436 455
1437 455
1438 456
1439 456
1440 456
1441 456
1442 456
1443 456
1444 458
1445 456
1446 456
1447 456
1448 456
1449 456
1450 456
1451 456
1452 458
1453 456
1454 456
1455 456
1456 456
1457 456
1458 553
1459 456
1460 456
1461 456
1462 456
1463 456
1464 456
1465 456
1466 456
1467 456
1468 456
1469 456
1470 456
1471 456
1472 456
1473 456
1474 456
1475 456
1476 456
1477 456
1478 461
1479 462
1480 461
1481 463
1482 461
1483 461
1484 462
1485 461
1486 462
1487 462
1488 462
1489 461
1490 462
1491 462
1492 461
1493 461
1494 462
1495 462
1496 462
1497 462
1498 463
1499 461
1500 462
1501 461
1502 555
1503 465
1504 465
1505 96
1506 95
1507 66
1508 106
1509 465
1510 431
1511 556
1512 468
1513 431
1514 469
1515 470
1516 468
1517 127
1518 53
1519 53
1520 74
1521 53
1522 468
1523 468
1524 13
1525 469
1526 468
1527 53
1528 443
1529 469
1530 468
1531 557
1532 127
1533 470
1534 443
1535 469
1536 472
1537 472
1538 472
1539 472
1540 427
1541 472
1542 472
1543 472
1544 472
1545 472
1546 472
1547 474
1548 474
1549 117
1550 474
1551 474
1552 474
1553 474
1554 474
1555 474
1556 474
1557 593
1558 593
1559 476
1560 476
1561 476
1562 476
1563 476
1564 476
1565 450
1566 476
1567 476
1568 476
1569 476
1570 476
1571 476
1572 476
1573 476
1574 476
1575 450
1576 476
1577 476
1578 476
1579 476
1580 476
1581 476
1582 476
1583 476
1584 476
1585 476
1586 476
1587 476
1588 476
1589 476
1590 476
1591 476
1592 476
1593 476
1594 476
1595 476
1596 476
1597 476
1598 476
1599 476
1600 476
1601 476
1602 66
1603 66
1604 479
1605 480
1606 481
1607 483
1608 483
1609 480
1610 481
1611 66
1612 95
1613 66
1614 66
1615 479
1616 95
1617 479
1618 112
1619 479
1620 479
1621 66
1622 558
1623 66
1624 481
1625 66
1626 66
1627 96
1628 483
1629 479
1630 483
1631 483
1632 479
1633 479
1634 95
1635 66
1636 66
1637 479
1638 479
1639 483
1640 479
1641 488
1642 427
1643 427
1644 427
1645 427
1646 488
1647 488
1648 488
1649 427
1650 427
1651 488
1652 427
1653 488
1654 427
1655 427
1656 488
1657 488
1658 488
1659 488
1660 488
1661 427
1662 427
1663 427
1664 427
1665 427
1666 488
1667 488
1668 488
1669 427
1670 427
1671 427
1672 427
1673 427
1674 427
1675 462
1676 462
1677 96
1678 96
1679 462
1680 96
1681 462
1682 96
1683 462
1684 462
1685 96
1686 401
1687 401
1688 401
1689 401
1690 401
1691 401
1692 401
1693 401
1694 401
1695 401
1696 401
1697 401
1698 401
1699 401
1700 401
1701 401
1702 401
1703 401
1704 401
1705 401
1706 108
1707 401
1708 401
1709 401
1710 401
1711 401
1712 401
1713 401
1714 401
1715 401
1716 401
1717 401
1718 401
1719 491
1720 491
1721 491
1722 491
1723 491
1724 491
1725 491
1726 491
1727 491
1728 491
1729 491
1730 491
1731 491
1732 491
1733 491
1734 491
1735 491
1736 491
1737 491
1738 491
1739 491
1740 491
1741 491
1742 491
1743 491
1744 491
1745 491
1746 491
1747 127
1748 127
1749 127
1750 127
1751 560
1752 127
1753 127
1754 450
1755 89
1756 493
1757 494
1758 494
1759 494
1760 494
1761 89
1762 494
1763 493
1764 494
1765 68
1766 86
1767 443
1768 443
1769 443
1770 443
1771 443
1772 443
1773 443
1774 443
1775 443
1776 443
1777 443
1778 443
1779 443
1780 443
1781 443
1782 443
1783 443
1784 443
1785 443
1786 443
1787 443
1788 443
1789 443
1790 443
1791 443
1792 443
1793 443
1794 429
1795 429
1796 429
1797 429
1798 497
1799 497
1800 497
1801 497
1802 497
1803 497
1804 497
1805 497
1806 497
1807 444
1808 497
1809 497
1810 497
1811 497
1812 497
1813 497
1814 497
1815 497
1816 497
1817 497
1818 497
1819 497
1820 497
1821 497
1822 497
1823 497
1824 497
1825 497
1826 497
1827 497
1828 497
1829 497
1830 497
1831 497
1832 497
1833 497
1834 497
1835 498
1836 498
1837 497
1838 497
1839 497
1840 497
1841 497
1842 497
1843 497
1844 497
1845 497
1846 497
1847 497
1848 497
1849 497
1850 497
1851 497
1852 497
1853 432
1854 432
1855 11
1856 432
1857 432
1858 432
1859 432
1860 432
1861 432
1862 432
1863 432
1864 432
1865 432
1866 432
1867 432
1868 432
1869 432
1870 432
1871 108
1872 432
1873 432
1874 432
1875 432
1876 432
1877 432
1878 432
1879 432
1880 70
1881 432
1882 432
1883 432
1884 10
1885 432
1886 432
1887 432
1888 432
1889 432
1890 500
1891 500
1892 500
1893 500
1894 500
1895 500
1896 500
1897 500
1898 500
1899 96
1900 96
1901 96
1902 31
1903 31
1904 31
1905 31
1906 96
1907 96
1908 31
1909 31
1910 31
1911 96
1912 66
1913 66
1914 66
1915 66
1916 66
1917 66
1918 66
1919 66
1920 66
1921 66
