8649 1037
8650 415
8651 46
8652 46
8653 415
8654 860
8655 415
8656 774
8657 46
8658 415
8659 774
8660 774
8661 774
8662 415
8663 774
8664 774
8665 774
8666 46
8667 415
8668 415
8669 415
8670 774
8671 649
8672 415
8673 415
8674 415
8675 860
8676 774
8677 774
8678 860
8679 123
8680 123
8681 123
8682 123
8683 123
8684 123
8685 123
8686 123
8687 601
8688 601
8689 601
8690 601
8691 601
8692 601
8693 601
8694 444
8695 1164
8696 4
8697 4
8698 4
8699 95
8700 4
8701 4
8702 31
8703 1165
8704 95
8705 4
8706 4
8707 4
8708 4
8709 1165
8710 1165
8711 1263
8712 1164
8713 86
8714 1295
8715 1295
8716 86
8717 46
8718 46
8719 46
8720 571
8721 1295
8722 618
8723 86
8724 86
8725 1264
8726 86
8727 86
8728 46
8729 46
8730 618
8731 68
8732 86
8733 1170
8734 1171
8735 1171
8736 1170
8737 480
8738 1172
8739 472
8740 472
8741 480
8742 817
8743 1170
8744 1170
8745 480
8746 480
8747 1176
8748 1174
8749 1170
8750 1170
8751 1174
8752 480
8753 472
8754 472
8755 472
8756 1172
8757 480
8758 1176
8759 1170
8760 441
8761 441
8762 441
8763 441
8764 441
8765 1307
8766 441
8767 441
8768 441
8769 441
8770 441
8771 441
8772 441
8773 441
8774 441
8775 1176
8776 1177
8777 1177
8778 1176
8779 1176
8780 1120
8781 1176
8782 1120
8783 1176
8784 1176
8785 1176
8786 817
8787 1176
8788 1176
8789 1176
8790 1177
8791 1177
8792 1176
8793 1176
8794 1176
8795 1176
8796 1265
8797 1176
8798 1176
8799 1177
8800 1176
8801 1176
8802 1177
8803 1176
8804 1176
8805 1176
8806 1176
8807 1176
8808 1177
8809 1176
8810 1176
8811 1177
8812 1176
8813 1176
8814 1176
8815 1176
8816 1176
8817 1176
8818 1176
8819 1176
8820 1176
8821 1176
8822 1176
8823 1176
8824 1176
8825 1176
8826 1176
8827 1176
8828 117
8829 117
8830 117
8831 1176
8832 1266
8833 112
8834 112
8835 112
8836 112
8837 112
8838 112
8839 112
8840 1181
8841 1181
8842 1181
8843 1181
8844 1181
8845 1181
8846 1181
8847 1181
8848 1181
8849 1181
8850 1181
8851 1181
8852 1181
8853 1181
8854 472
8855 1182
8856 1001
8857 462
8858 472
8859 1267
8860 567
8861 1182
8862 462
8863 472
8864 1268
8865 1269
8866 802
8867 461
8868 802
8869 802
8870 802
8871 461
8872 802
8873 461
8874 1187
8875 480
8876 576
8877 780
8878 576
8879 1187
8880 1187
8881 1187
8882 480
8883 591
8884 780
8885 576
8886 1187
8887 576
8888 576
8889 1176
8890 576
8891 1187
8892 1187
8893 1187
8894 1187
8895 576
8896 1187
8897 576
8898 576
8899 576
8900 1187
8901 1187
8902 479
8903 479
8904 11
8905 479
8906 479
8907 479
8908 479
8909 479
8910 479
8911 479
8912 479
8913 479
8914 11
8915 479
8916 479
8917 479
8918 479
8919 479
8920 611
8921 479
8922 1284
8923 479
8924 479
8925 479
8926 479
8927 479
8928 479
8929 1284
8930 479
8931 479
8932 479
8933 479
8934 479
8935 479
8936 479
8937 479
8938 479
8939 479
8940 479
8941 479
8942 11
8943 479
8944 479
8945 479
8946 637
8947 22
8948 437
8949 1037
8950 772
8951 1037
8952 11
8953 437
8954 1037
8955 4
8956 75
8957 1037
8958 1037
8959 857
8960 103
8961 54
8962 54
8963 1188
8964 1307
8965 438
8966 1270
8967 1037
8968 619
8969 619
8970 1307
8971 1188
8972 1190
8973 1190
8974 1188
8975 37
8976 1037
8977 1191
8978 1037
8979 1191
8980 648
8981 1037
8982 648
8983 648
8984 648
8985 1191
8986 648
8987 1192
8988 1115
8989 1037
8990 1191
8991 1037
8992 1191
8993 1191
8994 1037
8995 37
8996 1192
8997 648
8998 648
8999 87
9000 1191
9001 1191
9002 1037
9003 1037
9004 874
9005 54
9006 54
9007 874
9008 87
9009 54
9010 874
9011 87
9012 54
9013 87
9014 54
9015 54
9016 54
9017 874
9018 87
9019 874
9020 93
9021 93
9022 62
9023 1342
9024 627
9025 93
9026 93
9027 93
9028 609
9029 1342
9030 839
9031 1120
9032 772
9033 1271
9034 93
9035 93
9036 37
9037 37
9038 1207
9039 37
9040 1197
9041 37
9042 37
9043 1197
9044 37
9045 37
9046 37
9047 37
9048 37
9049 37
9050 88
9051 772
9052 88
9053 772
9054 88
9055 641
9056 641
9057 641
9058 641
9059 641
9060 641
9061 641
9062 641
9063 641
9064 641
9065 641
9066 641
9067 641
9068 641
9069 641
9070 641
9071 641
9072 641
9073 641
9074 641
9075 641
9076 641
9077 641
9078 641
9079 641
9080 641
9081 641
9082 641
9083 641
9084 641
9085 1115
9086 1115
9087 108
9088 1115
9089 1115
9090 1115
9091 1115
9092 22
9093 1115
9094 1115
9095 1115
9096 817
9097 817
9098 817
9099 817
9100 817
9101 817
9102 817
9103 817
9104 817
9105 817
9106 817
9107 108
9108 1198
9109 780
9110 1198
9111 1199
9112 108
9113 1198
9114 1199
9115 1198
9116 1199
9117 1199
9118 1199
9119 1199
9120 108
9121 1198
9122 68
9123 1198
9124 46
9125 1199
9126 576
9127 87
9128 915
9129 857
9130 1272
9131 127
9132 1273
9133 857
9134 576
9135 1
9136 576
9137 53
9138 576
9139 1274
9140 576
9141 915
9142 609
9143 576
9144 441
9145 915
9146 802
9147 576
9148 576
9149 857
9150 576
9151 53
9152 765
9153 872
9154 872
9155 872
9156 441
9157 441
9158 765
9159 872
9160 872
9161 872
9162 872
9163 872
9164 872
9165 872
9166 872
9167 872
9168 872
9169 872
9170 58
9171 58
9172 58
9173 58
9174 58
9175 58
9176 58
9177 58
9178 58
9179 58
9180 58
9181 58
9182 58
9183 123
9184 765
9185 765
9186 872
9187 123
9188 469
9189 872
9190 123
9191 1037
9192 872
9193 765
9194 469
9195 765
9196 81
9197 469
9198 765
9199 765
9200 872
9201 765
9202 872
9203 765
9204 872
9205 123
9206 42
9207 42
9208 42
9209 856
9210 42
9211 42
9212 42
9213 42
9214 42
9215 42
9216 42
9217 42
9218 42
9219 42
9220 42
9221 42
9222 42
9223 42
9224 42
9225 42
9226 42
9227 42
9228 42
9229 42
9230 42
9231 42
9232 42
9233 42
9234 42
9235 42
9236 42
9237 42
9238 42
9239 42
9240 42
9241 42
9242 42
9243 42
9244 42
9245 42
9246 42
9247 42
9248 42
9249 884
9250 884
9251 884
9252 884
9253 884
9254 884
9255 884
9256 884
9257 884
9258 884
9259 884
9260 884
9261 884
9262 884
9263 884
9264 884
9265 884
9266 884
9267 884
9268 884
9269 884
9270 884
9271 884
9272 884
9273 884
9274 884
9275 884
9276 884
9277 884
9278 884
9279 884
9280 1115
9281 54
9282 874
9283 54
9284 54
9285 54
9286 54
9287 1115
9288 54
9289 54
9290 54
9291 54
9292 54
9293 54
9294 1115
9295 483
9296 483
9297 483
9298 483
9299 483
9300 483
9301 483
9302 483
9303 483
9304 483
9305 483
9306 483
9307 483
9308 483
9309 483
9310 483
9311 483
9312 108
9313 108
9314 108
9315 1198
9316 108
9317 108
9318 108
9319 108
9320 108
9321 108
9322 108
9323 108
9324 108
9325 108
9326 108
9327 108
9328 1198
9329 649
9330 108
9331 108
9332 108
9333 108
9334 1198
9335 95
9336 618
9337 618
9338 4
9339 4
9340 618
9341 618
9342 95
9343 4
9344 444
9345 444
9346 444
9347 444
9348 444
9349 444
9350 444
9351 444
9352 444
9353 444
9354 444
9355 444
9356 444
9357 444
9358 11
9359 583
9360 926
9361 999
9362 999
9363 438
9364 583
9365 999
9366 926
9367 999
9368 583
9369 999
9370 429
9371 926
9372 999
9373 429
9374 999
9375 429
9376 926
9377 73
9378 583
9379 999
9380 926
9381 999
9382 999
9383 999
9384 999
9385 999
9386 999
9387 926
9388 926
9389 926
9390 22
9391 22
9392 22
9393 22
9394 22
9395 1278
9396 22
9397 22
9398 22
9399 22
9400 1278
9401 22
9402 22
9403 22
9404 22
9405 22
9406 22
9407 22
9408 22
9409 22
9410 641
9411 22
9412 22
9413 641
9414 22
9415 441
9416 441
9417 441
9418 441
9419 441
9420 441
9421 441
9422 441
9423 441
9424 441
9425 441
9426 441
9427 441
9428 441
9429 441
9430 441
9431 441
9432 441
9433 441
9434 441
9435 441
9436 441
9437 441
9438 441
9439 441
9440 441
9441 441
9442 441
9443 441
9444 441
9445 441
9446 441
9447 441
9448 441
9449 441
9450 441
9451 441
9452 1364
9453 96
9454 1364
9455 766
9456 1204
9457 1204
9458 1204
9459 422
9460 1204
9461 619
9462 1204
9463 1204
9464 422
9465 422
9466 1204
9467 1204
9468 1204
9469 1204
9470 422
9471 1204
9472 1204
9473 1204
9474 1204
9475 422
9476 1204
9477 1204
9478 1204
9479 1204
9480 1204
9481 619
9482 422
9483 1204
9484 1204
9485 1204
9486 1204
9487 422
9488 1199
9489 1199
9490 1199
9491 1199
9492 1199
9493 1199
9494 1199
9495 1199
9496 1199
9497 1199
9498 1199
9499 583
9500 1199
9501 1199
9502 1199
9503 1199
9504 1199
9505 1199
9506 1199
9507 1199
9508 1199
9509 1199
9510 1199
9511 1199
9512 1031
9513 62
9514 598
9515 868
9516 598
9517 1031
9518 902
9519 902
9520 902
9521 902
9522 902
9523 902
9524 902
9525 902
9526 902
9527 902
9528 438
9529 103
9530 1275
9531 591
9532 776
9533 103
9534 817
9535 103
9536 766
9537 817
9538 1099
9539 817
9540 817
9541 894
9542 817
9543 894
9544 772
9545 45
9546 45
9547 609
9548 100
9549 45
9550 45
9551 100
9552 609
9553 45
9554 100
9555 609
9556 609
9557 45
9558 609
9559 45
9560 609
9561 45
9562 609
9563 45
9564 45
9565 100
9566 609
9567 100
9568 45
9569 45
9570 591
9571 66
9572 591
9573 926
9574 81
9575 81
9576 81
9577 591
9578 500
9579 81
9580 1104
9581 429
9582 444
9583 1207
9584 1207
9585 1207
9586 1207
9587 1207
9588 42
9589 1207
9590 1207
9591 601
9592 443
9593 443
9594 443
9595 443
9596 443
9597 443
9598 443
9599 443
9600 443
9601 443
9602 443
9603 443
9604 443
9605 443
9606 1208
9607 1209
9608 1208
9609 1209
