24661 1138
24662 258
24663 258
24664 11
24665 295
24666 258
24667 1288
24668 1485
24669 258
24670 295
24671 2210
24672 100
24673 741
24674 295
24675 258
24676 258
24677 258
24678 741
24679 11
24680 1359
24681 1387
24682 258
24683 258
24684 2430
24685 258
24686 741
24687 1113
24688 4
24689 52
24690 134
24691 258
24692 741
24693 1485
24694 175
24695 175
24696 1359
24697 2439
24698 1397
24699 1138
24700 11
24701 1397
24702 258
24703 11
24704 1485
24705 53
24706 1359
24707 1359
24708 1288
24709 52
24710 11
24711 12
24712 741
24713 2211
24714 11
24715 2391
24716 65
24717 1397
24718 1973
24719 10
24720 11
24721 11
24722 53
24723 1397
24724 1359
24725 1138
24726 1359
24727 23
24728 1266
24729 204
24730 11
24731 2451
24732 767
24733 295
24734 11
24735 11
24736 1138
24737 11
24738 1359
24739 1138
24740 204
24741 50
24742 295
24743 11
24744 1485
24745 2392
24746 2183
24747 134
24748 134
24749 134
24750 971
24751 134
24752 134
24753 134
24754 204
24755 134
24756 1857
24757 1937
24758 134
24759 2217
24760 11
24761 971
24762 1397
24763 258
24764 971
24765 258
24766 1408
24767 741
24768 134
24769 1937
24770 2211
24771 134
24772 134
24773 11
24774 1359
24775 1397
24776 1463
24777 1359
24778 52
24779 204
24780 11
24781 1138
24782 69
24783 204
24784 1397
24785 295
24786 204
24787 69
24788 52
24789 741
24790 1138
24791 134
24792 741
24793 11
24794 232
24795 11
24796 11
24797 1463
24798 1502
24799 1359
24800 2220
24801 11
24802 741
24803 1359
24804 184
24805 1138
24806 1397
24807 175
24808 65
24809 1978
24810 1978
24811 11
24812 741
24813 11
24814 2430
24815 52
24816 1122
24817 741
24818 65
24819 1138
24820 2217
24821 2233
24822 1978
24823 1485
24824 1978
24825 1397
24826 741
24827 741
24828 258
24829 1130
24830 182
24831 1138
24832 1978
24833 11
24834 2393
24835 52
24836 52
24837 1110
24838 11
24839 971
24840 971
24841 971
24842 971
24843 971
24844 971
24845 11
24846 2222
24847 295
24848 741
24849 1152
24850 2222
24851 1953
24852 1953
24853 11
24854 1138
24855 2222
24856 53
24857 1359
24858 741
24859 163
24860 1138
24861 182
24862 1359
24863 52
24864 2197
24865 2217
24866 2451
24867 1397
24868 2217
24869 11
24870 11
24871 2217
24872 1138
24873 1130
24874 11
24875 2186
24876 134
24877 741
24878 52
24879 175
24880 11
24881 84
24882 11
24883 2217
24884 1397
24885 741
24886 2217
24887 1359
24888 2217
24889 295
24890 258
24891 1463
24892 258
24893 2217
24894 741
24895 11
24896 52
24897 1138
24898 741
24899 1463
24900 11
24901 204
24902 1359
24903 175
24904 1397
24905 1138
24906 1359
24907 1359
24908 1359
24909 1359
24910 188
24911 1359
24912 1359
24913 258
24914 1359
24915 741
24916 11
24917 2394
24918 36
24919 1130
24920 1266
24921 1266
24922 1359
24923 1266
24924 11
24925 1138
24926 1138
24927 170
24928 2395
24929 69
24930 163
24931 741
24932 1138
24933 741
24934 741
24935 11
24936 1359
24937 11
24938 11
24939 11
24940 2225
24941 11
24942 11
24943 11
24944 1397
24945 2396
24946 1463
24947 11
24948 11
24949 1288
24950 11
24951 741
24952 295
24953 1138
24954 2217
24955 11
24956 11
24957 295
24958 163
24959 741
24960 1266
24961 163
24962 27
24963 258
24964 204
24965 1400
24966 11
24967 1359
24968 11
24969 11
24970 1387
24971 1387
24972 163
24973 1359
24974 272
24975 11
24976 1
24977 204
24978 1138
24979 2211
24980 1953
24981 295
24982 2217
24983 258
24984 1387
24985 741
24986 1266
24987 258
24988 741
24989 62
24990 56
24991 102
24992 65
24993 741
24994 741
24995 1359
24996 11
24997 741
24998 741
24999 295
25000 102
25001 258
25002 1397
25003 65
25004 11
25005 11
25006 741
25007 1359
25008 100
25009 741
25010 2210
25011 741
25012 163
25013 741
25014 741
25015 163
25016 1138
25017 1359
25018 741
25019 2217
25020 52
25021 2217
25022 1138
25023 811
25024 11
25025 2233
25026 741
25027 1266
25028 11
25029 146
25030 295
25031 11
25032 1138
25033 204
25034 1873
25035 295
25036 1359
25037 11
25038 1937
25039 163
25040 11
25041 1138
25042 1359
25043 11
25044 258
25045 1288
25046 146
25047 11
25048 1266
25049 243
25050 11
25051 1359
25052 1138
25053 3
25054 26
25055 1359
25056 1397
25057 1138
25058 741
25059 2236
25060 295
25061 1266
25062 1978
25063 1109
25064 1138
25065 1397
25066 295
25067 295
25068 1953
25069 1953
25070 2233
25071 12
25072 1359
25073 69
25074 1138
25075 741
25076 1953
25077 295
25078 1397
25079 1359
25080 741
25081 1138
25082 163
25083 1978
25084 1288
25085 69
25086 52
25087 258
25088 1397
25089 1978
25090 741
25091 188
25092 2233
25093 1359
25094 1397
25095 2217
25096 11
25097 1118
25098 134
25099 1143
25100 295
25101 258
25102 91
25103 2236
25104 11
25105 1397
25106 1953
25107 104
25108 163
25109 2211
25110 1359
25111 163
25112 204
25113 741
25114 104
25115 104
25116 2211
25117 1359
25118 295
25119 272
25120 1288
25121 1359
25122 1138
25123 2397
25124 204
25125 295
25126 258
25127 45
25128 82
25129 2233
25130 1138
25131 258
25132 2217
25133 163
25134 1397
25135 163
25136 204
25137 204
25138 1288
25139 163
25140 741
25141 104
25142 1397
25143 163
25144 11
25145 11
25146 1397
25147 2398
25148 163
25149 52
25150 2239
25151 741
25152 741
25153 1133
25154 163
25155 1266
25156 2479
25157 11
25158 258
25159 741
25160 1953
25161 258
25162 2186
25163 1288
25164 1266
25165 272
25166 741
25167 2217
25168 1
25169 3
25170 104
25171 1953
25172 258
25173 741
25174 295
25175 2217
25176 258
25177 258
25178 163
25179 295
25180 204
25181 104
25182 258
25183 104
25184 146
25185 104
25186 104
25187 2236
25188 3
25189 2211
25190 104
25191 28
25192 741
25193 142
25194 28
25195 52
25196 104
25197 104
25198 741
25199 258
25200 1133
25201 2244
25202 89
25203 1138
25204 2217
25205 2244
25206 11
25207 104
25208 104
25209 52
25210 1130
25211 295
25212 11
25213 2244
25214 2217
25215 1266
25216 2244
25217 11
25218 11
25219 1266
25220 2217
25221 134
25222 134
25223 104
25224 2217
25225 2399
25226 1978
25227 971
25228 258
25229 2244
25230 1160
25231 741
25232 2243
25233 1288
25234 258
25235 1493
25236 1493
25237 295
25238 2244
25239 741
25240 741
25241 971
25242 741
25243 28
25244 295
25245 295
25246 204
25247 741
25248 1387
25249 1359
25250 1359
25251 741
25252 741
25253 295
25254 272
25255 1359
25256 1359
25257 1110
25258 971
25259 134
25260 1138
25261 1138
25262 1397
25263 1288
25264 1288
25265 1397
25266 1133
25267 1138
25268 258
25269 2400
25270 1493
25271 146
25272 741
25273 741
25274 146
25275 104
25276 2211
25277 2244
25278 741
25279 104
25280 28
25281 1493
25282 741
25283 2244
25284 146
25285 1493
25286 741
25287 28
25288 82
25289 2466
25290 1133
25291 258
25292 3
25293 1133
25294 163
25295 1133
25296 146
25297 146
25298 1133
25299 2439
25300 146
25301 146
25302 104
25303 2243
25304 146
25305 811
25306 258
25307 163
25308 1978
25309 146
25310 89
25311 146
25312 11
25313 11
25314 1857
25315 1133
25316 53
25317 11
25318 146
25319 1978
25320 1266
25321 146
25322 1359
25323 3
25324 1493
25325 1978
25326 146
25327 258
25328 258
25329 1978
25330 1133
25331 1978
25332 104
25333 741
25334 1978
25335 258
25336 2439
25337 204
25338 741
25339 258
25340 258
25341 146
25342 1266
25343 741
25344 163
25345 11
25346 2466
25347 204
25348 741
25349 146
25350 295
25351 741
25352 11
25353 52
25354 1502
25355 104
25356 1266
25357 2217
25358 11
25359 272
25360 1138
25361 102
25362 295
25363 163
25364 163
25365 204
25366 149
25367 163
25368 2236
25369 65
25370 258
25371 741
25372 1133
25373 163
25374 741
25375 1266
25376 258
25377 11
25378 163
25379 2217
25380 1122
25381 163
25382 23
25383 295
25384 11
25385 2186
25386 204
25387 11
25388 1138
25389 741
25390 1397
25391 1397
25392 2217
25393 2217
25394 295
25395 295
25396 2217
25397 2217
25398 1138
25399 1138
25400 1359
25401 1138
25402 112
25403 1502
25404 1138
25405 11
25406 45
25407 18
25408 11
25409 1138
25410 1288
25411 741
25412 2401
25413 1138
25414 52
25415 11
25416 65
25417 741
25418 2236
25419 741
25420 1138
25421 741
25422 295
25423 2217
25424 1387
25425 204
25426 971
25427 204
25428 295
25429 2217
25430 741
25431 1138
25432 11
25433 258
25434 1138
25435 103
25436 2217
25437 1138
25438 1397
25439 11
25440 2217
25441 146
25442 1138
25443 2236
25444 1397
25445 1288
25446 1359
25447 2217
25448 1138
25449 1463
25450 1359
25451 1138
25452 182
25453 1493
25454 1138
25455 2236
25456 1359
25457 295
25458 163
25459 163
25460 163
25461 2217
25462 2239
25463 741
25464 2170
25465 2250
25466 1937
25467 1857
25468 295
25469 1861
25470 2217
25471 2217
25472 23
25473 741
25474 1110
25475 11
25476 1397
25477 1138
25478 2236
25479 1938
25480 2250
25481 1138
25482 1138
25483 11
25484 1133
25485 204
25486 2266
25487 1266
25488 2252
25489 1138
25490 1138
25491 2217
25492 2236
25493 2217
25494 295
25495 741
25496 2217
25497 146
25498 204
25499 1968
25500 2236
25501 1138
25502 2252
25503 2217
25504 163
25505 1979
25506 1138
25507 2252
25508 163
25509 1359
25510 1359
25511 1138
25512 65
25513 1138
25514 1295
25515 1387
25516 258
25517 2217
25518 1978
25519 1359
25520 2236
25521 2217
25522 2217
25523 163
25524 258
25525 11
25526 214
25527 1857
25528 2217
25529 204
25530 163
25531 2217
25532 741
25533 1978
25534 69
25535 11
25536 741
25537 65
25538 2217
25539 1359
25540 1138
25541 65
25542 1266
25543 146
25544 741
25545 1138
25546 1266
25547 1133
25548 741
25549 1978
25550 1933
25551 212
25552 1978
25553 1978
25554 2402
25555 2403
25556 1138
25557 146
25558 811
25559 741
25560 741
25561 11
25562 258
25563 3
25564 163
25565 295
25566 1160
25567 1138
25568 1387
25569 163
25570 1288
25571 2186
25572 2211
25573 2217
25574 1288
25575 2252
25576 2217
25577 1160
25578 1336
25579 1266
25580 741
25581 185
25582 1152
25583 163
25584 2217
25585 295
25586 1160
25587 184
25588 1295
25589 295
25590 295
25591 1359
25592 2217
25593 82
25594 741
25595 1937
25596 258
25597 741
25598 1635
25599 1635
25600 1937
25601 1295
25602 6
25603 741
25604 146
25605 23
25606 2220
25607 1266
25608 272
25609 104
25610 45
25611 1359
25612 204
25613 741
25614 8
25615 8
25616 2258
25617 1359
25618 2258
25619 104
25620 28
25621 11
25622 258
25623 4
25624 295
25625 1502
25626 741
25627 53
25628 1408
25629 182
25630 295
25631 1288
25632 295
25633 258
25634 2236
25635 2186
25636 11
25637 741
25638 1138
25639 52
25640 11
25641 1295
25642 1857
25643 1857
25644 2211
25645 1110
25646 1138
25647 1295
25648 741
25649 258
25650 258
25651 1138
25652 741
25653 65
25654 1978
25655 1295
25656 91
25657 741
25658 1359
25659 741
25660 1387
25661 1138
25662 146
25663 146
25664 1138
25665 258
25666 11
25667 741
25668 741
25669 1968
25670 243
25671 11
25672 204
25673 1138
25674 11
25675 162
25676 204
25677 741
25678 102
25679 52
25680 1502
25681 162
25682 1110
25683 1122
25684 1288
25685 741
25686 1336
25687 1295
25688 69
25689 1408
25690 1359
25691 204
25692 11
25693 188
25694 258
25695 258
25696 2250
25697 52
25698 182
25699 1266
25700 163
25701 102
25702 1408
25703 1266
25704 2236
25705 258
25706 258
25707 1953
25708 1138
25709 741
25710 1978
25711 1978
25712 146
25713 258
25714 741
25715 65
25716 2236
25717 741
25718 1266
25719 112
25720 1266
25721 1138
25722 741
25723 2479
25724 1138
25725 65
25726 1266
25727 204
25728 1152
25729 1968
25730 102
25731 1397
25732 23
25733 1288
25734 1359
25735 971
25736 741
25737 295
25738 1359
25739 110
25740 184
25741 52
25742 1978
25743 1295
25744 241
25745 1068
25746 1288
25747 295
25748 1604
25749 741
25750 2211
25751 741
25752 11
25753 1953
25754 134
25755 163
25756 11
25757 258
25758 2211
25759 1138
25760 204
25761 1359
25762 1113
25763 1295
25764 1857
25765 295
25766 295
25767 1485
25768 204
25769 2217
25770 188
25771 1138
25772 1113
25773 1408
25774 69
25775 1295
25776 204
25777 1359
25778 1359
25779 1295
25780 2405
25781 102
25782 1138
25783 741
25784 11
25785 131
25786 741
25787 1978
25788 1359
25789 1288
25790 258
25791 134
25792 2210
25793 1397
25794 1288
25795 1978
25796 1408
25797 1397
25798 204
25799 52
25800 11
25801 1485
25802 2217
25803 741
25804 146
25805 185
25806 182
25807 1138
25808 295
25809 1408
25810 741
25811 11
25812 1266
25813 204
25814 741
25815 741
25816 146
25817 1387
25818 12
25819 741
25820 82
25821 1138
25822 100
25823 11
25824 1978
25825 741
25826 11
25827 258
25828 91
25829 741
25830 741
25831 11
25832 295
25833 741
25834 741
25835 243
25836 1978
25837 741
25838 11
25839 1968
25840 741
25841 91
25842 741
25843 11
25844 1138
25845 2439
25846 1295
25847 258
25848 2211
25849 131
25850 131
25851 741
25852 1266
25853 258
25854 258
25855 258
25856 258
25857 258
25858 1720
25859 258
25860 258
25861 258
25862 258
25863 1953
25864 258
25865 185
25866 258
25867 741
25868 1138
25869 1138
25870 1138
25871 258
25872 1138
25873 1138
25874 741
25875 258
25876 1138
25877 1138
25878 82
25879 184
25880 1138
25881 258
25882 258
25883 2504
25884 258
25885 2439
25886 258
25887 82
25888 204
25889 1138
25890 258
25891 258
25892 258
25893 258
25894 1138
25895 258
25896 11
25897 258
25898 1138
25899 1359
25900 1138
25901 149
25902 1978
25903 1387
25904 1138
25905 258
25906 2211
25907 295
25908 741
25909 1397
25910 1138
25911 82
25912 1288
25913 1295
25914 741
25915 127
25916 1138
25917 741
25918 295
25919 741
25920 184
25921 295
25922 39
25923 204
25924 11
25925 1635
25926 1138
25927 1937
25928 1295
25929 100
25930 127
25931 741
25932 1138
25933 1786
25934 1138
25935 163
25936 2263
25937 2211
25938 1359
25939 258
25940 11
25941 2183
25942 1359
25943 741
25944 3
25945 8
25946 1861
25947 2407
25948 1295
25949 1295
25950 52
25951 3
25952 741
25953 258
25954 741
25955 2263
25956 1857
25957 204
25958 741
25959 1408
25960 258
25961 130
25962 1463
25963 258
25964 1408
25965 1408
25966 69
25967 1110
25968 204
25969 11
25970 741
25971 204
25972 204
25973 741
25974 134
25975 2265
25976 11
25977 2265
25978 1160
25979 741
25980 204
25981 741
25982 1359
25983 2266
25984 12
25985 1138
25986 204
25987 1138
25988 182
25989 2217
25990 741
25991 2466
25992 741
25993 1138
25994 184
25995 741
25996 11
25997 741
25998 112
25999 741
26000 82
26001 2220
26002 1387
26003 1138
26004 741
26005 146
26006 1295
26007 1138
26008 1138
26009 2211
26010 146
26011 2263
26012 1408
26013 1397
26014 741
26015 11
26016 29
26017 11
26018 1138
26019 146
26020 11
26021 1288
26022 258
26023 204
26024 204
26025 163
26026 1387
26027 1138
26028 11
26029 2217
26030 2408
26031 91
26032 741
26033 1113
26034 131
26035 1110
26036 1973
26037 1295
26038 741
26039 741
26040 1387
26041 11
26042 146
26043 2211
26044 741
26045 2211
26046 272
26047 1143
26048 1143
26049 2233
26050 2250
26051 1397
26052 1288
26053 1397
26054 1138
26055 3
26056 57
26057 11
26058 1857
26059 741
26060 11
26061 2236
26062 146
26063 146
26064 2236
26065 1359
26066 741
26067 1978
26068 11
26069 131
26070 971
26071 12
26072 741
26073 741
26074 2409
26075 741
26076 11
26077 1138
26078 204
26079 741
26080 1953
26081 1138
26082 2263
26083 10
26084 741
26085 295
26086 295
26087 1138
26088 741
26089 12
26090 11
26091 741
26092 1397
26093 1288
26094 741
26095 741
26096 741
26097 69
26098 1397
26099 3
26100 1266
26101 134
26102 1978
26103 741
26104 11
26105 1143
26106 2263
26107 1359
26108 11
26109 741
26110 295
26111 11
26112 741
26113 1359
26114 2410
26115 741
26116 204
26117 741
26118 741
26119 258
26120 184
26121 2233
26122 258
26123 1
26124 102
26125 11
26126 258
26127 1160
26128 741
26129 11
26130 27
26131 1857
26132 146
26133 23
26134 1786
26135 1113
26136 1138
26137 11
26138 2236
26139 53
26140 1288
26141 11
26142 146
26143 1138
26144 295
26145 131
26146 52
26147 1138
26148 1138
26149 52
26150 1138
26151 258
26152 1138
26153 20
26154 11
26155 1978
26156 741
26157 741
26158 11
26159 1143
26160 20
26161 741
26162 2412
26163 258
26164 11
26165 2236
26166 2263
26167 146
26168 1359
26169 741
26170 69
26171 69
26172 2217
26173 11
26174 1978
26175 1978
26176 2263
26177 2263
26178 2217
26179 11
26180 1978
26181 2217
26182 1266
26183 1113
26184 295
26185 2236
26186 146
26187 1138
26188 1978
26189 2243
26190 741
26191 52
26192 1295
26193 69
26194 1359
26195 1359
26196 741
26197 741
26198 11
26199 69
26200 741
26201 1295
26202 1978
26203 184
26204 1937
26205 204
26206 741
26207 2233
26208 53
26209 1978
26210 258
26211 11
26212 204
26213 1978
26214 2413
26215 258
26216 11
26217 741
26218 2211
26219 1387
26220 2263
26221 741
26222 11
26223 1978
26224 741
26225 741
26226 1978
26227 1359
26228 2233
26229 11
26230 1138
26231 1068
26232 11
26233 1133
26234 741
26235 741
26236 2414
26237 1295
26238 2233
26239 104
26240 146
26241 182
26242 1138
26243 1113
26244 1359
26245 11
26246 1359
26247 1138
26248 2211
26249 69
26250 1138
26251 741
26252 1138
26253 1359
26254 102
26255 11
26256 1359
26257 11
26258 741
26259 1138
26260 1138
26261 2233
26262 2415
26263 1160
26264 163
26265 1359
26266 2236
26267 2416
26268 23
26269 1138
26270 2236
26271 112
26272 1359
26273 33
26274 2186
26275 1359
26276 2211
26277 1978
26278 741
26279 258
26280 11
26281 2211
26282 258
26283 258
26284 11
26285 104
26286 184
26287 741
26288 741
26289 1978
26290 2211
26291 258
26292 11
26293 741
26294 258
26295 741
26296 741
26297 741
26298 1978
26299 1979
26300 204
26301 741
26302 2274
26303 131
26304 741
26305 11
26306 741
26307 2417
26308 182
26309 11
26310 129
26311 184
26312 1160
26313 1979
26314 741
26315 1113
26316 11
26317 258
26318 295
26319 741
26320 11
26321 258
26322 741
26323 2211
26324 258
26325 10
26326 82
26327 1143
26328 2225
26329 204
26330 11
26331 2211
26332 11
26333 11
26334 741
26335 1295
26336 1359
26337 258
26338 741
26339 1113
26340 131
26341 258
26342 295
26343 258
26344 258
26345 258
26346 1138
26347 741
26348 52
26349 741
26350 741
26351 2211
26352 11
26353 295
26354 258
26355 741
26356 258
26357 1953
26358 258
26359 131
26360 131
26361 11
26362 741
26363 185
26364 258
26365 2439
26366 1359
26367 741
26368 741
26369 741
26370 1068
26371 146
26372 2236
26373 258
26374 1968
26375 1380
26376 11
26377 1359
26378 741
26379 175
26380 204
26381 741
26382 4
26383 1463
26384 1118
26385 1295
26386 1138
26387 184
26388 52
26389 258
26390 2439
26391 2233
26392 69
26393 2504
26394 1979
26395 2211
26396 258
26397 3
26398 2225
26399 11
26400 741
26401 11
26402 146
26403 146
26404 65
26405 1359
26406 258
26407 1068
26408 258
26409 1463
26410 106
26411 1387
26412 1138
26413 295
26414 2418
26415 1493
26416 184
26417 1138
26418 741
26419 146
26420 741
26421 146
26422 214
26423 1387
26424 175
26425 741
26426 741
26427 741
26428 204
26429 1397
26430 11
26431 258
26432 1463
26433 1133
26434 52
26435 1143
26436 295
26437 741
26438 65
26439 1953
26440 204
26441 741
26442 1113
26443 295
26444 2211
26445 1585
26446 1138
26447 52
26448 741
26449 741
26450 1387
26451 2236
26452 1138
26453 1585
26454 1786
26455 1138
26456 2236
26457 11
26458 131
26459 1397
26460 295
26461 741
26462 188
26463 1979
26464 11
26465 741
26466 1143
26467 11
26468 100
26469 295
26470 2233
26471 2236
26472 2211
26473 2274
26474 131
26475 36
26476 131
26477 14
26478 214
26479 204
26480 258
26481 1266
26482 1397
26483 741
26484 741
26485 1138
26486 1857
26487 2277
26488 1463
26489 2277
26490 1138
26491 184
26492 1463
26493 1493
26494 1463
26495 741
26496 1463
26497 1138
26498 1463
26499 3
26500 1493
26501 1463
26502 2236
26503 89
26504 65
26505 2236
26506 2277
26507 62
26508 1463
26509 2211
26510 1138
26511 1463
26512 2211
26513 1463
26514 1463
26515 69
26516 741
26517 741
26518 741
26519 258
26520 295
26521 295
26522 1266
26523 52
26524 52
26525 52
26526 52
26527 52
26528 65
26529 741
26530 163
26531 1266
26532 1
26533 163
26534 11
26535 258
26536 1463
26537 1463
26538 100
26539 204
26540 184
26541 2236
26542 1266
26543 184
26544 11
26545 295
26546 1359
26547 1968
26548 295
26549 1138
26550 971
26551 741
26552 3
26553 163
26554 1493
26555 53
26556 741
26557 1493
